Time,TemperatureC,DewpointC,PressurehPa,WindDirection,WindDirectionDegrees,WindSpeedKMH,WindSpeedGustKMH,Humidity,HourlyPrecipMM,Conditions,Clouds,dailyrainMM,SoftwareType,DateUTC
                
2018-12-01 00:00:00,-13.5208333333,-14.8667905953,1025.0,  ,  ,0.0,0.0,89.5291666667,0.0,  ,  ,0.0,  ,  
2018-12-01 00:05:00,-13.6870833333,-14.9436442003,1025.0,  ,  ,0.0,0.0,90.1791666667,0.0,  ,  ,0.0,  ,  
2018-12-01 00:10:00,-13.7770833333,-14.8618383548,1025.0,  ,  ,0.0,0.0,91.4625,0.0,  ,  ,0.0,  ,  
2018-12-01 00:15:00,-13.9041666667,-15.120448463,1025.0,  ,  ,0.0,0.0,90.4625,0.0,  ,  ,0.0,  ,  
2018-12-01 00:20:00,-14.1141666667,-15.3403848448,1025.0,  ,  ,0.0,0.0,90.3708333333,0.0,  ,  ,0.0,  ,  
2018-12-01 00:25:00,-14.2370833333,-15.3784531222,1025.0,  ,  ,0.0,0.0,91.0,0.0,  ,  ,0.0,  ,  
2018-12-01 00:30:00,-14.3,-15.4407288075,1025.0,  ,  ,0.0,0.0,91.0,0.0,  ,  ,0.0,  ,  
2018-12-01 00:35:00,-14.3570833333,-15.5192772451,1025.0,  ,  ,0.0,0.0,90.8333333333,0.0,  ,  ,0.0,  ,  
2018-12-01 00:40:00,-14.4170833333,-15.5478159861,1025.0,  ,  ,0.0,0.0,91.0666666667,0.0,  ,  ,0.0,  ,  
2018-12-01 00:45:00,-14.56375,-15.7326121152,1025.0,  ,  ,0.0,0.0,90.7666666667,0.0,  ,  ,0.0,  ,  
2018-12-01 00:50:00,-14.69375,-15.8085268844,1024.99536853,  ,  ,0.0,0.0,91.1666666667,0.0,  ,  ,0.0,  ,  
2018-12-01 00:55:00,-14.7,-15.8229391075,1024.9,  ,  ,0.0,0.0,91.1041666667,0.0,  ,  ,0.0,  ,  
2018-12-01 01:00:00,-14.7404166667,-15.8470592597,1024.9,  ,  ,0.0,0.0,91.225,0.0,  ,  ,0.0,  ,  
2018-12-01 01:05:00,-14.8,-16.0408235874,1024.89542971,  ,  ,0.0,0.0,90.2041666667,0.0,  ,  ,0.0,  ,  
2018-12-01 01:10:00,-14.8504166667,-16.1050560614,1024.8,  ,  ,0.0,0.0,90.0958333333,0.0,  ,  ,0.0,  ,  
2018-12-01 01:15:00,-14.9,-16.0384620471,1024.8,  ,  ,0.0,0.0,90.9708333333,0.0,  ,  ,0.0,  ,  
2018-12-01 01:20:00,-14.9133333333,-16.1225569823,1024.79542744,  ,  ,0.0,0.0,90.4333333333,0.0,  ,  ,0.0,  ,  
2018-12-01 01:25:00,-14.9,-16.017646278,1024.7,  ,  ,0.0,0.0,91.1291666667,0.0,  ,  ,0.0,  ,  
2018-12-01 01:30:00,-15.0075,-16.2416069529,1024.7,  ,  ,0.0,0.0,90.2375,0.0,  ,  ,0.0,  ,  
2018-12-01 01:35:00,-15.1,-16.3474235417,1024.69534535,  ,  ,0.0,0.0,90.1291666667,0.0,  ,  ,0.0,  ,  
2018-12-01 01:40:00,-15.11,-16.2375703854,1024.6,  ,  ,0.0,0.0,91.0375,0.0,  ,  ,0.0,  ,  
2018-12-01 01:45:00,-15.2004166667,-16.38895752,1024.6,  ,  ,0.0,0.0,90.5666666667,0.0,  ,  ,0.0,  ,  
2018-12-01 01:50:00,-15.29375,-16.3981900644,1024.6,  ,  ,0.0,0.0,91.2,0.0,  ,  ,0.0,  ,  
2018-12-01 01:55:00,-15.31,-16.4886023725,1024.6,  ,  ,0.0,0.0,90.6333333333,0.0,  ,  ,0.0,  ,  
2018-12-01 02:00:00,-15.3704166667,-16.5620804962,1024.6,  ,  ,0.0,0.0,90.5291666667,0.0,  ,  ,0.0,  ,  
2018-12-01 02:05:00,-15.4470833333,-16.7076940384,1024.6,  ,  ,0.0,0.0,90.0,0.0,  ,  ,0.0,  ,  
2018-12-01 02:10:00,-15.5904166667,-16.8444567837,1024.6,  ,  ,0.0,0.0,90.0375,0.0,  ,  ,0.0,  ,  
2018-12-01 02:15:00,-15.60375,-16.7312367974,1024.6,  ,  ,0.0,0.0,91.0,0.0,  ,  ,0.0,  ,  
2018-12-01 02:20:00,-15.6733333333,-16.8001155445,1024.59531639,  ,  ,0.0,0.0,91.0,0.0,  ,  ,0.0,  ,  
2018-12-01 02:25:00,-15.7,-16.8265122481,1024.5,  ,  ,0.0,0.0,91.0,0.0,  ,  ,0.0,  ,  
2018-12-01 02:30:00,-15.7204166667,-16.9653063746,1024.5,  ,  ,0.0,0.0,90.0958333333,0.0,  ,  ,0.0,  ,  
2018-12-01 02:35:00,-15.8,-17.0040178363,1024.49522863,  ,  ,0.0,0.0,90.4,0.0,  ,  ,0.0,  ,  
2018-12-01 02:40:00,-15.86375,-17.0977207881,1024.4,  ,  ,0.0,0.0,90.1666666667,0.0,  ,  ,0.0,  ,  
2018-12-01 02:45:00,-15.9304166667,-17.2163120016,1024.4,  ,  ,0.0,0.0,89.7666666667,0.0,  ,  ,0.0,  ,  
2018-12-01 02:50:00,-16.0470833333,-17.3009160669,1024.4,  ,  ,0.0,0.0,90.0,0.0,  ,  ,0.0,  ,  
2018-12-01 02:55:00,-16.1,-17.3526882693,1024.4,  ,  ,0.0,0.0,90.0041666667,0.0,  ,  ,0.0,  ,  
2018-12-01 03:00:00,-16.1,-17.2795195358,1024.4,  ,  ,0.0,1.30000646332,90.5625,0.0,  ,  ,0.0,  ,  
2018-12-01 03:05:00,-16.1,-17.2479742801,1024.4,  ,  ,0.0,0.900004474609,90.8041666667,0.0,  ,  ,0.0,  ,  
2018-12-01 03:10:00,-15.8716666667,-16.9964417982,1024.4,  ,  ,0.0,1.10000546897,91.0,0.0,  ,  ,0.0,  ,  
2018-12-01 03:15:00,-15.4920833333,-16.7043722559,1024.4,  ,  ,0.0,1.4000069605,90.3625,0.0,  ,  ,0.0,  ,  
2018-12-01 03:20:00,-15.3829166667,-16.7688303165,1024.39045726,  ,  ,0.0,0.80000397743,89.0625,0.0,  ,  ,0.0,  ,  
2018-12-01 03:25:00,-15.2929166667,-16.6482538868,1024.2,  ,  ,0.0,0.80000397743,89.3,0.0,  ,  ,0.0,  ,  
2018-12-01 03:30:00,-15.2,-16.5965483864,1024.2,  ,  ,0.0,0.80000397743,89.0,0.0,  ,  ,0.0,  ,  
2018-12-01 03:35:00,-15.22375,-16.6557233307,1024.2,  ,  ,0.0,1.10000546897,88.7333333333,0.0,  ,  ,0.0,  ,  
2018-12-01 03:40:00,-15.3,-16.6685865063,1024.2,  ,  ,0.0,0.600002983073,89.2,0.0,  ,  ,0.0,  ,  
2018-12-01 03:45:00,-15.2729166667,-16.6590842561,1024.2,  ,  ,0.0,0.80000397743,89.0708333333,0.0,  ,  ,0.0,  ,  
2018-12-01 03:50:00,-15.23375,-16.5598326016,1024.204769,  ,  ,0.0,0.0,89.525,0.0,  ,  ,0.0,  ,  
2018-12-01 03:55:00,-15.3875,-16.8704972152,1024.3,  ,  ,0.0,0.0,88.3375,0.0,  ,  ,0.0,  ,  
2018-12-01 04:00:00,-15.58375,-16.9755002995,1024.3,  ,  ,0.0,0.0,89.0,0.0,  ,  ,0.0,  ,  
2018-12-01 04:05:00,-15.6904166667,-17.0808347533,1024.3,  ,  ,0.0,0.0,89.0,0.0,  ,  ,0.0,  ,  
2018-12-01 04:10:00,-15.7670833333,-17.1565442834,1024.3,  ,  ,0.0,0.0,89.0,0.0,  ,  ,0.0,  ,  
2018-12-01 04:15:00,-15.8504166667,-17.2388376225,1024.3,  ,  ,0.0,0.0,89.0,0.0,  ,  ,0.0,  ,  
2018-12-01 04:20:00,-15.9,-17.2341681641,1024.29515726,  ,  ,0.0,0.0,89.4041666667,0.0,  ,  ,0.0,  ,  
2018-12-01 04:25:00,-15.9804166667,-17.182482739,1024.2,  ,  ,0.0,0.0,90.4,0.0,  ,  ,0.0,  ,  
2018-12-01 04:30:00,-16.0770833333,-17.3305776453,1024.2,  ,  ,0.0,0.600002983073,90.0,0.0,  ,  ,0.0,  ,  
2018-12-01 04:35:00,-16.1,-17.353235826,1024.19522863,  ,  ,0.0,0.0,90.0,0.0,  ,  ,0.0,  ,  
2018-12-01 04:40:00,-16.16375,-17.5090775543,1024.1,  ,  ,0.0,0.0,89.2958333333,0.0,  ,  ,0.0,  ,  
2018-12-01 04:45:00,-16.2004166667,-17.5844738715,1024.1,  ,  ,0.0,0.0,89.0,0.0,  ,  ,0.0,  ,  
2018-12-01 04:50:00,-16.3,-17.5986197398,1024.09045726,  ,  ,0.0,0.0,89.6375,0.0,  ,  ,0.0,  ,  
2018-12-01 04:55:00,-16.3033333333,-17.5805382316,1023.9,  ,  ,0.0,1.4000069605,89.8,0.0,  ,  ,0.0,  ,  
2018-12-01 05:00:00,-16.2995833333,-17.4938457803,1023.9,  ,  ,0.0,1.30000646332,90.4333333333,0.0,  ,  ,0.0,  ,  
2018-12-01 05:05:00,-16.17625,-17.3451688822,1023.89521197,  ,  ,0.0,1.10000546897,90.6375,0.0,  ,  ,0.0,  ,  
2018-12-01 05:10:00,-16.0391666667,-17.2717390988,1023.8,  ,  ,0.0,0.80000397743,90.1625,0.0,  ,  ,0.0,  ,  
2018-12-01 05:15:00,-15.88625,-17.1418978243,1023.8,  ,  ,0.0,1.30000646332,90.0,0.0,  ,  ,0.0,  ,  
2018-12-01 05:20:00,-15.77625,-17.0331399852,1023.8,  ,  ,0.0,1.4000069605,90.0,0.0,  ,  ,0.0,  ,  
2018-12-01 05:25:00,-15.68625,-16.9799290141,1023.8,  ,  ,0.277501379671,1.10000546897,89.7291666667,0.0,  ,  ,0.0,  ,  
2018-12-01 05:30:00,-15.6,-16.9915473043,1023.8,  ,  ,0.600002983073,0.80000397743,89.0,0.0,  ,  ,0.0,  ,  
2018-12-01 05:35:00,-15.6770833333,-17.0676679119,1023.79522863,  ,  ,0.322501603402,0.600002983073,89.0,0.0,  ,  ,0.0,  ,  
2018-12-01 05:40:00,-15.62625,-17.01746942,1023.7,  ,  ,0.0,1.4000069605,89.0,0.0,  ,  ,0.0,  ,  
2018-12-01 05:45:00,-15.6,-16.9915473043,1023.7,  ,  ,0.277501379671,1.80000894922,89.0,0.0,  ,  ,0.0,  ,  
2018-12-01 05:50:00,-15.6,-16.9915473043,1023.69051423,  ,  ,0.600002983073,0.900004474609,89.0,0.0,  ,  ,0.0,  ,  
2018-12-01 05:55:00,-15.6570833333,-17.0479176684,1023.5,  ,  ,0.322501603402,1.4000069605,89.0,0.0,  ,  ,0.0,  ,  
2018-12-01 06:00:00,-15.7,-17.090853481,1023.5,  ,  ,0.0,1.4000069605,88.9958333333,0.0,  ,  ,0.0,  ,  
2018-12-01 06:05:00,-15.7470833333,-17.1312470102,1023.49045726,  ,  ,0.0,0.600002983073,89.0416666667,0.0,  ,  ,0.0,  ,  
2018-12-01 06:10:00,-15.81375,-17.1500573878,1023.3,  ,  ,0.0,0.0,89.3958333333,0.0,  ,  ,0.0,  ,  
2018-12-01 06:15:00,-15.9004166667,-17.1729204872,1023.3,  ,  ,0.0,0.0,89.8708333333,0.0,  ,  ,0.0,  ,  
2018-12-01 06:20:00,-16.03375,-17.3850668502,1023.290462,  ,  ,0.0,0.0,89.2625,0.0,  ,  ,0.0,  ,  
2018-12-01 06:25:00,-16.1,-17.3308045335,1023.1,  ,  ,0.0,0.0,90.1708333333,0.0,  ,  ,0.0,  ,  
2018-12-01 06:30:00,-16.1204166667,-17.3821846081,1023.1,  ,  ,0.0,0.0,89.9333333333,0.0,  ,  ,0.0,  ,  
2018-12-01 06:35:00,-16.2,-17.4521081974,1023.10475475,  ,  ,0.0,0.0,90.0,0.0,  ,  ,0.0,  ,  
2018-12-01 06:40:00,-16.17625,-17.2400976539,1023.2,  ,  ,0.0,0.0,91.4458333333,0.0,  ,  ,0.0,  ,  
2018-12-01 06:45:00,-16.0933054393,-17.018035491,1023.2,  ,  ,0.0,0.0,92.5313807531,0.0,  ,  ,0.0,  ,  
2018-12-01 06:50:00,-15.99,-16.9367450795,1023.19537313,  ,  ,0.0,0.0,92.3666666667,0.0,  ,  ,0.0,  ,  
2018-12-01 06:55:00,-15.9066666667,-16.9617476054,1023.1,  ,  ,0.0,0.0,91.5333333333,0.0,  ,  ,0.0,  ,  
2018-12-01 07:00:00,-15.9,-17.0244885512,1023.1,  ,  ,0.0,0.0,91.0,0.0,  ,  ,0.0,  ,  
2018-12-01 07:05:00,-15.9,-17.0244885512,1023.09085487,  ,  ,0.0,0.0,91.0,0.0,  ,  ,0.0,  ,  
2018-12-01 07:10:00,-15.9,-17.0244885512,1022.9,  ,  ,0.0,0.0,91.0,0.0,  ,  ,0.0,  ,  
2018-12-01 07:15:00,-15.8366666667,-16.8578554303,1022.9,  ,  ,0.0,0.0,91.8,0.0,  ,  ,0.0,  ,  
2018-12-01 07:20:00,-15.8,-16.8128975418,1022.9,  ,  ,0.0,0.0,91.8666666667,0.0,  ,  ,0.0,  ,  
2018-12-01 07:25:00,-15.8,-16.9255001734,1022.9,  ,  ,0.0,0.0,91.0,0.0,  ,  ,0.0,  ,  
2018-12-01 07:30:00,-15.8,-16.9255001734,1022.9,  ,  ,0.0,0.0,91.0,0.0,  ,  ,0.0,  ,  
2018-12-01 07:35:00,-15.8,-16.9255001734,1022.88599106,  ,  ,0.0,0.0,91.0,0.0,  ,  ,0.0,  ,  
2018-12-01 07:40:00,-15.7933333333,-16.9189009643,1022.6,  ,  ,0.0,0.0,91.0,0.0,  ,  ,0.0,  ,  
2018-12-01 07:45:00,-15.7666666667,-16.892504148,1022.6,  ,  ,0.0,0.0,91.0,0.0,  ,  ,0.0,  ,  
2018-12-01 07:50:00,-15.7866666667,-16.9123017572,1022.59538003,  ,  ,0.0,0.0,91.0,0.0,  ,  ,0.0,  ,  
2018-12-01 07:55:00,-15.7966666667,-16.9744956982,1022.5,  ,  ,0.0,0.0,90.6,0.0,  ,  ,0.0,  ,  
2018-12-01 08:00:00,-15.8,-16.9255001734,1022.5,  ,  ,0.0,0.0,91.0,0.0,  ,  ,0.0,  ,  
2018-12-01 08:05:00,-15.8,-16.9255001734,1022.50465465,  ,  ,0.0,0.0,91.0,0.0,  ,  ,0.0,  ,  
2018-12-01 08:10:00,-15.8,-16.9255001734,1022.6,  ,  ,0.0,0.0,91.0,0.0,  ,  ,0.0,  ,  
2018-12-01 08:15:00,-15.79,-16.8938709495,1022.6,  ,  ,0.0,0.0,91.1666666667,0.0,  ,  ,0.0,  ,  
2018-12-01 08:20:00,-15.73,-16.7867584266,1022.6,  ,  ,0.0,0.0,91.5333333333,0.0,  ,  ,0.0,  ,  
2018-12-01 08:25:00,-15.78,-16.8709477894,1022.6,  ,  ,0.0,0.0,91.2666666667,0.0,  ,  ,0.0,  ,  
2018-12-01 08:30:00,-15.8,-16.9821608327,1022.6,  ,  ,0.0,0.0,90.5666666667,0.0,  ,  ,0.0,  ,  
2018-12-01 08:35:00,-15.8,-16.9996435601,1022.60467197,  ,  ,0.0,0.0,90.4333333333,0.0,  ,  ,0.0,  ,  
2018-12-01 08:40:00,-15.84,-17.148964075,1022.7,  ,  ,0.0,0.0,89.6,0.0,  ,  ,0.0,  ,  
2018-12-01 08:45:00,-15.9166666667,-17.2688545589,1022.7,  ,  ,0.0,0.0,89.2666666667,0.0,  ,  ,0.0,  ,  
2018-12-01 08:50:00,-16.0,-17.2105915003,1022.69534767,  ,  ,0.0,0.0,90.3333333333,0.0,  ,  ,0.0,  ,  
2018-12-01 08:55:00,-16.02,-17.143275202,1022.6,  ,  ,0.0,0.0,91.0,0.0,  ,  ,0.0,  ,  
2018-12-01 09:00:00,-16.0066666667,-17.0910633386,1022.6,  ,  ,0.0,0.0,91.3,0.0,  ,  ,0.0,  ,  
2018-12-01 09:05:00,-15.91,-16.9391404384,1022.60462227,  ,  ,0.0,0.0,91.7333333333,0.0,  ,  ,0.0,  ,  
2018-12-01 09:10:00,-15.8466666667,-16.9716946934,1022.7,  ,  ,0.0,0.0,91.0,0.0,  ,  ,0.0,  ,  
2018-12-01 09:15:00,-15.76,-16.8772061862,1022.7,  ,  ,0.0,0.0,91.0666666667,0.0,  ,  ,0.0,  ,  
2018-12-01 09:20:00,-15.6233333333,-16.6205740683,1022.7,  ,  ,0.0,0.0,92.0,0.0,  ,  ,0.0,  ,  
2018-12-01 09:25:00,-15.38,-16.336259356,1022.7,  ,  ,0.0,0.0,92.3333333333,0.0,  ,  ,0.0,  ,  
2018-12-01 09:30:00,-15.0333333333,-15.8549506217,1022.7,  ,  ,0.0,0.0,93.4,0.0,  ,  ,0.0,  ,  
2018-12-01 09:35:00,-14.5933333333,-15.3581908534,1022.70468361,  ,  ,0.0,0.0,93.8666666667,0.0,  ,  ,0.0,  ,  
2018-12-01 09:40:00,-14.16,-15.1006462342,1022.8,  ,  ,0.0,0.600002983073,92.5333333333,0.0,  ,  ,0.0,  ,  
2018-12-01 09:45:00,-13.7933333333,-14.8070395942,1022.8,  ,  ,0.0,0.0,92.0,0.0,  ,  ,0.0,  ,  
2018-12-01 09:50:00,-13.51,-14.4999172129,1022.79075547,  ,  ,0.0,0.0,92.2,0.0,  ,  ,0.0,  ,  
2018-12-01 09:55:00,-13.3133891213,-14.4815042113,1022.6,  ,  ,0.0,0.0,90.870292887,0.0,  ,  ,0.0,  ,  
2018-12-01 10:00:00,-13.2333333333,-14.5951566377,1022.6,  ,  ,0.0,0.0,89.4375,0.0,  ,  ,0.0,  ,  
2018-12-01 10:05:00,-13.2304166667,-14.5618044329,1022.59084577,  ,  ,0.0,0.0,89.6625,0.0,  ,  ,0.0,  ,  
2018-12-01 10:10:00,-13.2,-14.4861565655,1022.4,  ,  ,0.0,0.0,90.0,0.0,  ,  ,0.0,  ,  
2018-12-01 10:15:00,-13.1804166667,-14.4667969842,1022.4,  ,  ,0.0,0.0,90.0,0.0,  ,  ,0.0,  ,  
2018-12-01 10:20:00,-13.0970833333,-14.2735085687,1022.4,  ,  ,0.0,0.80000397743,90.825,0.0,  ,  ,0.0,  ,  
2018-12-01 10:25:00,-12.7225,-13.6631514595,1022.4,  ,  ,0.0,1.10000546897,92.625,0.0,  ,  ,0.0,  ,  
2018-12-01 10:30:00,-12.0295833333,-12.9075742666,1022.4,  ,  ,0.0,1.30000646332,93.1416666667,0.0,  ,  ,0.0,  ,  
2018-12-01 10:35:00,-11.4020833333,-12.5493631845,1022.39085941,  ,  ,0.0,1.10000546897,91.1708333333,0.0,  ,  ,0.0,  ,  
2018-12-01 10:40:00,-10.935,-12.2145275896,1022.2,  ,  ,0.0,1.60000795486,90.2375,0.0,  ,  ,0.0,  ,  
2018-12-01 10:45:00,-10.6279166667,-12.0770378658,1022.2,  ,  ,0.0,1.60000795486,89.0375,0.0,  ,  ,0.0,  ,  
2018-12-01 10:50:00,-10.3975,-11.8961504488,1022.2,  ,  ,0.0,1.4000069605,88.7041666667,0.0,  ,  ,0.0,  ,  
2018-12-01 10:55:00,-10.24375,-11.8995111739,1022.2,  ,  ,0.0,1.60000795486,87.6041666667,0.0,  ,  ,0.0,  ,  
2018-12-01 11:00:00,-10.1504166667,-11.7850838539,1022.2,  ,  ,0.0,0.900004474609,87.7625,0.0,  ,  ,0.0,  ,  
2018-12-01 11:05:00,-9.855,-11.4927155489,1022.19095427,  ,  ,0.0,0.80000397743,87.7708333333,0.0,  ,  ,0.0,  ,  
2018-12-01 11:10:00,-9.62375,-11.45100487,1022.0,  ,  ,0.0,2.10001044075,86.4708333333,0.0,  ,  ,0.0,  ,  
2018-12-01 11:15:00,-9.4675,-11.3364126944,1022.0,  ,  ,0.0,1.10000546897,86.2,0.0,  ,  ,0.0,  ,  
2018-12-01 11:20:00,-9.39708333333,-11.3349252664,1021.98628912,  ,  ,0.0,2.30001143511,85.7333333333,0.0,  ,  ,0.0,  ,  
2018-12-01 11:25:00,-9.25708333333,-11.1584735594,1021.7,  ,  ,0.272501354812,1.4000069605,86.0,0.0,  ,  ,0.0,  ,  
2018-12-01 11:30:00,-9.04458333333,-10.992648661,1021.7,  ,  ,0.600002983073,0.600002983073,85.7041666667,0.0,  ,  ,0.0,  ,  
2018-12-01 11:35:00,-8.80416666667,-10.8597750966,1021.68632949,  ,  ,0.327501628261,0.600002983073,85.0,0.0,  ,  ,0.0,  ,  
2018-12-01 11:40:00,-8.63708333333,-10.8087397284,1021.4,  ,  ,0.0,0.900004474609,84.2375,0.0,  ,  ,0.0,  ,  
2018-12-01 11:45:00,-8.46125,-10.656119459,1021.4,  ,  ,0.0,2.40001193229,84.1041666667,0.0,  ,  ,0.0,  ,  
2018-12-01 11:50:00,-8.22416666667,-10.5500449574,1021.39547714,  ,  ,0.0,0.600002983073,83.2625,0.0,  ,  ,0.0,  ,  
2018-12-01 11:55:00,-7.89833333333,-10.2547768944,1021.3,  ,  ,0.0,1.10000546897,83.1041666667,0.0,  ,  ,0.0,  ,  
2018-12-01 12:00:00,-7.52791666667,-10.1058641978,1021.3,  ,  ,0.0,1.4000069605,81.7083333333,0.0,  ,  ,0.0,  ,  
2018-12-01 12:05:00,-7.25083333333,-10.0795668598,1021.28628912,  ,  ,0.0,2.30001143511,80.1416666667,0.0,  ,  ,0.0,  ,  
2018-12-01 12:10:00,-7.19666666667,-10.2077517357,1021.0,  ,  ,0.0,2.10001044075,79.0,0.0,  ,  ,0.0,  ,  
2018-12-01 12:15:00,-7.02125,-10.1116700167,1021.0,  ,  ,0.36333513975,1.4000069605,78.5333333333,0.0,  ,  ,0.0,  ,  
2018-12-01 12:20:00,-6.88041666667,-10.0330177024,1020.99095427,  ,  ,0.80000397743,0.900004474609,78.1708333333,0.0,  ,  ,0.0,  ,  
2018-12-01 12:25:00,-6.84958333333,-10.07929575,1020.8,  ,  ,0.436668837681,2.40001193229,77.7,0.0,  ,  ,0.0,  ,  
2018-12-01 12:30:00,-6.9,-10.1330481788,1020.8,  ,  ,0.0,2.60001292665,77.6708333333,0.0,  ,  ,0.0,  ,  
2018-12-01 12:35:00,-6.89666666667,-10.2391879443,1020.79093626,  ,  ,0.36333513975,2.30001143511,77.0,0.0,  ,  ,0.0,  ,  
2018-12-01 12:40:00,-6.81708333333,-10.2104318489,1020.6,  ,  ,0.80000397743,2.30001143511,76.7041666667,0.0,  ,  ,0.0,  ,  
2018-12-01 12:45:00,-6.71416666667,-10.2164671096,1020.6,  ,  ,0.709170192493,1.80000894922,76.0625,0.0,  ,  ,0.0,  ,  
2018-12-01 12:50:00,-6.38791666667,-9.95346314363,1020.59089089,  ,  ,0.600002983073,2.90001441819,75.7416666667,0.0,  ,  ,0.0,  ,  
2018-12-01 12:55:00,-6.1675,-10.0154287355,1020.4,  ,  ,0.69083676801,4.10002038433,74.1083333333,0.0,  ,  ,0.0,  ,  
2018-12-01 13:00:00,-6.18625,-10.2690616701,1020.4,  ,  ,0.80000397743,3.3000164069,72.7375,0.0,  ,  ,0.0,  ,  
2018-12-01 13:05:00,-6.29291666667,-10.3799348266,1020.39547714,  ,  ,1.25417290212,2.80001392101,72.6916666667,0.0,  ,  ,0.0,  ,  
2018-12-01 13:10:00,-6.25041666667,-10.2676447187,1020.3,  ,  ,1.80000894922,3.10001541254,73.1041666667,0.0,  ,  ,0.0,  ,  
2018-12-01 13:15:00,-6.20666666667,-10.2829925045,1020.3,  ,  ,1.391256917,3.60001789844,72.7708333333,0.0,  ,  ,0.0,  ,  
2018-12-01 13:20:00,-6.13708333333,-10.3317983838,1020.29085941,  ,  ,0.900004474609,3.3000164069,72.1041666667,0.0,  ,  ,0.0,  ,  
2018-12-01 13:25:00,-6.11625,-10.3539914852,1020.1,  ,  ,1.12708893695,2.60001292665,71.8625,0.0,  ,  ,0.0,  ,  
2018-12-01 13:30:00,-6.14041666667,-10.3532163129,1020.1,  ,  ,1.4000069605,3.3000164069,72.0,0.0,  ,  ,0.0,  ,  
2018-12-01 13:35:00,-6.17,-10.4745507351,1020.09085487,  ,  ,1.35459006803,3.90001938997,71.4708333333,0.0,  ,  ,0.0,  ,  
2018-12-01 13:40:00,-6.12,-10.4859364185,1019.9,  ,  ,1.30000646332,3.80001889279,71.1333333333,0.0,  ,  ,0.0,  ,  
2018-12-01 13:45:00,-6.08708333333,-10.5251654469,1019.9,  ,  ,1.34542335579,2.60001292665,70.7333333333,0.0,  ,  ,0.0,  ,  
2018-12-01 13:50:00,-5.95375,-10.3495239523,1019.89100899,  ,  ,1.4000069605,2.40001193229,71.0,0.0,  ,  ,0.0,  ,  
2018-12-01 13:55:00,-5.9,-10.4576339788,1019.7,  ,  ,1.17292249816,3.40001690408,70.1041666667,0.0,  ,  ,0.0,  ,  
2018-12-01 14:00:00,-5.89666666667,-10.383578777,1019.7,  ,  ,0.900004474609,2.80001392101,70.5,0.0,  ,  ,0.0,  ,  
2018-12-01 14:05:00,-5.89666666667,-10.4731347336,1019.68628912,  ,  ,0.990838259547,2.30001143511,70.0,0.0,  ,  ,0.0,  ,  
2018-12-01 14:10:00,-5.89333333333,-10.3625293511,1019.4,  ,  ,1.10000546897,3.80001889279,70.6,0.0,  ,  ,0.0,  ,  
2018-12-01 14:15:00,-5.9,-10.4763377478,1019.4,  ,  ,0.872921006623,1.60000795486,70.0,0.0,  ,  ,0.0,  ,  
2018-12-01 14:20:00,-5.89333333333,-10.5059144766,1019.39547714,  ,  ,0.600002983073,1.60000795486,69.8,0.0,  ,  ,0.0,  ,  
2018-12-01 14:25:00,-5.89,-10.6468123551,1019.3,  ,  ,0.600002983073,3.40001690408,69.0041666667,0.0,  ,  ,0.0,  ,  
2018-12-01 14:30:00,-5.89666666667,-10.6236667039,1019.3,  ,  ,0.600002983073,2.60001292665,69.1666666667,0.0,  ,  ,0.0,  ,  
2018-12-01 14:35:00,-5.9,-10.687528555,1019.29085941,  ,  ,0.736253660479,2.40001193229,68.8333333333,0.0,  ,  ,0.0,  ,  
2018-12-01 14:40:00,-5.9,-10.7484534763,1019.1,  ,  ,0.900004474609,2.90001441819,68.5,0.0,  ,  ,0.0,  ,  
2018-12-01 14:45:00,-5.9,-10.7660181932,1019.1,  ,  ,0.900004474609,3.40001690408,68.4041666667,0.0,  ,  ,0.0,  ,  
2018-12-01 14:50:00,-5.91291666667,-10.6824517503,1019.0909,  ,  ,0.900004474609,1.9000094464,68.9291666667,0.0,  ,  ,0.0,  ,  
2018-12-01 14:55:00,-6.03291666667,-10.7846829638,1018.9,  ,  ,0.854587582141,2.60001292665,69.0,0.0,  ,  ,0.0,  ,  
2018-12-01 15:00:00,-6.09666666667,-10.7500288032,1018.9,  ,  ,0.80000397743,1.60000795486,69.5291666667,0.0,  ,  ,0.0,  ,  
2018-12-01 15:05:00,-6.15625,-10.7884666604,1018.89547714,  ,  ,0.80000397743,2.30001143511,69.6333333333,0.0,  ,  ,0.0,  ,  
2018-12-01 15:10:00,-6.2,-10.764616477,1018.8,  ,  ,0.80000397743,1.10000546897,70.0,0.0,  ,  ,0.0,  ,  
2018-12-01 15:15:00,-6.23958333333,-10.8026543539,1018.8,  ,  ,0.436668837681,1.10000546897,70.0,0.0,  ,  ,0.0,  ,  
2018-12-01 15:20:00,-6.31958333333,-10.7614153912,1018.79085941,  ,  ,0.0,2.30001143511,70.6625,0.0,  ,  ,0.0,  ,  
2018-12-01 15:25:00,-6.4625,-10.6245099991,1018.6,  ,  ,0.0,2.10001044075,72.225,0.0,  ,  ,0.0,  ,  
2018-12-01 15:30:00,-6.6725,-10.5399019739,1018.6,  ,  ,0.0,1.9000094464,73.8958333333,0.0,  ,  ,0.0,  ,  
2018-12-01 15:35:00,-6.85916666667,-10.7026935155,1018.59085487,  ,  ,0.272501354812,2.30001143511,74.0,0.0,  ,  ,0.0,  ,  
2018-12-01 15:40:00,-7.09583333333,-10.8254423456,1018.4,  ,  ,0.600002983073,1.9000094464,74.6291666667,0.0,  ,  ,0.0,  ,  
2018-12-01 15:45:00,-7.25625,-10.9186315283,1018.4,  ,  ,0.600002983073,2.40001193229,75.0,0.0,  ,  ,0.0,  ,  
2018-12-01 15:50:00,-7.40583333333,-10.9920828032,1018.39090455,  ,  ,0.600002983073,2.80001392101,75.4291666667,0.0,  ,  ,0.0,  ,  
2018-12-01 15:55:00,-7.5825,-11.0690015218,1018.2,  ,  ,0.600002983073,2.40001193229,76.0,0.0,  ,  ,0.0,  ,  
2018-12-01 16:00:00,-7.73958333333,-11.112863194,1018.2,  ,  ,0.600002983073,2.80001392101,76.6625,0.0,  ,  ,0.0,  ,  
2018-12-01 16:05:00,-7.88916666667,-11.2032091328,1018.19542971,  ,  ,0.69083676801,2.30001143511,77.0,0.0,  ,  ,0.0,  ,  
2018-12-01 16:10:00,-8.07958333333,-11.2919620519,1018.1,  ,  ,0.80000397743,3.3000164069,77.5958333333,0.0,  ,  ,0.0,  ,  
2018-12-01 16:15:00,-8.18625,-11.330834835,1018.1,  ,  ,0.845420869899,1.9000094464,78.0,0.0,  ,  ,0.0,  ,  
2018-12-01 16:20:00,-8.21291666667,-11.3567758249,1018.09095427,  ,  ,0.900004474609,2.40001193229,78.0,0.0,  ,  ,0.0,  ,  
  
  
  
2018-12-01 16:40:00,-8.6,-11.7333348068,1017.7,  ,  ,0.80000397743,2.30001143511,78.0,0.0,  ,  ,0.0,  ,  
2018-12-01 16:45:00,-8.6,-11.7333348068,1017.7,  ,  ,0.709170192493,2.30001143511,78.0,0.0,  ,  ,0.0,  ,  
2018-12-01 16:50:00,-8.67291666667,-11.8042709009,1017.7,  ,  ,0.600002983073,1.80000894922,78.0,0.0,  ,  ,0.0,  ,  
2018-12-01 16:55:00,-8.70291666667,-11.8334562161,1017.7,  ,  ,0.327501628261,2.30001143511,78.0,0.0,  ,  ,0.0,  ,  
2018-12-01 17:00:00,-8.79333333333,-11.9214181456,1017.7,  ,  ,0.0,2.30001143511,78.0,0.0,  ,  ,0.0,  ,  
2018-12-01 17:05:00,-8.87958333333,-11.9742082188,1017.68650675,  ,  ,0.36333513975,2.60001292665,78.1958333333,0.0,  ,  ,0.0,  ,  
2018-12-01 17:10:00,-8.9925,-11.9571513064,1017.4,  ,  ,0.80000397743,3.3000164069,79.0,0.0,  ,  ,0.0,  ,  
2018-12-01 17:15:00,-9.1,-12.0618830417,1017.4,  ,  ,0.80000397743,3.40001690408,79.0,0.0,  ,  ,0.0,  ,  
2018-12-01 17:20:00,-9.16291666667,-12.1231801145,1017.39085941,  ,  ,0.80000397743,2.80001392101,79.0,0.0,  ,  ,0.0,  ,  
2018-12-01 17:25:00,-9.2,-12.1743492151,1017.2,  ,  ,0.845420869899,4.10002038433,78.9041666667,0.0,  ,  ,0.0,  ,  
2018-12-01 17:30:00,-9.2,-12.2484791883,1017.2,  ,  ,0.900004474609,2.80001392101,78.4333333333,0.0,  ,  ,0.0,  ,  
2018-12-01 17:35:00,-9.2,-12.3170558915,1017.18170974,  ,  ,1.08167204448,3.3000164069,78.0,0.0,  ,  ,0.0,  ,  
2018-12-01 17:40:00,-9.2,-12.3322676767,1016.8,  ,  ,1.30000646332,4.10002038433,77.9041666667,0.0,  ,  ,0.0,  ,  
2018-12-01 17:45:00,-9.2,-12.476613433,1016.8,  ,  ,1.43625714073,4.10002038433,77.0,0.0,  ,  ,0.0,  ,  
2018-12-01 17:50:00,-9.2,-12.4445549384,1016.79090909,  ,  ,1.60000795486,3.60001789844,77.2,0.0,  ,  ,0.0,  ,  
2018-12-01 17:55:00,-9.2,-12.476613433,1016.6,  ,  ,1.46375727745,3.60001789844,77.0,0.0,  ,  ,0.0,  ,  
2018-12-01 18:00:00,-9.2,-12.476613433,1016.6,  ,  ,1.30000646332,3.10001541254,77.0,0.0,  ,  ,0.0,  ,  
2018-12-01 18:05:00,-9.2,-12.5671770452,1016.59085941,  ,  ,1.30000646332,4.60002287023,76.4375,0.0,  ,  ,0.0,  ,  
2018-12-01 18:10:00,-9.2,-12.6163959368,1016.4,  ,  ,1.30000646332,3.80001889279,76.1333333333,0.0,  ,  ,0.0,  ,  
2018-12-01 18:15:00,-9.2,-12.6380265547,1016.4,  ,  ,1.30000646332,3.40001690408,76.0,0.0,  ,  ,0.0,  ,  
2018-12-01 18:20:00,-9.2,-12.6380265547,1016.39551346,  ,  ,1.30000646332,3.60001789844,76.0,0.0,  ,  ,0.0,  ,  
2018-12-01 18:25:00,-9.2,-12.6644345994,1016.3,  ,  ,1.43625714073,3.40001690408,75.8375,0.0,  ,  ,0.0,  ,  
2018-12-01 18:30:00,-9.2,-12.8013418518,1016.3,  ,  ,1.60000795486,3.60001789844,75.0,0.0,  ,  ,0.0,  ,  
2018-12-01 18:35:00,-9.2,-12.8013418518,1016.3,  ,  ,1.50917416992,3.10001541254,75.0,0.0,  ,  ,0.0,  ,  
2018-12-01 18:40:00,-9.21625,-12.8170836801,1016.3,  ,  ,1.4000069605,4.50002237305,75.0,0.0,  ,  ,0.0,  ,  
2018-12-01 18:45:00,-9.3,-12.8824939764,1016.3,  ,  ,1.35459006803,3.80001889279,75.0958333333,0.0,  ,  ,0.0,  ,  
2018-12-01 18:50:00,-9.38291666667,-12.8371126981,1016.29085487,  ,  ,1.30000646332,2.90001441819,75.8666666667,0.0,  ,  ,0.0,  ,  
2018-12-01 18:55:00,-9.41291666667,-12.844587201,1016.1,  ,  ,1.34542335579,2.90001441819,76.0,0.0,  ,  ,0.0,  ,  
2018-12-01 19:00:00,-9.5,-12.9290725785,1016.1,  ,  ,1.4000069605,3.40001690408,76.0,0.0,  ,  ,0.0,  ,  
2018-12-01 19:05:00,-9.55958333333,-12.9868789214,1016.0818,  ,  ,1.35459006803,4.30002137869,76.0,0.0,  ,  ,0.0,  ,  
2018-12-01 19:10:00,-9.6,-13.0260904751,1015.7,  ,  ,1.30000646332,2.90001441819,76.0,0.0,  ,  ,0.0,  ,  
2018-12-01 19:15:00,-9.63625,-13.0235704832,1015.7,  ,  ,1.30000646332,3.3000164069,76.2333333333,0.0,  ,  ,0.0,  ,  
2018-12-01 19:20:00,-9.7,-13.0110791562,1015.69066071,  ,  ,1.30000646332,3.40001690408,76.6958333333,0.0,  ,  ,0.0,  ,  
2018-12-01 19:25:00,-9.7,-12.9623918237,1015.5,  ,  ,1.20917267839,3.80001889279,77.0,0.0,  ,  ,0.0,  ,  
2018-12-01 19:30:00,-9.7,-12.9623918237,1015.5,  ,  ,1.10000546897,2.40001193229,77.0,0.0,  ,  ,0.0,  ,  
2018-12-01 19:35:00,-9.7,-12.9623918237,1015.49072319,  ,  ,1.10000546897,3.10001541254,77.0,0.0,  ,  ,0.0,  ,  
2018-12-01 19:40:00,-9.7,-12.9623918237,1015.3,  ,  ,1.10000546897,2.80001392101,77.0,0.0,  ,  ,0.0,  ,  
2018-12-01 19:45:00,-9.69375,-12.9563194057,1015.3,  ,  ,1.00917168403,2.30001143511,77.0,0.0,  ,  ,0.0,  ,  
2018-12-01 19:50:00,-9.6,-12.8752325948,1015.28151093,  ,  ,0.900004474609,2.80001392101,76.9375,0.0,  ,  ,0.0,  ,  
2018-12-01 19:55:00,-9.47083333333,-12.8522678947,1014.9,  ,  ,0.900004474609,2.80001392101,76.3,0.0,  ,  ,0.0,  ,  
2018-12-01 20:00:00,-9.34041666667,-12.882100953,1014.9,  ,  ,0.900004474609,3.40001690408,75.3375,0.0,  ,  ,0.0,  ,  
2018-12-01 20:05:00,-9.21708333333,-12.8178909543,1014.88599106,  ,  ,1.08167204448,2.90001441819,75.0,0.0,  ,  ,0.0,  ,  
2018-12-01 20:10:00,-9.11041666667,-12.7303254603,1014.6,  ,  ,1.30000646332,4.30002137869,74.9041666667,0.0,  ,  ,0.0,  ,  
2018-12-01 20:15:00,-8.9375,-12.7126953439,1014.6,  ,  ,1.34542335579,5.10002535612,74.0,0.0,  ,  ,0.0,  ,  
2018-12-01 20:20:00,-8.82041666667,-12.6495764438,1014.58161838,  ,  ,1.4000069605,3.90001938997,73.7,0.0,  ,  ,0.0,  ,  
2018-12-01 20:25:00,-8.75375,-12.6684248607,1014.2,  ,  ,1.49084074544,4.60002287023,73.2041666667,0.0,  ,  ,0.0,  ,  
2018-12-01 20:30:00,-8.63708333333,-12.6071168492,1014.2,  ,  ,1.60000795486,5.50002734483,72.9,0.0,  ,  ,0.0,  ,  
2018-12-01 20:35:00,-8.57041666667,-12.5646399528,1014.18614009,  ,  ,1.6908417398,4.60002287023,72.7708333333,0.0,  ,  ,0.0,  ,  
2018-12-01 20:40:00,-8.4175,-12.5485914403,1013.9,  ,  ,1.80000894922,4.60002287023,72.0,0.0,  ,  ,0.0,  ,  
2018-12-01 20:45:00,-8.3,-12.4804290637,1013.9,  ,  ,1.84542584169,4.30002137869,71.7375,0.0,  ,  ,0.0,  ,  
2018-12-01 20:50:00,-8.20375,-12.412098654,1013.89075087,  ,  ,1.9000094464,4.30002137869,71.5958333333,0.0,  ,  ,0.0,  ,  
2018-12-01 20:55:00,-8.2,-12.5052428011,1013.7,  ,  ,1.76375876899,5.00002485894,71.0375,0.0,  ,  ,0.0,  ,  
2018-12-01 21:00:00,-8.11375,-12.4287267126,1013.7,  ,  ,1.60000795486,3.80001889279,71.0,0.0,  ,  ,0.0,  ,  
2018-12-01 21:05:00,-8.1,-12.374916841,1013.70457256,  ,  ,1.50917416992,3.40001690408,71.2333333333,0.0,  ,  ,0.0,  ,  
2018-12-01 21:10:00,-8.00708333333,-12.3260327742,1013.8,  ,  ,1.4000069605,3.3000164069,71.0,0.0,  ,  ,0.0,  ,  
2018-12-01 21:15:00,-8.0,-12.2967200295,1013.8,  ,  ,1.4000069605,2.60001292665,71.1291666667,0.0,  ,  ,0.0,  ,  
2018-12-01 21:20:00,-8.0,-12.2316223385,1013.79538003,  ,  ,1.4000069605,2.60001292665,71.5041666667,0.0,  ,  ,0.0,  ,  
2018-12-01 21:25:00,-8.00333333333,-12.144208495,1013.7,  ,  ,1.17292249816,3.10001541254,72.0291666667,0.0,  ,  ,0.0,  ,  
2018-12-01 21:30:00,-8.0,-12.2489519526,1013.7,  ,  ,0.900004474609,2.90001441819,71.4041666667,0.0,  ,  ,0.0,  ,  
2018-12-01 21:35:00,-8.0,-12.3242974891,1013.68640438,  ,  ,0.900004474609,3.10001541254,70.9708333333,0.0,  ,  ,0.0,  ,  
2018-12-01 21:40:00,-7.90375,-12.4721764291,1013.4,  ,  ,0.900004474609,4.80002386458,69.6041666667,0.0,  ,  ,0.0,  ,  
2018-12-01 21:45:00,-7.82708333333,-12.5062769613,1013.4,  ,  ,1.3541733993,5.30002635048,69.0,0.0,  ,  ,0.0,  ,  
2018-12-01 21:50:00,-7.79666666667,-12.4651523272,1013.38170974,  ,  ,1.9000094464,5.00002485894,69.0666666667,0.0,  ,  ,0.0,  ,  
2018-12-01 21:55:00,-7.70041666667,-12.461849252,1013.0,  ,  ,1.99084323133,4.50002237305,68.5708333333,0.0,  ,  ,0.0,  ,  
2018-12-01 22:00:00,-7.69708333333,-12.5015240774,1013.0,  ,  ,2.10001044075,6.80003380816,68.3333333333,0.0,  ,  ,0.0,  ,  
2018-12-01 22:05:00,-7.61,-12.4656157382,1012.99076006,  ,  ,2.00917665582,5.50002734483,68.0708333333,0.0,  ,  ,0.0,  ,  
2018-12-01 22:10:00,-7.6,-12.5966975583,1012.8,  ,  ,1.9000094464,5.60002784201,67.3,0.0,  ,  ,0.0,  ,  
2018-12-01 22:15:00,-7.53375,-12.5279425045,1012.8,  ,  ,2.30876147862,6.10003032791,67.3291666667,0.0,  ,  ,0.0,  ,  
2018-12-01 22:20:00,-7.5,-12.5185974411,1012.78636364,  ,  ,2.80001392101,5.00002485894,67.2041666667,0.0,  ,  ,0.0,  ,  
2018-12-01 22:25:00,-7.5,-12.5193632988,1012.5,  ,  ,2.39126188879,4.60002287023,67.2,0.0,  ,  ,0.0,  ,  
2018-12-01 22:30:00,-7.54958333333,-12.4699216643,1012.5,  ,  ,1.9000094464,5.00002485894,67.7291666667,0.0,  ,  ,0.0,  ,  
2018-12-01 22:35:00,-7.55,-12.4513280535,1012.49538003,  ,  ,1.99084323133,4.30002137869,67.8333333333,0.0,  ,  ,0.0,  ,  
2018-12-01 22:40:00,-7.59666666667,-12.4952695649,1012.4,  ,  ,2.10001044075,3.80001889279,67.8375,0.0,  ,  ,0.0,  ,  
2018-12-01 22:45:00,-7.6,-12.5364555707,1012.4,  ,  ,1.96375976335,5.10002535612,67.6291666667,0.0,  ,  ,0.0,  ,  
2018-12-01 22:50:00,-7.6,-12.5166861827,1012.4,  ,  ,1.80000894922,5.00002485894,67.7375,0.0,  ,  ,0.0,  ,  
2018-12-01 22:55:00,-7.57375,-12.4862271529,1012.4,  ,  ,1.80000894922,5.00002485894,67.7666666667,0.0,  ,  ,0.0,  ,  
2018-12-01 23:00:00,-7.50666666667,-12.4227378421,1012.4,  ,  ,1.80000894922,3.40001690408,67.7625,0.0,  ,  ,0.0,  ,  
2018-12-01 23:05:00,-7.58958333333,-12.4589194333,1012.38637044,  ,  ,1.70917516428,3.3000164069,68.0,0.0,  ,  ,0.0,  ,  
2018-12-01 23:10:00,-7.6,-12.4688999226,1012.1,  ,  ,1.60000795486,2.90001441819,68.0,0.0,  ,  ,0.0,  ,  
2018-12-01 23:15:00,-7.6,-12.4446903976,1012.1,  ,  ,1.46375727745,3.3000164069,68.1333333333,0.0,  ,  ,0.0,  ,  
2018-12-01 23:20:00,-7.6,-12.4454463066,1012.09076006,  ,  ,1.30000646332,3.60001789844,68.1291666667,0.0,  ,  ,0.0,  ,  
2018-12-01 23:25:00,-7.52375,-12.340640971,1011.9,  ,  ,1.34542335579,3.40001690408,68.3041666667,0.0,  ,  ,0.0,  ,  
2018-12-01 23:30:00,-7.5,-12.3488578878,1011.9,  ,  ,1.4000069605,4.30002137869,68.1333333333,0.0,  ,  ,0.0,  ,  
2018-12-01 23:35:00,-7.5,-12.2952476621,1011.89085487,  ,  ,1.4000069605,3.40001690408,68.4291666667,0.0,  ,  ,0.0,  ,  
2018-12-01 23:40:00,-7.5,-12.2036086597,1011.7,  ,  ,1.4000069605,3.10001541254,68.9375,0.0,  ,  ,0.0,  ,  
2018-12-01 23:45:00,-7.49666666667,-12.1959187263,1011.7,  ,  ,1.2637562831,2.30001143511,68.9625,0.0,  ,  ,0.0,  ,  
2018-12-01 23:50:00,-7.47708333333,-12.1943546805,1011.69081836,  ,  ,1.10000546897,5.00002485894,68.8666666667,0.0,  ,  ,0.0,  ,  
  

    

