Time,TemperatureC,DewpointC,PressurehPa,WindDirection,WindDirectionDegrees,WindSpeedKMH,WindSpeedGustKMH,Humidity,HourlyPrecipMM,Conditions,Clouds,dailyrainMM,SoftwareType,DateUTC
                
2019-05-02 00:00:00,7.7,0.162236124649,742.036020024,  ,  ,0.183334244828,1.80000894922,58.8541666667,0.0,  ,  ,0.0,  ,  
2019-05-02 00:05:00,7.66861924686,0.161971044627,742.036020024,  ,  ,0.0,1.80000894922,58.9790794979,0.0,  ,  ,0.0,  ,  
2019-05-02 00:10:00,7.55875,0.0791567015222,742.028862378,  ,  ,0.462502299452,2.10001044075,59.0666666667,0.0,  ,  ,0.0,  ,  
2019-05-02 00:15:00,7.39083333333,0.0479123403898,741.81100152,  ,  ,0.600002983073,2.10001044075,59.6125,0.0,  ,  ,0.0,  ,  
2019-05-02 00:20:00,7.3,0.0516237168158,741.81100152,  ,  ,0.600002983073,1.9000094464,60.0,0.0,  ,  ,0.0,  ,  
2019-05-02 00:25:00,7.23208333333,0.0363311523122,741.803735647,  ,  ,0.600002983073,2.10001044075,60.2125,0.0,  ,  ,0.0,  ,  
2019-05-02 00:30:00,7.2,0.0688430293156,741.585983016,  ,  ,0.754170416224,1.9000094464,60.4875,0.0,  ,  ,0.0,  ,  
2019-05-02 00:35:00,7.15541666667,0.108161377448,741.585983016,  ,  ,0.80000397743,1.80000894922,60.8458333333,0.0,  ,  ,0.0,  ,  
2019-05-02 00:40:00,7.1,0.0907393502217,741.581211252,  ,  ,0.80000397743,1.60000795486,61.0,0.0,  ,  ,0.0,  ,  
2019-05-02 00:45:00,7.1,0.0606025399614,741.43597068,  ,  ,0.80000397743,1.9000094464,60.8666666667,0.0,  ,  ,0.0,  ,  
2019-05-02 00:50:00,7.08666666667,0.0809806427517,741.43597068,  ,  ,0.64583654428,1.60000795486,61.0125,0.0,  ,  ,0.0,  ,  
2019-05-02 00:55:00,7.08333333333,0.0646618249477,741.428704807,  ,  ,0.600002983073,2.30001143511,60.9541666667,0.0,  ,  ,0.0,  ,  
2019-05-02 01:00:00,7.07666666667,0.0536646873375,741.210952176,  ,  ,0.754170416224,1.9000094464,60.9333333333,0.0,  ,  ,0.0,  ,  
2019-05-02 01:05:00,7.1,0.000153397057379,741.210952176,  ,  ,0.80000397743,2.80001392101,60.6,0.0,  ,  ,0.0,  ,  
2019-05-02 01:10:00,7.1,-0.093818787186,741.203686303,  ,  ,0.80000397743,2.90001441819,60.1875,0.0,  ,  ,0.0,  ,  
2019-05-02 01:15:00,7.1,-0.136721805147,740.985933672,  ,  ,0.80000397743,2.10001044075,60.0,0.0,  ,  ,0.0,  ,  
2019-05-02 01:20:00,7.14791666667,-0.10975363596,740.985933672,  ,  ,0.80000397743,2.60001292665,59.9208333333,0.0,  ,  ,0.0,  ,  
2019-05-02 01:25:00,7.2,-0.149930782968,740.981161908,  ,  ,0.80000397743,2.40001193229,59.5333333333,0.0,  ,  ,0.0,  ,  
2019-05-02 01:30:00,7.20458333333,-0.269261459685,740.835921336,  ,  ,0.877087694006,2.10001044075,59.0,0.0,  ,  ,0.0,  ,  
2019-05-02 01:35:00,7.26875,-0.19343473157,740.835921336,  ,  ,0.900004474609,2.30001143511,59.0666666667,0.0,  ,  ,0.0,  ,  
2019-05-02 01:40:00,7.29791666667,-0.181538800807,740.828655463,  ,  ,0.900004474609,2.30001143511,59.0,0.0,  ,  ,0.0,  ,  
2019-05-02 01:45:00,7.3,-0.179580729024,740.610902832,  ,  ,0.900004474609,2.40001193229,59.0,0.0,  ,  ,0.0,  ,  
2019-05-02 01:50:00,7.28333333333,-0.195245331755,740.610902832,  ,  ,0.900004474609,2.80001392101,59.0,0.0,  ,  ,0.0,  ,  
2019-05-02 01:55:00,7.29,-0.188979482855,740.603633348,  ,  ,0.900004474609,2.30001143511,59.0,0.0,  ,  ,0.0,  ,  
2019-05-02 02:00:00,7.3,-0.179580729024,740.385884328,  ,  ,0.900004474609,3.80001889279,59.0,0.0,  ,  ,0.0,  ,  
2019-05-02 02:05:00,7.28208333333,-0.196420179583,740.385884328,  ,  ,0.900004474609,2.30001143511,59.0,0.0,  ,  ,0.0,  ,  
2019-05-02 02:10:00,7.28125,-0.197203411671,740.378726682,  ,  ,1.05417190776,3.10001541254,59.0,0.0,  ,  ,0.0,  ,  
2019-05-02 02:15:00,7.3,-0.179580729024,740.160865824,  ,  ,1.10000546897,2.60001292665,59.0,0.0,  ,  ,0.0,  ,  
2019-05-02 02:20:00,7.3,-0.179580729024,740.160865824,  ,  ,1.10000546897,2.60001292665,59.0,0.0,  ,  ,0.0,  ,  
2019-05-02 02:25:00,7.26541666667,-0.212084852258,740.15359634,  ,  ,1.10000546897,2.80001392101,59.0,0.0,  ,  ,0.0,  ,  
2019-05-02 02:30:00,7.24791666667,-0.228532828594,739.93584732,  ,  ,1.10000546897,2.60001292665,59.0,0.0,  ,  ,0.0,  ,  
2019-05-02 02:35:00,7.20208333333,-0.271611201822,739.93584732,  ,  ,1.10000546897,2.30001143511,59.0,0.0,  ,  ,0.0,  ,  
2019-05-02 02:40:00,7.2,-0.273569321387,739.933461438,  ,  ,0.945838035816,3.10001541254,59.0,0.0,  ,  ,0.0,  ,  
2019-05-02 02:45:00,7.2,-0.273569321387,739.860841152,  ,  ,0.900004474609,2.80001392101,59.0,0.0,  ,  ,0.0,  ,  
2019-05-02 02:50:00,7.19,-0.228759635556,739.860841152,  ,  ,0.900004474609,2.90001441819,59.2333333333,0.0,  ,  ,0.0,  ,  
2019-05-02 02:55:00,7.15875,-0.178166173362,739.855997237,  ,  ,0.900004474609,3.3000164069,59.5791666667,0.0,  ,  ,0.0,  ,  
2019-05-02 03:00:00,7.11,-0.127304312978,739.710828816,  ,  ,1.20833934091,2.90001441819,60.0,0.0,  ,  ,0.0,  ,  
2019-05-02 03:05:00,7.11,-0.276006281657,739.710828816,  ,  ,1.30000646332,2.90001441819,59.3541666667,0.0,  ,  ,0.0,  ,  
2019-05-02 03:10:00,7.1,-0.36756025615,739.703562943,  ,  ,1.14583903017,2.80001392101,59.0,0.0,  ,  ,0.0,  ,  
2019-05-02 03:15:00,7.13,-0.308377906294,739.485810312,  ,  ,1.10000546897,2.60001292665,59.1333333333,0.0,  ,  ,0.0,  ,  
2019-05-02 03:20:00,7.10333333333,-0.253385955699,739.485810312,  ,  ,0.945838035816,2.30001143511,59.4791666667,0.0,  ,  ,0.0,  ,  
2019-05-02 03:25:00,7.12,-0.117886843553,739.481038548,  ,  ,0.900004474609,2.10001044075,60.0,0.0,  ,  ,0.0,  ,  
2019-05-02 03:30:00,7.10666666667,-0.138083490156,739.335797976,  ,  ,0.900004474609,2.30001143511,59.9666666667,0.0,  ,  ,0.0,  ,  
2019-05-02 03:35:00,7.1,-0.136721805147,739.335797976,  ,  ,0.900004474609,2.40001193229,60.0,0.0,  ,  ,0.0,  ,  
2019-05-02 03:40:00,7.1,-0.136721805147,739.330954061,  ,  ,0.900004474609,2.90001441819,60.0,0.0,  ,  ,0.0,  ,  
2019-05-02 03:45:00,7.07208333333,-0.1630124245,739.18578564,  ,  ,0.900004474609,2.40001193229,60.0,0.0,  ,  ,0.0,  ,  
2019-05-02 03:50:00,7.07791666667,-0.157518847597,739.18578564,  ,  ,0.900004474609,2.90001441819,60.0,0.0,  ,  ,0.0,  ,  
2019-05-02 03:55:00,7.1,-0.136721805147,739.178627994,  ,  ,0.900004474609,2.10001044075,60.0,0.0,  ,  ,0.0,  ,  
2019-05-02 04:00:00,7.1,-0.136721805147,738.960767136,  ,  ,0.900004474609,2.40001193229,60.0,0.0,  ,  ,0.0,  ,  
2019-05-02 04:05:00,7.1,-0.136721805147,738.960767136,  ,  ,0.900004474609,2.60001292665,60.0,0.0,  ,  ,0.0,  ,  
2019-05-02 04:10:00,7.1,-0.136721805147,738.958381254,  ,  ,0.900004474609,2.60001292665,60.0,0.0,  ,  ,0.0,  ,  
2019-05-02 04:15:00,7.1,-0.136721805147,738.885760968,  ,  ,0.900004474609,1.9000094464,60.0,0.0,  ,  ,0.0,  ,  
2019-05-02 04:20:00,7.1,-0.0149956333635,738.885760968,  ,  ,0.668753324883,1.60000795486,60.5333333333,0.0,  ,  ,0.0,  ,  
2019-05-02 04:25:00,7.1,-0.0197327307,738.880917053,  ,  ,0.600002983073,1.30000646332,60.5125,0.0,  ,  ,0.0,  ,  
2019-05-02 04:30:00,7.1,0.0530592177177,738.735748632,  ,  ,0.137500683621,0.600002983073,60.8333333333,0.0,  ,  ,0.0,  ,  
2019-05-02 04:35:00,7.09666666667,0.087594166914,738.735748632,  ,  ,0.0,0.0,61.0,0.0,  ,  ,0.0,  ,  
2019-05-02 04:40:00,7.00416666667,0.00783373138756,738.730976868,  ,  ,0.0,0.0,61.0333333333,0.0,  ,  ,0.0,  ,  
2019-05-02 04:45:00,6.9,-0.0876463266424,738.585736296,  ,  ,0.0,0.0,61.0458333333,0.0,  ,  ,0.0,  ,  
2019-05-02 04:50:00,6.9,0.0813462519513,738.585736296,  ,  ,0.0,0.0,61.8,0.0,  ,  ,0.0,  ,  
2019-05-02 04:55:00,6.82541666667,0.361409926833,738.583314338,  ,  ,0.0,0.0,63.3916666667,0.0,  ,  ,0.0,  ,  
2019-05-02 05:00:00,6.77875,0.499343971609,738.510730128,  ,  ,0.0,0.600002983073,64.2333333333,0.0,  ,  ,0.0,  ,  
2019-05-02 05:05:00,6.7,0.374329183217,738.510730128,  ,  ,0.0,0.0,64.0,0.0,  ,  ,0.0,  ,  
2019-05-02 05:10:00,6.7,0.374329183217,738.505883805,  ,  ,0.0,1.10000546897,64.0,0.0,  ,  ,0.0,  ,  
2019-05-02 05:15:00,6.69666666667,0.37116616543,738.360717792,  ,  ,0.0,2.40001193229,64.0,0.0,  ,  ,0.0,  ,  
2019-05-02 05:20:00,6.7,0.374329183217,738.360717792,  ,  ,0.0,3.40001690408,64.0,0.0,  ,  ,0.0,  ,  
2019-05-02 05:25:00,6.71791666667,0.391330365558,738.360717792,  ,  ,0.0,2.90001441819,64.0,0.0,  ,  ,0.0,  ,  
2019-05-02 05:30:00,6.8,0.46921867841,738.360717792,  ,  ,0.847920882329,2.30001143511,64.0,0.0,  ,  ,0.0,  ,  
2019-05-02 05:35:00,6.8,0.46921867841,738.360717792,  ,  ,1.10000546897,2.60001292665,64.0,0.0,  ,  ,0.0,  ,  
2019-05-02 05:40:00,6.8,0.536544925086,738.355873877,  ,  ,0.945838035816,2.10001044075,64.3125,0.0,  ,  ,0.0,  ,  
2019-05-02 05:45:00,6.80666666667,0.906787234572,738.210705456,  ,  ,0.900004474609,4.50002237305,66.025,0.0,  ,  ,0.0,  ,  
2019-05-02 05:50:00,6.86125,1.29574395089,738.210705456,  ,  ,1.43959049064,4.80002386458,67.6458333333,0.0,  ,  ,0.0,  ,  
2019-05-02 05:55:00,6.9,1.48971216949,738.205994201,  ,  ,1.60000795486,3.3000164069,68.4125,0.0,  ,  ,0.0,  ,  
2019-05-02 06:00:00,6.9,1.60894454046,738.06069312,  ,  ,1.83125910459,3.90001938997,69.0,0.0,  ,  ,0.0,  ,  
2019-05-02 06:05:00,6.9,1.80568665756,738.06069312,  ,  ,1.9000094464,2.90001441819,69.9791666667,0.0,  ,  ,0.0,  ,  
2019-05-02 06:10:00,6.91333333333,1.91800891072,738.058306051,  ,  ,1.12917228064,2.40001193229,70.4791666667,0.0,  ,  ,0.0,  ,  
2019-05-02 06:15:00,7.0125,2.11627270565,737.985686952,  ,  ,0.900004474609,3.3000164069,71.0,0.0,  ,  ,0.0,  ,  
2019-05-02 06:20:00,7.12458333333,2.31826940079,737.985686952,  ,  ,1.05417190776,2.80001392101,71.4791666667,0.0,  ,  ,0.0,  ,  
2019-05-02 06:25:00,7.2,2.49274312402,737.980833392,  ,  ,1.10000546897,4.10002038433,72.0,0.0,  ,  ,0.0,  ,  
2019-05-02 06:30:00,7.18,2.50599842537,737.835674616,  ,  ,1.33125661869,2.80001392101,72.1666666667,0.0,  ,  ,0.0,  ,  
2019-05-02 06:35:00,7.2,2.67630185736,737.835674616,  ,  ,1.4000069605,4.10002038433,72.9458333333,0.0,  ,  ,0.0,  ,  
2019-05-02 06:40:00,7.2,2.68675028843,737.833285171,  ,  ,1.7083418268,3.40001690408,73.0,0.0,  ,  ,0.0,  ,  
2019-05-02 06:45:00,7.2,2.7980423324,737.760668448,  ,  ,1.80000894922,3.3000164069,73.5791666667,0.0,  ,  ,0.0,  ,  
2019-05-02 06:50:00,7.21333333333,2.89129200529,737.760668448,  ,  ,1.26042293319,2.40001193229,74.0,0.0,  ,  ,0.0,  ,  
2019-05-02 06:55:00,7.28791666667,2.9632658008,737.755824533,  ,  ,1.10000546897,1.80000894922,74.0,0.0,  ,  ,0.0,  ,  
2019-05-02 07:00:00,7.29666666667,3.08807442401,737.610656112,  ,  ,0.868754319241,4.10002038433,74.6125,0.0,  ,  ,0.0,  ,  
2019-05-02 07:05:00,7.23875,3.23891508986,737.610656112,  ,  ,0.80000397743,3.60001789844,75.7125,0.0,  ,  ,0.0,  ,  
2019-05-02 07:10:00,7.21125,3.26590280214,737.610656112,  ,  ,1.57084114318,2.90001441819,76.0,0.0,  ,  ,0.0,  ,  
2019-05-02 07:15:00,7.28333333333,3.33568208778,737.610656112,  ,  ,1.80000894922,4.30002137869,76.0,0.0,  ,  ,0.0,  ,  
2019-05-02 07:20:00,7.3,3.45084060178,737.610656112,  ,  ,1.64584151607,4.10002038433,76.5333333333,0.0,  ,  ,0.0,  ,  
2019-05-02 07:25:00,7.3,3.52087123812,737.605884348,  ,  ,1.60000795486,4.60002287023,76.9125,0.0,  ,  ,0.0,  ,  
2019-05-02 07:30:00,7.3,3.53698887861,737.460643776,  ,  ,2.21667768746,4.10002038433,77.0,0.0,  ,  ,0.0,  ,  
2019-05-02 07:35:00,7.30666666667,3.54345232556,737.460643776,  ,  ,2.40001193229,3.10001541254,77.0,0.0,  ,  ,0.0,  ,  
2019-05-02 07:40:00,7.37458333333,3.60929838349,737.455799861,  ,  ,2.01459334941,3.80001889279,77.0,0.0,  ,  ,0.0,  ,  
2019-05-02 07:45:00,7.4,3.63394001559,737.31063144,  ,  ,1.9000094464,4.80002386458,77.0,0.0,  ,  ,0.0,  ,  
2019-05-02 07:50:00,7.40125,3.63515189711,737.31063144,  ,  ,1.82292572982,2.60001292665,77.0,0.0,  ,  ,0.0,  ,  
2019-05-02 07:55:00,7.45,3.68241512824,737.308245558,  ,  ,1.80000894922,3.3000164069,77.0,0.0,  ,  ,0.0,  ,  
2019-05-02 08:00:00,7.40875,3.64242318224,737.235625272,  ,  ,1.64584151607,3.40001690408,77.0,0.0,  ,  ,0.0,  ,  
2019-05-02 08:05:00,7.47583333333,3.70746048405,737.235625272,  ,  ,1.60000795486,3.40001690408,77.0,0.0,  ,  ,0.0,  ,  
2019-05-02 08:10:00,7.57666666667,3.82365871076,737.230853508,  ,  ,1.60000795486,3.80001889279,77.1,0.0,  ,  ,0.0,  ,  
2019-05-02 08:15:00,7.60333333333,3.81645274235,737.085612936,  ,  ,1.60000795486,3.90001938997,76.9208333333,0.0,  ,  ,0.0,  ,  
2019-05-02 08:20:00,7.60333333333,3.70368374023,737.085612936,  ,  ,1.44584052171,1.60000795486,76.3125,0.0,  ,  ,0.0,  ,  
2019-05-02 08:25:00,7.49083333333,3.72200291148,737.080769021,  ,  ,1.4000069605,3.3000164069,77.0,0.0,  ,  ,0.0,  ,  
2019-05-02 08:30:00,7.4,3.63394001559,736.9356006,  ,  ,1.16875581078,3.3000164069,77.0,0.0,  ,  ,0.0,  ,  
2019-05-02 08:35:00,7.33208333333,3.64387985448,736.9356006,  ,  ,1.10000546897,2.90001441819,77.4125,0.0,  ,  ,0.0,  ,  
2019-05-02 08:40:00,7.36791666667,3.78599775283,736.928442954,  ,  ,1.10000546897,2.80001392101,78.0,0.0,  ,  ,0.0,  ,  
2019-05-02 08:45:00,7.4725,3.82438434484,736.710582096,  ,  ,1.10000546897,3.40001690408,77.6541666667,0.0,  ,  ,0.0,  ,  
2019-05-02 08:50:00,7.46166666667,3.73285239467,736.710582096,  ,  ,1.10000546897,4.60002287023,77.2125,0.0,  ,  ,0.0,  ,  
2019-05-02 08:55:00,7.19666666667,3.64394699307,736.708160138,  ,  ,1.10000546897,3.10001541254,78.1333333333,0.0,  ,  ,0.0,  ,  
2019-05-02 09:00:00,7.26458333333,3.85686460009,736.635575928,  ,  ,1.48542405184,1.9000094464,78.9458333333,0.0,  ,  ,0.0,  ,  
2019-05-02 09:05:00,7.53375,4.05380369734,736.635575928,  ,  ,1.60000795486,2.40001193229,78.5875,0.0,  ,  ,0.0,  ,  
2019-05-02 09:10:00,7.58208333333,3.99394698447,736.633152767,  ,  ,0.983338222258,3.40001690408,78.0,0.0,  ,  ,0.0,  ,  
2019-05-02 09:15:00,7.29083333333,3.84633180521,736.56056976,  ,  ,0.80000397743,3.80001889279,78.7458333333,0.0,  ,  ,0.0,  ,  
2019-05-02 09:20:00,7.26208333333,3.88815665305,736.56056976,  ,  ,1.41667371003,2.90001441819,79.1333333333,0.0,  ,  ,0.0,  ,  
2019-05-02 09:25:00,7.3225,4.09231417399,736.555797996,  ,  ,1.60000795486,2.80001392101,79.9458333333,0.0,  ,  ,0.0,  ,  
2019-05-02 09:30:00,7.31208333333,4.14143728852,736.410557424,  ,  ,1.06042193883,2.60001292665,80.2791666667,0.0,  ,  ,0.0,  ,  
2019-05-02 09:35:00,7.25333333333,4.23135112758,736.410557424,  ,  ,0.900004474609,1.9000094464,81.1125,0.0,  ,  ,0.0,  ,  
2019-05-02 09:40:00,7.2275,4.28577261352,736.410557424,  ,  ,0.206251025431,2.60001292665,81.5666666667,0.0,  ,  ,0.0,  ,  
2019-05-02 09:45:00,7.03208333333,4.21317372874,736.410557424,  ,  ,0.0,1.9000094464,82.2458333333,0.0,  ,  ,0.0,  ,  
2019-05-02 09:50:00,7.00125,4.31321113616,736.410557424,  ,  ,0.616669732603,1.10000546897,83.0,0.0,  ,  ,0.0,  ,  
2019-05-02 09:55:00,7.11458333333,4.31833719579,736.40578566,  ,  ,0.80000397743,1.80000894922,82.3875,0.0,  ,  ,0.0,  ,  
2019-05-02 10:00:00,7.2,4.33451769717,736.260545088,  ,  ,0.183334244828,2.90001441819,82.0,0.0,  ,  ,0.0,  ,  
2019-05-02 10:05:00,7.2,4.33451769717,736.260545088,  ,  ,0.0,1.10000546897,82.0,0.0,  ,  ,0.0,  ,  
2019-05-02 10:10:00,7.24916666667,4.39414273561,736.255701173,  ,  ,0.462502299452,2.30001143511,82.0666666667,0.0,  ,  ,0.0,  ,  
2019-05-02 10:15:00,7.4525,4.43296629861,736.110532752,  ,  ,0.600002983073,3.10001541254,81.1541666667,0.0,  ,  ,0.0,  ,  
2019-05-02 10:20:00,7.62458333333,4.46516004281,736.110532752,  ,  ,0.98542156595,3.10001541254,80.3875,0.0,  ,  ,0.0,  ,  
2019-05-02 10:25:00,7.7,4.46959484343,736.110532752,  ,  ,1.10000546897,2.80001392101,80.0,0.0,  ,  ,0.0,  ,  
2019-05-02 10:30:00,7.70458333333,4.4621482912,736.110532752,  ,  ,0.945838035816,2.30001143511,79.9333333333,0.0,  ,  ,0.0,  ,  
2019-05-02 10:35:00,7.77333333333,4.51716794608,736.110532752,  ,  ,0.900004474609,1.80000894922,79.8666666667,0.0,  ,  ,0.0,  ,  
2019-05-02 10:40:00,7.75208333333,4.45467704523,736.110532752,  ,  ,0.668753324883,2.30001143511,79.6333333333,0.0,  ,  ,0.0,  ,  
2019-05-02 10:45:00,7.62541666667,4.39696190063,736.110532752,  ,  ,0.600002983073,2.10001044075,80.0,0.0,  ,  ,0.0,  ,  
2019-05-02 10:50:00,7.63458333333,4.41183725827,736.110532752,  ,  ,0.600002983073,2.40001193229,80.0333333333,0.0,  ,  ,0.0,  ,  
2019-05-02 10:55:00,7.57958333333,4.4257520913,736.108110794,  ,  ,0.600002983073,2.10001044075,80.4125,0.0,  ,  ,0.0,  ,  
2019-05-02 11:00:00,7.4,4.48331374466,736.035526584,  ,  ,0.754170416224,2.60001292665,81.7333333333,0.0,  ,  ,0.0,  ,  
2019-05-02 11:05:00,7.4,4.61750642727,736.035526584,  ,  ,0.80000397743,2.10001044075,82.5041666667,0.0,  ,  ,0.0,  ,  
2019-05-02 11:10:00,7.43791666667,4.87989030302,736.035526584,  ,  ,0.80000397743,2.10001044075,83.8125,0.0,  ,  ,0.0,  ,  
2019-05-02 11:15:00,7.46208333333,4.97538667035,736.035526584,  ,  ,0.80000397743,0.80000397743,84.2333333333,0.0,  ,  ,0.508,  ,  
2019-05-02 11:20:00,7.32208333333,5.01516204113,736.035526584,  ,  ,0.183334244828,0.900004474609,85.2791666667,0.0,  ,  ,0.508,  ,  
2019-05-02 11:25:00,7.21208333333,5.14091765855,736.03075482,  ,  ,0.0,0.600002983073,86.6791666667,0.0,  ,  ,0.508,  ,  
2019-05-02 11:30:00,7.18541666667,5.16226836077,735.885514248,  ,  ,0.0,0.80000397743,86.9666666667,0.0,  ,  ,0.508,  ,  
2019-05-02 11:35:00,7.11666666667,5.1516541747,735.885514248,  ,  ,0.0,0.0,87.3125,0.0,  ,  ,0.508,  ,  
2019-05-02 11:40:00,7.11,5.19232964963,735.88309229,  ,  ,0.0,0.0,87.6,0.0,  ,  ,0.508,  ,  
2019-05-02 11:45:00,7.10333333333,5.30020011749,735.81050808,  ,  ,0.0,1.4000069605,88.3,0.0,  ,  ,0.508,  ,  
2019-05-02 11:50:00,7.19791666667,5.32054907291,735.81050808,  ,  ,0.0,1.4000069605,87.8541666667,0.0,  ,  ,0.508,  ,  
2019-05-02 11:55:00,7.26,5.23011286499,735.808122198,  ,  ,0.0,2.60001292665,86.9333333333,0.0,  ,  ,0.508,  ,  
2019-05-02 12:00:00,7.2,5.18211855829,735.735501912,  ,  ,0.462502299452,2.30001143511,87.0,0.0,  ,  ,0.508,  ,  
2019-05-02 12:05:00,7.2,5.2884480783,735.735501912,  ,  ,0.600002983073,1.80000894922,87.6458333333,0.0,  ,  ,0.508,  ,  
2019-05-02 12:10:00,7.2,5.26244427266,735.730655589,  ,  ,0.600002983073,1.10000546897,87.4875,0.0,  ,  ,0.508,  ,  
2019-05-02 12:15:00,7.2,5.13801165087,735.585489576,  ,  ,0.600002983073,1.9000094464,86.7333333333,0.0,  ,  ,0.508,  ,  
2019-05-02 12:20:00,7.28125,5.25996871291,735.585489576,  ,  ,0.137500683621,1.9000094464,86.9875,0.0,  ,  ,0.508,  ,  
2019-05-02 12:25:00,7.39125,5.28938007407,735.583086976,  ,  ,0.0,2.60001292665,86.5125,0.0,  ,  ,0.508,  ,  
2019-05-02 12:30:00,7.4425,5.36537618494,735.510483408,  ,  ,0.616669732603,2.90001441819,86.6666666667,0.0,  ,  ,0.508,  ,  
2019-05-02 12:35:00,7.61458333333,5.39887910218,735.510483408,  ,  ,0.80000397743,2.40001193229,85.8541666667,0.0,  ,  ,0.508,  ,  
2019-05-02 12:40:00,7.69791666667,5.49399189708,735.505750921,  ,  ,0.877087694006,1.30000646332,85.9333333333,0.0,  ,  ,0.508,  ,  
2019-05-02 12:45:00,7.83,5.28026138569,735.360471072,  ,  ,0.900004474609,3.60001789844,83.9083333333,0.0,  ,  ,0.508,  ,  
2019-05-02 12:50:00,7.82791666667,5.28036344264,735.360471072,  ,  ,0.900004474609,1.80000894922,83.9208333333,0.0,  ,  ,0.508,  ,  
2019-05-02 12:55:00,7.89666666667,5.23153832535,735.358068472,  ,  ,0.900004474609,1.4000069605,83.2458333333,0.0,  ,  ,0.508,  ,  
2019-05-02 13:00:00,7.95916666667,5.49872365775,735.285464904,  ,  ,0.206251025431,1.30000646332,84.4458333333,0.0,  ,  ,0.508,  ,  
2019-05-02 13:05:00,8.14583333333,5.63175419362,735.285464904,  ,  ,0.0,1.60000795486,84.1541666667,0.0,  ,  ,0.508,  ,  
2019-05-02 13:10:00,8.34458333333,5.61335156295,735.283061101,  ,  ,0.0,1.9000094464,82.9208333333,0.0,  ,  ,0.508,  ,  
2019-05-02 13:15:00,8.43583333333,5.70838710929,735.210458736,  ,  ,0.0,2.10001044075,82.9541666667,0.0,  ,  ,0.508,  ,  
2019-05-02 13:20:00,8.59,5.50106139413,735.210458736,  ,  ,0.462502299452,1.9000094464,80.9208333333,0.0,  ,  ,0.508,  ,  
2019-05-02 13:25:00,8.59333333333,5.54802564895,735.210458736,  ,  ,0.600002983073,1.10000546897,81.1666666667,0.0,  ,  ,0.508,  ,  
2019-05-02 13:30:00,8.65791666667,5.71139516262,735.210458736,  ,  ,0.137500683621,0.600002983073,81.7333333333,0.0,  ,  ,0.508,  ,  
2019-05-02 13:35:00,8.69333333333,5.61591992185,735.210458736,  ,  ,0.0,1.4000069605,81.0,0.0,  ,  ,0.508,  ,  
2019-05-02 13:40:00,8.65,5.67642182857,735.205614821,  ,  ,0.0,2.40001193229,81.5791666667,0.0,  ,  ,0.508,  ,  
2019-05-02 13:45:00,8.68666666667,5.78429323729,735.0604464,  ,  ,0.0,0.900004474609,81.9875,0.0,  ,  ,0.508,  ,  
2019-05-02 13:50:00,8.83583333333,5.72886604909,735.0604464,  ,  ,0.0,2.40001193229,80.8541666667,0.0,  ,  ,0.508,  ,  
2019-05-02 13:55:00,8.99916666667,5.74070828928,735.058060518,  ,  ,0.0,1.60000795486,80.0333333333,0.0,  ,  ,0.508,  ,  
2019-05-02 14:00:00,9.17583333333,5.9668391479,734.985440232,  ,  ,0.462502299452,2.10001044075,80.3333333333,0.0,  ,  ,0.508,  ,  
2019-05-02 14:05:00,9.35125,5.88716478583,734.985440232,  ,  ,0.600002983073,3.3000164069,78.9541666667,0.0,  ,  ,0.508,  ,  
2019-05-02 14:10:00,9.51916666667,5.95234458544,734.983018274,  ,  ,0.831254132799,3.10001541254,78.4208333333,0.0,  ,  ,0.508,  ,  
2019-05-02 14:15:00,9.73583333333,5.93337307275,734.910434064,  ,  ,0.900004474609,3.40001690408,77.1875,0.0,  ,  ,0.508,  ,  
2019-05-02 14:20:00,9.94375,6.01331321633,734.910434064,  ,  ,1.05417190776,3.90001938997,76.5416666667,0.0,  ,  ,0.508,  ,  
2019-05-02 14:25:00,10.1545833333,5.94864870028,734.905590149,  ,  ,1.10000546897,4.60002287023,75.1333333333,0.0,  ,  ,0.508,  ,  
2019-05-02 14:30:00,10.2045833333,5.95841052461,734.760421728,  ,  ,1.25417290212,5.10002535612,74.9333333333,0.0,  ,  ,0.508,  ,  
2019-05-02 14:35:00,10.2633333333,5.87051349726,734.760421728,  ,  ,1.30000646332,3.10001541254,74.1875,0.0,  ,  ,0.508,  ,  
2019-05-02 14:40:00,10.2679166667,5.8968374537,734.758035846,  ,  ,1.3770901799,4.60002287023,74.3,0.0,  ,  ,0.508,  ,  
2019-05-02 14:45:00,10.4591666667,5.9877718739,734.68541556,  ,  ,1.4000069605,4.30002137869,73.8208333333,0.0,  ,  ,0.508,  ,  
2019-05-02 14:50:00,10.78375,6.09233629515,734.68541556,  ,  ,1.78542554338,2.80001392101,72.7666666667,0.0,  ,  ,0.508,  ,  
2019-05-02 14:55:00,11.0058333333,6.10725481526,734.680571645,  ,  ,1.9000094464,2.10001044075,71.775,0.0,  ,  ,0.508,  ,  
2019-05-02 15:00:00,11.1379166667,6.00881579738,734.535403224,  ,  ,1.05208856407,2.90001441819,70.6666666667,0.0,  ,  ,0.508,  ,  
2019-05-02 15:05:00,11.2770833333,6.17387158965,734.535403224,  ,  ,0.80000397743,5.60002784201,70.8208333333,0.0,  ,  ,0.508,  ,  
2019-05-02 15:10:00,11.60125,6.20216887485,734.52813374,  ,  ,1.26250627688,3.80001889279,69.4541666667,0.0,  ,  ,0.508,  ,  
2019-05-02 15:15:00,11.6925,6.2197622821,734.31038472,  ,  ,1.4000069605,3.3000164069,69.1208333333,0.0,  ,  ,0.508,  ,  
2019-05-02 15:20:00,11.8445833333,6.01426014615,734.31038472,  ,  ,1.16875581078,3.60001789844,67.4666666667,0.0,  ,  ,0.508,  ,  
2019-05-02 15:25:00,11.9758333333,6.07222156464,734.305675813,  ,  ,1.10000546897,3.90001938997,67.1541666667,0.0,  ,  ,0.508,  ,  
2019-05-02 15:30:00,12.2179166667,5.95099249091,734.160372384,  ,  ,1.33125661869,5.10002535612,65.5416666667,0.0,  ,  ,0.508,  ,  
2019-05-02 15:35:00,12.2,5.80383642434,734.160372384,  ,  ,1.4000069605,4.50002237305,64.9541666667,0.0,  ,  ,0.508,  ,  
2019-05-02 15:40:00,12.1466666667,5.77078580255,734.155567184,  ,  ,1.32292324393,5.10002535612,65.0333333333,0.0,  ,  ,0.508,  ,  
2019-05-02 15:45:00,12.3716666667,5.75297141442,734.010360048,  ,  ,1.30000646332,3.40001690408,64.0,0.0,  ,  ,0.508,  ,  
2019-05-02 15:50:00,12.6991666667,6.00765956239,734.010360048,  ,  ,1.3770901799,3.10001541254,63.7541666667,0.0,  ,  ,0.508,  ,  
2019-05-02 15:55:00,12.8533333333,5.91241305249,734.007974166,  ,  ,1.4000069605,3.10001541254,62.7,0.0,  ,  ,0.508,  ,  
2019-05-02 16:00:00,12.6308333333,5.78910791519,733.93535388,  ,  ,1.01458837763,2.60001292665,63.0791666667,0.0,  ,  ,0.508,  ,  
2019-05-02 16:05:00,12.73375,5.91890405477,733.93535388,  ,  ,0.900004474609,5.00002485894,63.2208333333,0.0,  ,  ,0.508,  ,  
2019-05-02 16:10:00,12.9091666667,6.03425210076,733.930509965,  ,  ,1.43959049064,4.60002287023,63.0,0.0,  ,  ,0.508,  ,  
2019-05-02 16:15:00,12.9395833333,5.963157199,733.785341544,  ,  ,1.60000795486,4.80002386458,62.5666666667,0.0,  ,  ,0.508,  ,  
2019-05-02 16:20:00,12.75125,5.82838095574,733.785341544,  ,  ,1.60000795486,6.10003032791,62.7541666667,0.0,  ,  ,0.508,  ,  
2019-05-02 16:25:00,13.1016666667,6.12405359399,733.785341544,  ,  ,1.60000795486,5.30002635048,62.6,0.0,  ,  ,0.508,  ,  
2019-05-02 16:30:00,13.3333333333,6.02022286369,733.785341544,  ,  ,1.98542653774,6.30003132226,61.2208333333,0.0,  ,  ,0.508,  ,  
2019-05-02 16:35:00,13.3,5.93653881119,733.785341544,  ,  ,2.10001044075,5.10002535612,61.0,0.0,  ,  ,0.508,  ,  
2019-05-02 16:40:00,13.3345833333,5.96912266844,733.782955662,  ,  ,2.33126159048,4.50002237305,61.0,0.0,  ,  ,0.508,  ,  
2019-05-02 16:45:00,13.5704166667,6.15961112162,733.710335376,  ,  ,2.40001193229,4.60002287023,60.8666666667,0.0,  ,  ,0.508,  ,  
2019-05-02 16:50:00,13.7945833333,6.21604454685,733.710335376,  ,  ,2.01459334941,6.6000328138,60.2208333333,0.0,  ,  ,0.508,  ,  
2019-05-02 16:55:00,13.8033333333,6.2783394252,733.705491461,  ,  ,1.9000094464,3.90001938997,60.4458333333,0.0,  ,  ,0.508,  ,  
2019-05-02 17:00:00,13.8,6.40760509875,733.56032304,  ,  ,2.28542802927,5.00002485894,61.0,0.0,  ,  ,0.508,  ,  
2019-05-02 17:05:00,13.8779166667,6.25424483746,733.56032304,  ,  ,2.40001193229,6.00002983073,60.0541666667,0.0,  ,  ,0.508,  ,  
2019-05-02 17:10:00,13.94125,6.30876487849,733.557899879,  ,  ,2.70834679859,5.60002784201,60.0333333333,0.0,  ,  ,0.508,  ,  
2019-05-02 17:15:00,14.0845833333,6.43546870623,733.485316872,  ,  ,2.80001392101,5.10002535612,60.0,0.0,  ,  ,0.508,  ,  
2019-05-02 17:20:00,14.12125,6.46994122355,733.485316872,  ,  ,2.49167905471,4.10002038433,60.0,0.0,  ,  ,0.508,  ,  
2019-05-02 17:25:00,14.2545833333,6.49503958563,733.485316872,  ,  ,2.40001193229,4.80002386458,59.5875,0.0,  ,  ,0.508,  ,  
2019-05-02 17:30:00,14.3,6.2175884839,733.485316872,  ,  ,2.01459334941,6.30003132226,58.2875,0.0,  ,  ,0.508,  ,  
2019-05-02 17:35:00,14.3,6.14594563737,733.485316872,  ,  ,1.9000094464,5.50002734483,58.0,0.0,  ,  ,0.508,  ,  
2019-05-02 17:40:00,14.3,6.07607930357,733.482892506,  ,  ,2.8250140453,6.50003231662,57.7208333333,0.0,  ,  ,0.508,  ,  
2019-05-02 17:45:00,14.3,6.05411960479,733.410310704,  ,  ,3.10001541254,6.00002983073,57.6333333333,0.0,  ,  ,0.508,  ,  
2019-05-02 17:50:00,14.2620833333,5.99666086587,733.410310704,  ,  ,2.48334567994,5.80002883637,57.5458333333,0.0,  ,  ,0.508,  ,  
2019-05-02 17:55:00,14.06625,5.92707139727,733.40553894,  ,  ,2.30001143511,6.6000328138,58.0,0.0,  ,  ,0.508,  ,  
2019-05-02 18:00:00,13.7295833333,5.81259330636,733.260298368,  ,  ,3.07084860087,7.00003480252,58.8125,0.0,  ,  ,0.508,  ,  
2019-05-02 18:05:00,13.6,5.79702262453,733.260298368,  ,  ,3.3000164069,5.80002883637,59.2458333333,0.0,  ,  ,0.508,  ,  
2019-05-02 18:10:00,13.5666666667,5.94851181491,733.260298368,  ,  ,2.91459782402,6.10003032791,60.0,0.0,  ,  ,0.508,  ,  
2019-05-02 18:15:00,13.4608333333,5.84899744663,733.260298368,  ,  ,2.80001392101,5.80002883637,60.0,0.0,  ,  ,0.508,  ,  
2019-05-02 18:20:00,13.3075,5.93866571427,733.260298368,  ,  ,2.49167905471,5.50002734483,60.9791666667,0.0,  ,  ,0.508,  ,  
2019-05-02 18:25:00,13.1520833333,5.87099693621,733.25787641,  ,  ,2.40001193229,5.50002734483,61.3125,0.0,  ,  ,0.508,  ,  
2019-05-02 18:30:00,13.1,5.98308434716,733.1852922,  ,  ,2.55417936544,4.60002287023,62.0,0.0,  ,  ,0.508,  ,  
2019-05-02 18:35:00,13.1,5.98308434716,733.1852922,  ,  ,2.60001292665,5.80002883637,62.0,0.0,  ,  ,0.508,  ,  
2019-05-02 18:40:00,13.09,5.97364382115,733.182906318,  ,  ,2.4458454935,6.50003231662,62.0,0.0,  ,  ,0.508,  ,  
2019-05-02 18:45:00,12.9808333333,5.87058335598,733.110286032,  ,  ,2.40001193229,6.50003231662,62.0,0.0,  ,  ,0.508,  ,  
2019-05-02 18:50:00,12.7575,5.82469460984,733.110286032,  ,  ,2.40001193229,5.50002734483,62.7125,0.0,  ,  ,0.508,  ,  
2019-05-02 18:55:00,12.6220833333,5.76269519358,733.107864074,  ,  ,2.40001193229,5.00002485894,63.0,0.0,  ,  ,0.508,  ,  
2019-05-02 19:00:00,12.4441666667,5.69611642939,733.035279864,  ,  ,2.55417936544,4.80002386458,63.4458333333,0.0,  ,  ,0.508,  ,  
2019-05-02 19:05:00,12.3420833333,5.72493324544,733.035279864,  ,  ,2.60001292665,6.00002983073,64.0,0.0,  ,  ,0.508,  ,  
2019-05-02 19:10:00,12.2620833333,5.64911083865,733.035279864,  ,  ,2.4458454935,5.10002535612,64.0,0.0,  ,  ,0.508,  ,  
2019-05-02 19:15:00,12.1920833333,5.58276517942,733.035279864,  ,  ,2.40001193229,4.80002386458,64.0,0.0,  ,  ,0.508,  ,  
2019-05-02 19:20:00,12.1,5.6179048247,733.035279864,  ,  ,2.16876078257,3.80001889279,64.5458333333,0.0,  ,  ,0.508,  ,  
2019-05-02 19:25:00,12.06875,5.68939595224,733.037642558,  ,  ,2.10001044075,5.50002734483,65.0,0.0,  ,  ,0.508,  ,  
2019-05-02 19:30:00,11.9420833333,5.56911549449,733.110286032,  ,  ,2.33126159048,6.50003231662,65.0,0.0,  ,  ,0.508,  ,  
2019-05-02 19:35:00,11.9,5.52915320544,733.110286032,  ,  ,2.40001193229,7.1000352997,65.0,0.0,  ,  ,0.508,  ,  
2019-05-02 19:40:00,11.8154166667,5.44883192072,733.107883432,  ,  ,2.78543051517,6.10003032791,65.0,0.0,  ,  ,0.508,  ,  
2019-05-02 19:45:00,11.70875,5.40187129419,733.035279864,  ,  ,2.90001441819,6.00002983073,65.2458333333,0.0,  ,  ,0.508,  ,  
2019-05-02 19:50:00,11.6520833333,5.51352517695,733.035279864,  ,  ,2.90001441819,5.60002784201,66.0,0.0,  ,  ,0.508,  ,  
2019-05-02 19:55:00,11.56875,5.4342436931,733.037646108,  ,  ,2.90001441819,5.00002485894,66.0,0.0,  ,  ,0.508,  ,  
2019-05-02 20:00:00,11.4220833333,5.29470511296,733.110286032,  ,  ,2.82293070161,4.80002386458,66.0,0.0,  ,  ,0.508,  ,  
2019-05-02 20:05:00,11.35875,5.3312753771,733.110286032,  ,  ,2.80001392101,5.30002635048,66.4458333333,0.0,  ,  ,0.508,  ,  
2019-05-02 20:10:00,11.2920833333,5.38729314436,733.107855623,  ,  ,2.64584648786,4.30002137869,67.0,0.0,  ,  ,0.508,  ,  
2019-05-02 20:15:00,11.2066666667,5.30587905119,733.035279864,  ,  ,2.60001292665,5.50002734483,67.0,0.0,  ,  ,0.508,  ,  
2019-05-02 20:20:00,11.2,5.29952472478,733.035279864,  ,  ,2.4458454935,5.80002883637,67.0,0.0,  ,  ,0.508,  ,  
2019-05-02 20:25:00,11.16875,5.26973871214,733.035279864,  ,  ,2.40001193229,4.50002237305,67.0,0.0,  ,  ,0.508,  ,  
2019-05-02 20:30:00,11.1,5.24259898919,733.035279864,  ,  ,2.40001193229,4.60002287023,67.1791666667,0.0,  ,  ,0.508,  ,  
2019-05-02 20:35:00,11.0008333333,5.32264420763,733.035279864,  ,  ,2.40001193229,4.30002137869,68.0,0.0,  ,  ,0.508,  ,  
2019-05-02 20:40:00,10.9,5.22900412474,733.035279864,  ,  ,2.32292821572,5.60002784201,68.0125,0.0,  ,  ,0.508,  ,  
2019-05-02 20:45:00,10.80875,5.34912668824,733.035279864,  ,  ,2.30001143511,5.60002784201,69.0,0.0,  ,  ,0.508,  ,  
2019-05-02 20:50:00,10.7220833333,5.37958870824,733.035279864,  ,  ,2.53126258484,6.10003032791,69.5458333333,0.0,  ,  ,0.508,  ,  
2019-05-02 20:55:00,10.67875,5.43179575274,733.035279864,  ,  ,2.60001292665,6.10003032791,70.0,0.0,  ,  ,0.508,  ,  
2019-05-02 21:00:00,10.6033333333,5.44411843111,733.035279864,  ,  ,3.21668265925,6.30003132226,70.4125,0.0,  ,  ,0.508,  ,  
2019-05-02 21:05:00,10.6,5.56064059005,733.035279864,  ,  ,3.40001690408,6.6000328138,71.0,0.0,  ,  ,0.508,  ,  
2019-05-02 21:10:00,10.6,5.56064059005,733.035279864,  ,  ,3.55418433723,7.1000352997,71.0,0.0,  ,  ,0.508,  ,  
2019-05-02 21:15:00,10.6479166667,5.6066318334,733.035279864,  ,  ,3.60001789844,9.60004772917,71.0,0.0,  ,  ,0.508,  ,  
2019-05-02 21:20:00,10.7,5.6566219067,733.035279864,  ,  ,3.83126904816,8.5000422602,71.0,0.0,  ,  ,0.508,  ,  
2019-05-02 21:25:00,10.7779166667,5.75172533677,733.035279864,  ,  ,3.90001938997,8.0000397743,71.1,0.0,  ,  ,0.508,  ,  
2019-05-02 21:30:00,10.8445833333,5.79539211944,733.035279864,  ,  ,4.36252168943,8.5000422602,71.0,0.0,  ,  ,0.508,  ,  
2019-05-02 21:35:00,10.9,5.96350007031,733.035279864,  ,  ,4.50002237305,7.00003480252,71.5666666667,0.0,  ,  ,0.508,  ,  
2019-05-02 21:40:00,10.9,5.84857983295,733.037701822,  ,  ,4.50002237305,7.30003629405,71.0,0.0,  ,  ,0.508,  ,  
2019-05-02 21:45:00,10.9,5.84857983295,733.110286032,  ,  ,4.50002237305,5.50002734483,71.0,0.0,  ,  ,0.508,  ,  
2019-05-02 21:50:00,10.8966666667,5.8453805856,733.110286032,  ,  ,3.57501777414,5.80002883637,71.0,0.0,  ,  ,0.508,  ,  
2019-05-02 21:55:00,10.8254166667,5.968252144,733.110286032,  ,  ,3.3000164069,6.30003132226,71.9458333333,0.0,  ,  ,0.508,  ,  
2019-05-02 22:00:00,10.8,5.95470278185,733.110286032,  ,  ,3.14584897375,7.60003778559,72.0,0.0,  ,  ,0.508,  ,  
2019-05-02 22:05:00,10.8,5.96390632885,733.110286032,  ,  ,3.10001541254,6.10003032791,72.0458333333,0.0,  ,  ,0.508,  ,  
2019-05-02 22:10:00,10.8,6.07228648072,733.107864074,  ,  ,2.94584797939,5.00002485894,72.5875,0.0,  ,  ,0.508,  ,  
2019-05-02 22:15:00,10.79,5.97852903001,733.035279864,  ,  ,2.90001441819,6.00002983073,72.1666666667,0.0,  ,  ,0.508,  ,  
2019-05-02 22:20:00,10.71875,5.93003127851,733.035279864,  ,  ,2.82293070161,3.90001938997,72.2666666667,0.0,  ,  ,0.508,  ,  
2019-05-02 22:25:00,10.7,5.93864879122,733.032856703,  ,  ,2.80001392101,5.00002485894,72.4,0.0,  ,  ,0.508,  ,  
2019-05-02 22:30:00,10.7,5.85856364521,732.960273696,  ,  ,2.49167905471,5.60002784201,72.0,0.0,  ,  ,0.508,  ,  
2019-05-02 22:35:00,10.7,5.85856364521,732.960273696,  ,  ,2.40001193229,6.10003032791,72.0,0.0,  ,  ,0.508,  ,  
2019-05-02 22:40:00,10.7879166667,5.94308604964,732.955501932,  ,  ,2.70834679859,5.10002535612,72.0,0.0,  ,  ,0.508,  ,  
2019-05-02 22:45:00,10.8,5.87836567366,732.81026136,  ,  ,2.80001392101,5.80002883637,71.6208333333,0.0,  ,  ,0.508,  ,  
2019-05-02 22:50:00,10.8,5.75260165432,732.81026136,  ,  ,2.49167905471,4.60002287023,71.0,0.0,  ,  ,0.508,  ,  
2019-05-02 22:55:00,10.8,5.75260165432,732.807839402,  ,  ,2.40001193229,5.00002485894,71.0,0.0,  ,  ,0.508,  ,  
2019-05-02 23:00:00,10.8,5.75260165432,732.735255192,  ,  ,2.40001193229,7.1000352997,71.0,0.0,  ,  ,0.508,  ,  
2019-05-02 23:05:00,10.8,5.75260165432,732.735255192,  ,  ,2.40001193229,6.80003380816,71.0,0.0,  ,  ,0.508,  ,  
2019-05-02 23:10:00,10.8,5.75260165432,732.730483428,  ,  ,2.93959794832,5.50002734483,71.0,0.0,  ,  ,0.508,  ,  
2019-05-02 23:15:00,10.8133333333,5.76539883546,732.585242856,  ,  ,3.10001541254,4.60002287023,71.0,0.0,  ,  ,0.508,  ,  
2019-05-02 23:20:00,10.8945833333,5.84338105513,732.585242856,  ,  ,2.71459682967,5.80002883637,71.0,0.0,  ,  ,0.508,  ,  
2019-05-02 23:25:00,10.9,5.84857983295,732.582858159,  ,  ,2.60001292665,6.10003032791,71.0,0.0,  ,  ,0.508,  ,  
2019-05-02 23:30:00,10.9,5.83246049553,732.510236688,  ,  ,3.21668265925,5.80002883637,70.9208333333,0.0,  ,  ,0.508,  ,  
2019-05-02 23:35:00,10.9079166667,5.65824628702,732.510236688,  ,  ,3.40001690408,6.80003380816,70.0333333333,0.0,  ,  ,0.508,  ,  
2019-05-02 23:40:00,10.98,5.72044509335,732.515087833,  ,  ,2.93751460463,7.30003629405,70.0,0.0,  ,  ,0.508,  ,  
2019-05-02 23:45:00,11.0,6.20805461026,732.660249024,  ,  ,2.80001392101,6.10003032791,72.3041666667,0.0,  ,  ,0.508,  ,  
2019-05-02 23:50:00,10.9120833333,6.34399933482,732.660249024,  ,  ,3.03126507073,7.1000352997,73.4125,0.0,  ,  ,0.508,  ,  
  

    

