Time,TemperatureC,DewpointC,PressurehPa,WindDirection,WindDirectionDegrees,WindSpeedKMH,WindSpeedGustKMH,Humidity,HourlyPrecipMM,Conditions,Clouds,dailyrainMM,SoftwareType,DateUTC
                
2019-09-03 00:00:00,15.2,14.4033519027,751.336784856,  ,  ,0.0,0.0,95.0,0.0,  ,  ,0.0,  ,  
2019-09-03 00:05:00,15.1645833333,14.3681579978,751.336784856,  ,  ,0.0,0.0,95.0,0.0,  ,  ,0.0,  ,  
2019-09-03 00:10:00,15.1,14.303980797,751.336784856,  ,  ,0.0,0.0,95.0,0.0,  ,  ,0.0,  ,  
2019-09-03 00:15:00,15.1,14.303980797,751.336784856,  ,  ,0.0,0.600002983073,95.0,0.0,  ,  ,0.0,  ,  
2019-09-03 00:20:00,15.1620833333,14.365673721,751.381259189,  ,  ,0.0,1.9000094464,95.0,0.0,  ,  ,0.0,  ,  
2019-09-03 00:25:00,15.2720833333,14.4749817546,751.411791024,  ,  ,0.0,2.40001193229,95.0,0.0,  ,  ,0.0,  ,  
2019-09-03 00:30:00,15.3254166667,14.4318779907,751.411791024,  ,  ,0.547502722054,1.80000894922,94.4125,0.0,  ,  ,0.0,  ,  
2019-09-03 00:35:00,15.4,14.4381061282,751.456250175,  ,  ,0.600002983073,1.9000094464,94.0,0.0,  ,  ,0.0,  ,  
2019-09-03 00:40:00,15.38125,14.419498369,751.486797192,  ,  ,0.0525002610189,1.60000795486,94.0,0.0,  ,  ,0.0,  ,  
2019-09-03 00:45:00,15.3433333333,14.3818693129,751.486797192,  ,  ,0.0,1.60000795486,94.0,0.0,  ,  ,0.0,  ,  
2019-09-03 00:50:00,15.3,14.3388646248,751.486797192,  ,  ,0.0,1.80000894922,94.0,0.0,  ,  ,0.0,  ,  
2019-09-03 00:55:00,15.21125,14.2507875409,751.486797192,  ,  ,0.0,0.0,94.0,0.0,  ,  ,0.0,  ,  
2019-09-03 01:00:00,15.1845833333,14.2387084087,751.486797192,  ,  ,0.0,0.600002983073,94.0875,0.0,  ,  ,0.0,  ,  
2019-09-03 01:05:00,15.1,14.2985518542,751.531267549,  ,  ,0.0,0.0,94.9666666667,0.0,  ,  ,0.0,  ,  
2019-09-03 01:10:00,15.0025,14.2070937306,751.56180336,  ,  ,0.0,0.0,95.0,0.0,  ,  ,0.0,  ,  
2019-09-03 01:15:00,14.9,14.105237843,751.56180336,  ,  ,0.0,0.0,95.0,0.0,  ,  ,0.0,  ,  
2019-09-03 01:20:00,14.8545833333,14.0601064925,751.56180336,  ,  ,0.0,0.0,95.0,0.0,  ,  ,0.0,  ,  
2019-09-03 01:25:00,14.8,14.0058659946,751.56180336,  ,  ,0.0,0.0,95.0,0.0,  ,  ,0.0,  ,  
2019-09-03 01:30:00,14.75125,13.9770339946,751.56180336,  ,  ,0.0,1.80000894922,95.1208333333,0.0,  ,  ,0.0,  ,  
2019-09-03 01:35:00,14.7,14.062716773,751.56180336,  ,  ,0.0,0.0,95.9666666667,0.0,  ,  ,0.0,  ,  
2019-09-03 01:40:00,14.6479166667,14.0162562125,751.56180336,  ,  ,0.0,1.80000894922,96.0,0.0,  ,  ,0.0,  ,  
2019-09-03 01:45:00,14.6,13.9685791065,751.56180336,  ,  ,0.0,0.600002983073,96.0,0.0,  ,  ,0.0,  ,  
2019-09-03 01:50:00,14.5379166667,13.9068060931,751.56180336,  ,  ,0.0,1.30000646332,96.0,0.0,  ,  ,0.0,  ,  
2019-09-03 01:55:00,14.4179166667,13.7874056905,751.56180336,  ,  ,0.0,1.80000894922,96.0,0.0,  ,  ,0.0,  ,  
2019-09-03 02:00:00,14.4,13.7695785227,751.56180336,  ,  ,0.0,1.60000795486,96.0,0.0,  ,  ,0.0,  ,  
2019-09-03 02:05:00,14.4,13.7695785227,751.56180336,  ,  ,0.0,1.10000546897,96.0,0.0,  ,  ,0.0,  ,  
2019-09-03 02:10:00,14.4,13.7695785227,751.56180336,  ,  ,0.0,0.900004474609,96.0,0.0,  ,  ,0.0,  ,  
2019-09-03 02:15:00,14.4,13.7695785227,751.56180336,  ,  ,0.0,0.900004474609,96.0,0.0,  ,  ,0.0,  ,  
2019-09-03 02:20:00,14.39,13.7596284728,751.606277693,  ,  ,0.0,1.80000894922,96.0,0.0,  ,  ,0.0,  ,  
2019-09-03 02:25:00,14.37,13.739728367,751.636809528,  ,  ,0.0,1.60000795486,96.0,0.0,  ,  ,0.0,  ,  
2019-09-03 02:30:00,14.33125,13.7011718897,751.636809528,  ,  ,0.0,1.9000094464,96.0,0.0,  ,  ,0.0,  ,  
2019-09-03 02:35:00,14.3,13.6700779347,751.592350377,  ,  ,0.0,0.900004474609,96.0,0.0,  ,  ,0.0,  ,  
2019-09-03 02:40:00,14.3,13.6700779347,751.56180336,  ,  ,0.0,1.9000094464,96.0,0.0,  ,  ,0.0,  ,  
2019-09-03 02:45:00,14.3,13.6700779347,751.56180336,  ,  ,0.0,1.60000795486,96.0,0.0,  ,  ,0.0,  ,  
2019-09-03 02:50:00,14.3,13.6700779347,751.6062556,  ,  ,0.0,0.600002983073,96.0,0.0,  ,  ,0.0,  ,  
2019-09-03 02:55:00,14.3,13.6700779347,751.636809528,  ,  ,0.0,1.60000795486,96.0,0.0,  ,  ,0.0,  ,  
2019-09-03 03:00:00,14.3,13.6700779347,751.636809528,  ,  ,0.0,1.30000646332,96.0,0.0,  ,  ,0.0,  ,  
2019-09-03 03:05:00,14.3066666667,13.6767113134,751.636809528,  ,  ,0.0,2.10001044075,96.0,0.0,  ,  ,0.0,  ,  
2019-09-03 03:10:00,14.31,13.6800280024,751.636809528,  ,  ,0.0,1.9000094464,96.0,0.0,  ,  ,0.0,  ,  
2019-09-03 03:15:00,14.3,13.6700779347,751.636809528,  ,  ,0.0,1.4000069605,96.0,0.0,  ,  ,0.0,  ,  
2019-09-03 03:20:00,14.3,13.6700779347,751.636809528,  ,  ,0.0,1.80000894922,96.0,0.0,  ,  ,0.0,  ,  
2019-09-03 03:25:00,14.24125,13.6116212472,751.636809528,  ,  ,0.0,1.10000546897,96.0,0.0,  ,  ,0.0,  ,  
2019-09-03 03:30:00,14.2,13.5705771493,751.636809528,  ,  ,0.0,0.0,96.0,0.0,  ,  ,0.0,  ,  
2019-09-03 03:35:00,14.1945833333,13.5705268197,751.681416885,  ,  ,0.0,0.0,96.0333333333,0.0,  ,  ,0.0,  ,  
2019-09-03 03:40:00,14.13,13.5435736002,751.711815696,  ,  ,0.0,0.0,96.2666666667,0.0,  ,  ,0.0,  ,  
2019-09-03 03:45:00,14.1,13.5489435109,751.711815696,  ,  ,0.0,0.0,96.4875,0.0,  ,  ,0.0,  ,  
2019-09-03 03:50:00,14.04125,13.5719015471,751.711815696,  ,  ,0.0,0.0,97.0,0.0,  ,  ,0.0,  ,  
2019-09-03 03:55:00,13.96125,13.4921995271,751.711815696,  ,  ,0.0,0.0,97.0,0.0,  ,  ,0.0,  ,  
2019-09-03 04:00:00,13.9,13.3590971857,751.711815696,  ,  ,0.0,0.0,96.5458333333,0.0,  ,  ,0.0,  ,  
2019-09-03 04:05:00,13.8179166667,13.1903994138,751.711815696,  ,  ,0.0,0.0,96.0,0.0,  ,  ,0.0,  ,  
2019-09-03 04:10:00,13.6958333333,13.1200451908,751.711815696,  ,  ,0.0,0.0,96.3208333333,0.0,  ,  ,0.0,  ,  
2019-09-03 04:15:00,13.6066666667,13.1389357911,751.711815696,  ,  ,0.0,0.0,97.0,0.0,  ,  ,0.0,  ,  
2019-09-03 04:20:00,13.56125,13.0936880105,751.711815696,  ,  ,0.0,0.0,97.0,0.0,  ,  ,0.0,  ,  
2019-09-03 04:25:00,13.3858333333,12.7783660012,751.711815696,  ,  ,0.0,0.0,96.1125,0.0,  ,  ,0.0,  ,  
2019-09-03 04:30:00,13.2345833333,12.6099698316,751.711815696,  ,  ,0.0,0.0,96.0,0.0,  ,  ,0.0,  ,  
2019-09-03 04:35:00,13.0925,12.5932060611,751.711815696,  ,  ,0.0,0.0,96.7875,0.0,  ,  ,0.0,  ,  
2019-09-03 04:40:00,12.9545833333,12.4892743708,751.711815696,  ,  ,0.0,0.0,97.0,0.0,  ,  ,0.0,  ,  
2019-09-03 04:45:00,12.9,12.4348934816,751.711815696,  ,  ,0.0,0.0,97.0,0.0,  ,  ,0.0,  ,  
2019-09-03 04:50:00,12.9,12.5737881267,751.756267936,  ,  ,0.0,0.0,97.8875,0.0,  ,  ,0.0,  ,  
2019-09-03 04:55:00,12.9,12.651552395,751.786821864,  ,  ,0.0,0.0,98.3875,0.0,  ,  ,0.0,  ,  
2019-09-03 05:00:00,12.9854166667,12.7923554631,751.786821864,  ,  ,0.0,0.0,98.7458333333,0.0,  ,  ,0.0,  ,  
2019-09-03 05:05:00,13.0,12.7170238188,751.786821864,  ,  ,0.0,0.0,98.1666666667,0.0,  ,  ,0.0,  ,  
2019-09-03 05:10:00,12.97125,12.6623899992,751.786821864,  ,  ,0.0,0.0,98.0,0.0,  ,  ,0.0,  ,  
2019-09-03 05:15:00,12.8845833333,12.4633383499,751.786821864,  ,  ,0.0,0.0,97.2791666667,0.0,  ,  ,0.0,  ,  
2019-09-03 05:20:00,12.7445833333,12.2800529993,751.831274104,  ,  ,0.0,0.0,97.0,0.0,  ,  ,0.0,  ,  
2019-09-03 05:25:00,12.62125,12.1571766524,751.861828032,  ,  ,0.0,0.0,97.0,0.0,  ,  ,0.0,  ,  
2019-09-03 05:30:00,12.4458333333,11.9824095696,751.861828032,  ,  ,0.0,0.0,97.0,0.0,  ,  ,0.0,  ,  
2019-09-03 05:35:00,12.3345833333,11.8715713031,751.861828032,  ,  ,0.0,0.0,97.0,0.0,  ,  ,0.0,  ,  
2019-09-03 05:40:00,12.2479166667,11.7852252611,751.861828032,  ,  ,0.0,0.0,97.0,0.0,  ,  ,0.0,  ,  
2019-09-03 05:45:00,12.1579166667,11.6955581001,751.861828032,  ,  ,0.0,0.0,97.0,0.0,  ,  ,0.0,  ,  
2019-09-03 05:50:00,12.07125,11.6092118322,751.861828032,  ,  ,0.0,0.0,97.0,0.0,  ,  ,0.0,  ,  
2019-09-03 05:55:00,11.9245833333,11.4630871262,751.861828032,  ,  ,0.0,0.0,97.0,0.0,  ,  ,0.0,  ,  
2019-09-03 06:00:00,11.8979166667,11.4365189637,751.861828032,  ,  ,0.0,0.0,97.0,0.0,  ,  ,0.0,  ,  
2019-09-03 06:05:00,11.8066666667,11.4213733186,751.861828032,  ,  ,0.0,0.0,97.4875,0.0,  ,  ,0.0,  ,  
2019-09-03 06:10:00,11.8,11.4940177632,751.861828032,  ,  ,0.0,0.0,98.0,0.0,  ,  ,0.0,  ,  
2019-09-03 06:15:00,11.8,11.4940177632,751.861828032,  ,  ,0.0,0.0,98.0,0.0,  ,  ,0.0,  ,  
2019-09-03 06:20:00,11.8,11.4940177632,751.861828032,  ,  ,0.0,0.0,98.0,0.0,  ,  ,0.0,  ,  
2019-09-03 06:25:00,11.8,11.4940177632,751.861828032,  ,  ,0.0,0.0,98.0,0.0,  ,  ,0.0,  ,  
2019-09-03 06:30:00,11.8720833333,11.7126656749,751.861828032,  ,  ,0.0,0.0,98.9541666667,0.0,  ,  ,0.0,  ,  
2019-09-03 06:35:00,11.9654166667,11.8129024065,751.861828032,  ,  ,0.0,0.0,99.0,0.0,  ,  ,0.0,  ,  
2019-09-03 06:40:00,12.07875,11.9260972859,751.861828032,  ,  ,0.0,0.0,99.0,0.0,  ,  ,0.0,  ,  
2019-09-03 06:45:00,12.2408333333,12.0879825005,751.861828032,  ,  ,0.0,0.0,99.0,0.0,  ,  ,0.0,  ,  
2019-09-03 06:50:00,12.5470833333,12.3938578127,751.906280272,  ,  ,0.0,0.0,99.0,0.0,  ,  ,0.0,  ,  
2019-09-03 06:55:00,12.9616666667,12.8079331852,751.9368342,  ,  ,0.0,0.600002983073,99.0,0.0,  ,  ,0.0,  ,  
2019-09-03 07:00:00,13.23875,13.0846765588,751.9368342,  ,  ,0.0,0.0,99.0,0.0,  ,  ,0.0,  ,  
2019-09-03 07:05:00,13.4229166667,13.2686170597,751.892359867,  ,  ,0.0,0.600002983073,99.0,0.0,  ,  ,0.0,  ,  
2019-09-03 07:10:00,13.6120833333,13.4575512477,751.861828032,  ,  ,0.0,1.80000894922,99.0,0.0,  ,  ,0.0,  ,  
2019-09-03 07:15:00,13.73875,13.5840621481,751.861828032,  ,  ,0.0,1.30000646332,99.0,0.0,  ,  ,0.0,  ,  
2019-09-03 07:20:00,13.8708333333,13.572172923,751.906280272,  ,  ,0.0,1.30000646332,98.0791666667,0.0,  ,  ,0.0,  ,  
2019-09-03 07:25:00,14.1175,13.8058106351,751.9368342,  ,  ,0.0,0.900004474609,98.0,0.0,  ,  ,0.0,  ,  
2019-09-03 07:30:00,14.2620833333,13.8678573406,751.9368342,  ,  ,0.0,1.80000894922,97.4791666667,0.0,  ,  ,0.0,  ,  
2019-09-03 07:35:00,14.44625,13.975391574,751.892359867,  ,  ,0.0,0.900004474609,97.0,0.0,  ,  ,0.0,  ,  
2019-09-03 07:40:00,14.6975,14.2257036148,751.861828032,  ,  ,0.0,0.600002983073,97.0,0.0,  ,  ,0.0,  ,  
2019-09-03 07:45:00,14.96625,14.3886518178,751.861828032,  ,  ,0.0,1.60000795486,96.3458333333,0.0,  ,  ,0.0,  ,  
2019-09-03 07:50:00,15.2795833333,14.5387411317,751.861828032,  ,  ,0.0,0.0,95.3458333333,0.0,  ,  ,0.0,  ,  
2019-09-03 07:55:00,15.54625,14.7276652224,751.861828032,  ,  ,0.0,0.80000397743,94.8791666667,0.0,  ,  ,0.0,  ,  
2019-09-03 08:00:00,15.80625,14.8212892995,751.861828032,  ,  ,0.0,1.4000069605,93.8791666667,0.0,  ,  ,0.0,  ,  
2019-09-03 08:05:00,16.1295833333,14.9956701947,751.906280272,  ,  ,0.0,0.600002983073,93.0,0.0,  ,  ,0.0,  ,  
2019-09-03 08:10:00,16.3641666667,15.1350575434,751.9368342,  ,  ,0.0,1.9000094464,92.4458333333,0.0,  ,  ,0.0,  ,  
2019-09-03 08:15:00,16.5541666667,15.2478519299,751.9368342,  ,  ,0.0,1.10000546897,92.0,0.0,  ,  ,0.0,  ,  
2019-09-03 08:20:00,16.7941666667,15.3910809367,751.9368342,  ,  ,0.0,1.4000069605,91.4458333333,0.0,  ,  ,0.0,  ,  
2019-09-03 08:25:00,17.145,15.5891447531,751.9368342,  ,  ,0.0,0.80000397743,90.5791666667,0.0,  ,  ,0.0,  ,  
2019-09-03 08:30:00,17.525,15.8255374693,751.9368342,  ,  ,0.0,1.60000795486,89.7791666667,0.0,  ,  ,0.0,  ,  
2019-09-03 08:35:00,17.9116666667,15.9663936316,751.9368342,  ,  ,0.0,2.10001044075,88.4125,0.0,  ,  ,0.0,  ,  
2019-09-03 08:40:00,18.1875,16.0594830349,751.9368342,  ,  ,0.547502722054,2.10001044075,87.4125,0.0,  ,  ,0.0,  ,  
2019-09-03 08:45:00,18.3520833333,16.1410518726,751.9368342,  ,  ,0.600002983073,1.30000646332,86.9666666667,0.0,  ,  ,0.0,  ,  
2019-09-03 08:50:00,18.57625,16.2548253809,751.981233974,  ,  ,0.0525002610189,1.60000795486,86.3791666667,0.0,  ,  ,0.0,  ,  
2019-09-03 08:55:00,18.8329166667,16.3420912156,752.011840368,  ,  ,0.0,1.9000094464,85.4791666667,0.0,  ,  ,0.0,  ,  
2019-09-03 09:00:00,19.0975,16.4759532803,752.011840368,  ,  ,0.547502722054,1.30000646332,84.8,0.0,  ,  ,0.0,  ,  
2019-09-03 09:05:00,19.3041666667,16.5189389066,751.967418515,  ,  ,0.600002983073,0.80000397743,83.9458333333,0.0,  ,  ,0.0,  ,  
2019-09-03 09:10:00,19.5395833333,16.6275279851,751.9368342,  ,  ,0.0525002610189,1.60000795486,83.3,0.0,  ,  ,0.0,  ,  
2019-09-03 09:15:00,19.84625,16.7948699738,751.9368342,  ,  ,0.0,1.80000894922,82.6041666667,0.0,  ,  ,0.0,  ,  
2019-09-03 09:20:00,19.96125,16.5848826114,751.9368342,  ,  ,0.547502722054,2.40001193229,80.9333333333,0.0,  ,  ,0.0,  ,  
2019-09-03 09:25:00,19.8579166667,16.3997713231,751.9368342,  ,  ,0.600002983073,3.10001541254,80.5,0.0,  ,  ,0.0,  ,  
2019-09-03 09:30:00,19.9916666667,16.5218016602,751.9368342,  ,  ,1.05625525145,1.9000094464,80.4583333333,0.0,  ,  ,0.0,  ,  
2019-09-03 09:35:00,20.45375,16.729344927,751.892412347,  ,  ,1.10000546897,2.90001441819,79.2333333333,0.0,  ,  ,0.0,  ,  
2019-09-03 09:40:00,20.9404166667,16.9522982598,751.861828032,  ,  ,0.82625410794,1.80000894922,77.9916666667,0.0,  ,  ,0.0,  ,  
2019-09-03 09:45:00,21.2354166667,17.022134413,751.861828032,  ,  ,0.80000397743,1.9000094464,76.9333333333,0.0,  ,  ,0.0,  ,  
2019-09-03 09:50:00,21.5283333333,17.1911247028,751.861828032,  ,  ,0.617503070079,1.4000069605,76.3791666667,0.0,  ,  ,0.0,  ,  
2019-09-03 09:55:00,21.8673640167,17.2256765152,751.861828032,  ,  ,0.600002983073,2.10001044075,74.9790794979,0.0,  ,  ,0.0,  ,  
2019-09-03 10:00:00,22.0108333333,17.2651699758,751.861828032,  ,  ,0.600002983073,1.30000646332,74.5125,0.0,  ,  ,0.0,  ,  
2019-09-03 10:05:00,22.16875,17.3293815359,751.861828032,  ,  ,0.600002983073,0.80000397743,74.1,0.0,  ,  ,0.0,  ,  
2019-09-03 10:10:00,22.3008333333,17.4137334712,751.861828032,  ,  ,0.0525002610189,1.30000646332,73.9,0.0,  ,  ,0.0,  ,  
2019-09-03 10:15:00,22.5375,17.365467155,751.861828032,  ,  ,0.0,1.4000069605,72.625,0.0,  ,  ,0.0,  ,  
2019-09-03 10:20:00,22.7508333333,17.4213439556,751.861828032,  ,  ,0.0,2.10001044075,71.9458333333,0.0,  ,  ,0.0,  ,  
2019-09-03 10:25:00,22.8154166667,17.2930660261,751.861828032,  ,  ,0.0,0.0,71.0875,0.0,  ,  ,0.0,  ,  
2019-09-03 10:30:00,22.9633333333,17.2488697444,751.861828032,  ,  ,0.0,2.30001143511,70.2583333333,0.0,  ,  ,0.0,  ,  
2019-09-03 10:35:00,22.78125,17.0690524664,751.861828032,  ,  ,0.0,1.10000546897,70.2333333333,0.0,  ,  ,0.0,  ,  
2019-09-03 10:40:00,22.7866666667,17.1266897817,751.861828032,  ,  ,0.547502722054,1.10000546897,70.4666666667,0.0,  ,  ,0.0,  ,  
2019-09-03 10:45:00,22.8975,17.1228978624,751.861828032,  ,  ,0.600002983073,1.80000894922,69.9791666667,0.0,  ,  ,0.0,  ,  
2019-09-03 10:50:00,22.9645833333,16.8877459455,751.817428258,  ,  ,0.0525002610189,2.60001292665,68.6666666667,0.0,  ,  ,0.0,  ,  
2019-09-03 10:55:00,22.8966666667,16.9222728051,751.786821864,  ,  ,0.0,1.9000094464,69.1,0.0,  ,  ,0.0,  ,  
2019-09-03 11:00:00,22.9566666667,16.8955157533,751.786821864,  ,  ,0.547502722054,2.30001143511,68.7333333333,0.0,  ,  ,0.0,  ,  
2019-09-03 11:05:00,22.8166666667,16.944609207,751.742400011,  ,  ,0.600002983073,2.40001193229,69.5333333333,0.0,  ,  ,0.0,  ,  
2019-09-03 11:10:00,22.9254166667,16.7610889294,751.711815696,  ,  ,0.782503890424,2.90001441819,68.2791666667,0.0,  ,  ,0.0,  ,  
2019-09-03 11:15:00,23.0708333333,16.6669461159,751.711815696,  ,  ,0.80000397743,2.30001143511,67.2791666667,0.0,  ,  ,0.0,  ,  
2019-09-03 11:20:00,23.1079166667,16.6572597205,751.711815696,  ,  ,0.80000397743,3.40001690408,67.0875,0.0,  ,  ,0.0,  ,  
2019-09-03 11:25:00,23.09,16.7757478775,751.711815696,  ,  ,0.80000397743,2.10001044075,67.6666666667,0.0,  ,  ,0.0,  ,  
2019-09-03 11:30:00,23.2308333333,16.8191819044,751.711815696,  ,  ,0.80000397743,2.10001044075,67.2791666667,0.0,  ,  ,0.0,  ,  
2019-09-03 11:35:00,23.47625,16.8953414563,751.667446376,  ,  ,0.80000397743,2.90001441819,66.6125,0.0,  ,  ,0.0,  ,  
2019-09-03 11:40:00,23.7708333333,16.7991862552,751.636809528,  ,  ,0.80000397743,2.40001193229,65.0458333333,0.0,  ,  ,0.0,  ,  
2019-09-03 11:45:00,23.6925,16.5870722644,751.636809528,  ,  ,0.80000397743,2.60001292665,64.4791666667,0.0,  ,  ,0.0,  ,  
2019-09-03 11:50:00,23.62875,16.4747782962,751.636809528,  ,  ,0.80000397743,2.40001193229,64.2666666667,0.0,  ,  ,0.0,  ,  
2019-09-03 11:55:00,23.7520833333,16.5587392461,751.636809528,  ,  ,0.80000397743,1.80000894922,64.1333333333,0.0,  ,  ,0.0,  ,  
2019-09-03 12:00:00,23.8654166667,16.817854194,751.636809528,  ,  ,0.617503070079,1.30000646332,64.7541666667,0.0,  ,  ,0.0,  ,  
2019-09-03 12:05:00,23.9,16.9670228433,751.636809528,  ,  ,0.600002983073,2.80001392101,65.2333333333,0.0,  ,  ,0.0,  ,  
2019-09-03 12:10:00,23.9133333333,16.8449303591,751.636809528,  ,  ,0.600002983073,2.30001143511,64.6791666667,0.0,  ,  ,0.0,  ,  
2019-09-03 12:15:00,23.8258333333,16.7966092753,751.636809528,  ,  ,0.600002983073,2.10001044075,64.8208333333,0.0,  ,  ,0.0,  ,  
2019-09-03 12:20:00,23.6879166667,16.757965552,751.636809528,  ,  ,0.600002983073,2.80001392101,65.2,0.0,  ,  ,0.0,  ,  
2019-09-03 12:25:00,23.6166666667,16.6632213733,751.636809528,  ,  ,0.600002983073,1.10000546897,65.0875,0.0,  ,  ,0.0,  ,  
2019-09-03 12:30:00,23.4758333333,16.7491702,751.636809528,  ,  ,0.600002983073,1.10000546897,66.0,0.0,  ,  ,0.0,  ,  
2019-09-03 12:35:00,23.4233333333,16.5504246113,751.592484312,  ,  ,0.600002983073,3.40001690408,65.3791666667,0.0,  ,  ,0.0,  ,  
2019-09-03 12:40:00,23.4133333333,16.5057870984,751.56180336,  ,  ,0.782503890424,3.3000164069,65.2333333333,0.0,  ,  ,0.0,  ,  
2019-09-03 12:45:00,23.2858333333,16.5389745682,751.56180336,  ,  ,0.80000397743,0.80000397743,65.875,0.0,  ,  ,0.0,  ,  
2019-09-03 12:50:00,23.1579166667,16.4394608492,751.517478144,  ,  ,0.617503070079,1.60000795486,65.9666666667,0.0,  ,  ,0.0,  ,  
2019-09-03 12:55:00,23.2175,16.6336814361,751.486797192,  ,  ,0.600002983073,2.60001292665,66.5458333333,0.0,  ,  ,0.0,  ,  
2019-09-03 13:00:00,23.3941666667,16.4261913082,751.486797192,  ,  ,0.600002983073,2.80001392101,64.9791666667,0.0,  ,  ,0.0,  ,  
2019-09-03 13:05:00,23.3958333333,16.3438454109,751.486797192,  ,  ,0.600002983073,2.10001044075,64.6333333333,0.0,  ,  ,0.0,  ,  
2019-09-03 13:10:00,23.2645833333,16.3326328672,751.486797192,  ,  ,0.600002983073,1.80000894922,65.1,0.0,  ,  ,0.0,  ,  
2019-09-03 13:15:00,23.2233333333,16.285496453,751.486797192,  ,  ,0.600002983073,2.60001292665,65.0666666667,0.0,  ,  ,0.0,  ,  
2019-09-03 13:20:00,23.0791666667,16.2551297999,751.486797192,  ,  ,0.600002983073,2.40001193229,65.5083333333,0.0,  ,  ,0.0,  ,  
2019-09-03 13:25:00,23.04875,16.4417775608,751.486797192,  ,  ,0.600002983073,2.90001441819,66.4125,0.0,  ,  ,0.0,  ,  
2019-09-03 13:30:00,23.2108333333,16.4419031621,751.486797192,  ,  ,0.600002983073,2.30001143511,65.7666666667,0.0,  ,  ,0.0,  ,  
2019-09-03 13:35:00,23.4154166667,16.5158037376,751.442449935,  ,  ,0.600002983073,2.10001044075,65.2666666667,0.0,  ,  ,0.0,  ,  
2019-09-03 13:40:00,23.4066666667,16.6626091142,751.411791024,  ,  ,0.782503890424,1.10000546897,65.9125,0.0,  ,  ,0.0,  ,  
2019-09-03 13:45:00,23.4,16.5944062857,751.411791024,  ,  ,0.80000397743,0.80000397743,65.6541666667,0.0,  ,  ,0.0,  ,  
2019-09-03 13:50:00,23.3279166667,16.5400143228,751.367470905,  ,  ,0.0700003480252,1.10000546897,65.7125,0.0,  ,  ,0.0,  ,  
2019-09-03 13:55:00,23.2145833333,16.4982161551,751.336784856,  ,  ,0.0,0.600002983073,65.9875,0.0,  ,  ,0.0,  ,  
2019-09-03 14:00:00,23.1025,16.562815098,751.336784856,  ,  ,0.0,0.0,66.7083333333,0.0,  ,  ,0.0,  ,  
2019-09-03 14:05:00,22.9391666667,16.6165969636,751.336784856,  ,  ,0.0,1.4000069605,67.6,0.0,  ,  ,0.0,  ,  
2019-09-03 14:10:00,22.74125,16.5566684235,751.336784856,  ,  ,0.0,1.4000069605,68.1541666667,0.0,  ,  ,0.0,  ,  
2019-09-03 14:15:00,22.63125,16.673632003,751.336784856,  ,  ,0.0,0.0,69.1208333333,0.0,  ,  ,0.0,  ,  
2019-09-03 14:20:00,22.60875,16.7081135723,751.336784856,  ,  ,0.0,0.0,69.3666666667,0.0,  ,  ,0.0,  ,  
2019-09-03 14:25:00,22.7,16.8331414862,751.336784856,  ,  ,0.0,0.900004474609,69.5333333333,0.0,  ,  ,0.0,  ,  
2019-09-03 14:30:00,22.6866666667,16.7170328512,751.336784856,  ,  ,0.0,1.30000646332,69.0791666667,0.0,  ,  ,0.0,  ,  
2019-09-03 14:35:00,22.5625,16.6155881085,751.336784856,  ,  ,0.0,1.60000795486,69.1541666667,0.0,  ,  ,0.0,  ,  
2019-09-03 14:40:00,22.5020833333,16.6817723502,751.336784856,  ,  ,0.0,0.0,69.7,0.0,  ,  ,0.0,  ,  
2019-09-03 14:45:00,22.5279166667,16.7666833079,751.336784856,  ,  ,0.0,0.0,69.9666666667,0.0,  ,  ,0.0,  ,  
2019-09-03 14:50:00,22.5120833333,16.7440276122,751.29245964,  ,  ,0.0,2.10001044075,69.9333333333,0.0,  ,  ,0.0,  ,  
2019-09-03 14:55:00,22.4845833333,16.6725825933,751.261778688,  ,  ,0.0,0.900004474609,69.7333333333,0.0,  ,  ,0.0,  ,  
2019-09-03 15:00:00,22.5033333333,16.7581973037,751.261778688,  ,  ,0.0,1.60000795486,70.0333333333,0.0,  ,  ,0.0,  ,  
2019-09-03 15:05:00,22.51,16.7720789629,751.261778688,  ,  ,0.0,0.600002983073,70.0666666667,0.0,  ,  ,0.0,  ,  
2019-09-03 15:10:00,22.4579166667,16.7072575461,751.261778688,  ,  ,0.0,0.80000397743,70.0,0.0,  ,  ,0.0,  ,  
2019-09-03 15:15:00,22.4066666667,16.7602142251,751.261778688,  ,  ,0.0,0.0,70.4541666667,0.0,  ,  ,0.0,  ,  
2019-09-03 15:20:00,22.3945833333,17.0226470179,751.261778688,  ,  ,0.0,0.0,71.6875,0.0,  ,  ,0.0,  ,  
2019-09-03 15:25:00,22.34,16.9243217759,751.261778688,  ,  ,0.0,0.80000397743,71.4791666667,0.0,  ,  ,0.0,  ,  
2019-09-03 15:30:00,22.3133333333,16.7898124679,751.261778688,  ,  ,0.0,1.4000069605,70.9875,0.0,  ,  ,0.0,  ,  
2019-09-03 15:35:00,22.3320833333,17.114488794,751.217473942,  ,  ,0.0,1.30000646332,72.3791666667,0.0,  ,  ,0.0,  ,  
2019-09-03 15:40:00,22.3545833333,16.8959002941,751.18677252,  ,  ,0.0,0.900004474609,71.2875,0.0,  ,  ,0.0,  ,  
2019-09-03 15:45:00,22.3,16.9273390061,751.18677252,  ,  ,0.0,1.10000546897,71.6666666667,0.0,  ,  ,0.0,  ,  
2019-09-03 15:50:00,22.3,16.849118447,751.18677252,  ,  ,0.0,0.0,71.3125,0.0,  ,  ,0.0,  ,  
2019-09-03 15:55:00,22.3,16.9759406092,751.18677252,  ,  ,0.0,0.0,71.8875,0.0,  ,  ,0.0,  ,  
2019-09-03 16:00:00,22.23125,16.9465520137,751.18677252,  ,  ,0.0,0.0,72.0541666667,0.0,  ,  ,0.0,  ,  
2019-09-03 16:05:00,22.21,17.103377693,751.098345765,  ,  ,0.0,0.600002983073,72.8666666667,0.0,  ,  ,0.0,  ,  
2019-09-03 16:10:00,22.2033333333,17.1619650715,751.036760184,  ,  ,0.0,0.0,73.1666666667,0.0,  ,  ,0.0,  ,  
2019-09-03 16:15:00,22.2554166667,17.1759538345,751.036760184,  ,  ,0.0,0.0,73.0,0.0,  ,  ,0.0,  ,  
2019-09-03 16:20:00,22.2666666667,17.3540090203,751.036760184,  ,  ,0.0,0.0,73.775,0.0,  ,  ,0.0,  ,  
2019-09-03 16:25:00,22.3033333333,17.461672997,751.036760184,  ,  ,0.0,0.600002983073,74.1125,0.0,  ,  ,0.0,  ,  
2019-09-03 16:30:00,22.3,17.2909509587,751.036760184,  ,  ,0.0,0.900004474609,73.3333333333,0.0,  ,  ,0.0,  ,  
2019-09-03 16:35:00,22.2866666667,17.414389628,751.036760184,  ,  ,0.0,0.0,73.9666666667,0.0,  ,  ,0.0,  ,  
2019-09-03 16:40:00,22.2046025105,17.4211815995,751.036760184,  ,  ,0.0,0.0,74.3682008368,0.0,  ,  ,0.0,  ,  
2019-09-03 16:45:00,22.2033333333,17.37694126,751.036760184,  ,  ,0.0,0.80000397743,74.1666666667,0.0,  ,  ,0.0,  ,  
2019-09-03 16:50:00,22.2,17.356804877,750.992524821,  ,  ,0.0,0.0,74.0875,0.0,  ,  ,0.0,  ,  
2019-09-03 16:55:00,22.2,17.3977556893,750.961754016,  ,  ,0.0,0.0,74.2791666667,0.0,  ,  ,0.0,  ,  
2019-09-03 17:00:00,22.2,17.3666058953,750.961754016,  ,  ,0.0,0.0,74.1333333333,0.0,  ,  ,0.0,  ,  
2019-09-03 17:05:00,22.16,17.4461292169,750.961754016,  ,  ,0.0,0.0,74.6875,0.0,  ,  ,0.0,  ,  
2019-09-03 17:10:00,22.2,17.5438872502,750.961754016,  ,  ,0.0,0.80000397743,74.9666666667,0.0,  ,  ,0.0,  ,  
2019-09-03 17:15:00,22.1145833333,17.4896896802,750.961754016,  ,  ,0.0,0.0,75.1,0.0,  ,  ,0.0,  ,  
2019-09-03 17:20:00,22.0845833333,17.7072090013,750.91753788,  ,  ,0.0,0.0,76.275,0.0,  ,  ,0.0,  ,  
2019-09-03 17:25:00,22.0,17.7620027102,750.886747848,  ,  ,0.0,0.0,76.9333333333,0.0,  ,  ,0.0,  ,  
2019-09-03 17:30:00,21.9347280335,17.7462537033,750.886747848,  ,  ,0.0,0.0,77.1631799163,0.0,  ,  ,0.0,  ,  
2019-09-03 17:35:00,21.9,17.7544959961,750.842534471,  ,  ,0.0,0.0,77.3666666667,0.0,  ,  ,0.0,  ,  
2019-09-03 17:40:00,21.8479166667,17.6397643433,750.81174168,  ,  ,0.0,0.0,77.0541666667,0.0,  ,  ,0.0,  ,  
2019-09-03 17:45:00,21.7845833333,17.6110584409,750.81174168,  ,  ,0.0,0.0,77.2125,0.0,  ,  ,0.0,  ,  
2019-09-03 17:50:00,21.7,17.4897396815,750.81174168,  ,  ,0.0,0.0,77.0208333333,0.0,  ,  ,0.0,  ,  
2019-09-03 17:55:00,21.65125,17.6294667927,750.81174168,  ,  ,0.0,0.0,77.9333333333,0.0,  ,  ,0.0,  ,  
2019-09-03 18:00:00,21.5933333333,17.4438682987,750.81174168,  ,  ,0.0,0.0,77.3,0.0,  ,  ,0.0,  ,  
2019-09-03 18:05:00,21.57,17.5710705653,750.81174168,  ,  ,0.0,0.0,78.0333333333,0.0,  ,  ,0.0,  ,  
2019-09-03 18:10:00,21.4491666667,17.4945369306,750.81174168,  ,  ,0.0,0.0,78.2333333333,0.0,  ,  ,0.0,  ,  
2019-09-03 18:15:00,21.4,17.2113770758,750.81174168,  ,  ,0.0,0.0,77.0791666667,0.0,  ,  ,0.0,  ,  
2019-09-03 18:20:00,21.4,17.4848268425,750.81174168,  ,  ,0.0,0.0,78.4208333333,0.0,  ,  ,0.0,  ,  
2019-09-03 18:25:00,21.4920833333,17.664171107,750.81174168,  ,  ,0.0,0.0,78.8666666667,0.0,  ,  ,0.0,  ,  
2019-09-03 18:30:00,21.51,17.5129069405,750.81174168,  ,  ,0.0,0.0,78.0333333333,0.0,  ,  ,0.0,  ,  
2019-09-03 18:35:00,21.51,17.4611531278,750.767550267,  ,  ,0.0,0.0,77.7791666667,0.0,  ,  ,0.0,  ,  
2019-09-03 18:40:00,21.48125,17.475717024,750.736735512,  ,  ,0.0,0.0,77.9875,0.0,  ,  ,0.0,  ,  
2019-09-03 18:45:00,21.4,17.4130433208,750.736735512,  ,  ,0.0,0.0,78.0666666667,0.0,  ,  ,0.0,  ,  
2019-09-03 18:50:00,21.3366666667,17.4503307081,750.736735512,  ,  ,0.0,0.0,78.5541666667,0.0,  ,  ,0.0,  ,  
2019-09-03 18:55:00,21.3091666667,17.3545554009,750.736735512,  ,  ,0.0,0.0,78.2125,0.0,  ,  ,0.0,  ,  
2019-09-03 19:00:00,21.1945833333,17.3996557484,750.736735512,  ,  ,0.0,0.0,78.9875,0.0,  ,  ,0.0,  ,  
2019-09-03 19:05:00,21.0945833333,17.4821606354,750.736735512,  ,  ,0.0,0.0,79.8875,0.0,  ,  ,0.0,  ,  
2019-09-03 19:10:00,20.95125,17.4679856733,750.736735512,  ,  ,0.0,0.0,80.5208333333,0.0,  ,  ,0.0,  ,  
2019-09-03 19:15:00,20.7958333333,17.4107553384,750.736735512,  ,  ,0.0,0.0,81.0,0.0,  ,  ,0.0,  ,  
2019-09-03 19:20:00,20.6445833333,17.4723920336,750.736735512,  ,  ,0.0,0.0,82.075,0.0,  ,  ,0.0,  ,  
2019-09-03 19:25:00,20.41375,17.424762931,750.736735512,  ,  ,0.0,0.0,83.0,0.0,  ,  ,0.0,  ,  
2019-09-03 19:30:00,20.17375,17.3335228256,750.736735512,  ,  ,0.0,0.0,83.7541666667,0.0,  ,  ,0.0,  ,  
2019-09-03 19:35:00,19.84375,17.1797815497,750.736735512,  ,  ,0.0,0.0,84.6541666667,0.0,  ,  ,0.0,  ,  
2019-09-03 19:40:00,19.5670833333,17.0882344612,750.736735512,  ,  ,0.0,0.600002983073,85.6208333333,0.0,  ,  ,0.0,  ,  
2019-09-03 19:45:00,19.2891666667,16.9624858095,750.736735512,  ,  ,0.0,0.0,86.4208333333,0.0,  ,  ,0.0,  ,  
2019-09-03 19:50:00,18.9983333333,16.8403043323,750.736735512,  ,  ,0.0,0.0,87.3208333333,0.0,  ,  ,0.0,  ,  
2019-09-03 19:55:00,18.7158333333,16.6846066621,750.736735512,  ,  ,0.0,0.0,88.0,0.0,  ,  ,0.0,  ,  
2019-09-03 20:00:00,18.4758333333,16.6122885303,750.736735512,  ,  ,0.0,0.0,88.9208333333,0.0,  ,  ,0.0,  ,  
2019-09-03 20:05:00,18.3091666667,16.4620401052,750.692544099,  ,  ,0.0,0.0,89.0,0.0,  ,  ,0.0,  ,  
2019-09-03 20:10:00,18.1845833333,16.3392476126,750.661729344,  ,  ,0.0,0.0,89.0,0.0,  ,  ,0.0,  ,  
2019-09-03 20:15:00,18.1,16.255879643,750.661729344,  ,  ,0.0,0.0,89.0,0.0,  ,  ,0.0,  ,  
2019-09-03 20:20:00,18.1,16.255879643,750.661729344,  ,  ,0.0,0.0,89.0,0.0,  ,  ,0.0,  ,  
2019-09-03 20:25:00,18.1,16.255879643,750.661729344,  ,  ,0.0,0.0,89.0,0.0,  ,  ,0.0,  ,  
2019-09-03 20:30:00,18.1,16.1518702986,750.661729344,  ,  ,0.0,0.0,88.4125,0.0,  ,  ,0.0,  ,  
2019-09-03 20:35:00,18.1,16.0784799374,750.617544029,  ,  ,0.0,0.600002983073,88.0,0.0,  ,  ,0.0,  ,  
2019-09-03 20:40:00,18.1,16.0784799374,750.586723176,  ,  ,0.0,0.0,88.0,0.0,  ,  ,0.0,  ,  
2019-09-03 20:45:00,18.1,15.9135550122,750.586723176,  ,  ,0.0,0.0,87.0791666667,0.0,  ,  ,0.0,  ,  
2019-09-03 20:50:00,18.1,15.8993046932,750.630936553,  ,  ,0.0,0.0,87.0,0.0,  ,  ,0.0,  ,  
2019-09-03 20:55:00,18.1,15.8715214256,750.661729344,  ,  ,0.0,1.30000646332,86.8458333333,0.0,  ,  ,0.0,  ,  
2019-09-03 21:00:00,18.1,15.7183152399,750.661729344,  ,  ,0.0,1.80000894922,86.0,0.0,  ,  ,0.0,  ,  
2019-09-03 21:05:00,18.09,15.7085005841,750.661729344,  ,  ,0.0,1.9000094464,86.0,0.0,  ,  ,0.0,  ,  
2019-09-03 21:10:00,17.9925,15.6128073149,750.661729344,  ,  ,0.547502722054,1.4000069605,86.0,0.0,  ,  ,0.0,  ,  
2019-09-03 21:15:00,17.91,15.5318355567,750.661729344,  ,  ,0.600002983073,1.60000795486,86.0,0.0,  ,  ,0.0,  ,  
2019-09-03 21:20:00,17.8779166667,15.5003464083,750.661729344,  ,  ,0.0525002610189,1.9000094464,86.0,0.0,  ,  ,0.0,  ,  
2019-09-03 21:25:00,17.8,15.4238724559,750.661729344,  ,  ,0.0,1.4000069605,86.0,0.0,  ,  ,0.0,  ,  
2019-09-03 21:30:00,17.8,15.4238724559,750.661729344,  ,  ,0.0,1.9000094464,86.0,0.0,  ,  ,0.0,  ,  
2019-09-03 21:35:00,17.7479166667,15.3727532619,750.617515967,  ,  ,0.0,2.60001292665,86.0,0.0,  ,  ,0.0,  ,  
2019-09-03 21:40:00,17.7,15.3257234322,750.586723176,  ,  ,0.547502722054,2.10001044075,86.0,0.0,  ,  ,0.0,  ,  
2019-09-03 21:45:00,17.7,15.3257234322,750.586723176,  ,  ,0.600002983073,1.80000894922,86.0,0.0,  ,  ,0.0,  ,  
2019-09-03 21:50:00,17.6779166667,15.3040487599,750.542382719,  ,  ,0.600002983073,2.10001044075,86.0,0.0,  ,  ,0.0,  ,  
2019-09-03 21:55:00,17.6,15.2275736941,750.511717008,  ,  ,0.600002983073,1.80000894922,86.0,0.0,  ,  ,0.0,  ,  
2019-09-03 22:00:00,17.5279166667,15.156823648,750.511717008,  ,  ,0.0525002610189,1.30000646332,86.0,0.0,  ,  ,0.0,  ,  
2019-09-03 22:05:00,17.4045833333,15.0357706849,750.511717008,  ,  ,0.0,2.30001143511,86.0,0.0,  ,  ,0.0,  ,  
2019-09-03 22:10:00,17.3845833333,15.1101115003,750.511717008,  ,  ,0.547502722054,2.30001143511,86.5208333333,0.0,  ,  ,0.0,  ,  
2019-09-03 22:15:00,17.2933333333,15.1064366194,750.511717008,  ,  ,0.600002983073,2.30001143511,87.0,0.0,  ,  ,0.0,  ,  
2019-09-03 22:20:00,17.20125,15.0159256994,750.467359329,  ,  ,0.600002983073,1.4000069605,87.0,0.0,  ,  ,0.0,  ,  
2019-09-03 22:25:00,17.15125,14.9667792637,750.43671084,  ,  ,0.600002983073,2.30001143511,87.0,0.0,  ,  ,0.0,  ,  
2019-09-03 22:30:00,17.07125,14.8881446227,750.43671084,  ,  ,0.600002983073,1.9000094464,87.0,0.0,  ,  ,0.0,  ,  
2019-09-03 22:35:00,16.94125,14.7603624286,750.43671084,  ,  ,0.600002983073,0.80000397743,87.0,0.0,  ,  ,0.0,  ,  
2019-09-03 22:40:00,16.8845833333,14.8622735556,750.43671084,  ,  ,0.0525002610189,0.600002983073,87.8875,0.0,  ,  ,0.0,  ,  
2019-09-03 22:45:00,16.8,14.7988944724,750.43671084,  ,  ,0.0,1.4000069605,88.0,0.0,  ,  ,0.0,  ,  
2019-09-03 22:50:00,16.71125,14.7115344089,750.43671084,  ,  ,0.0,1.4000069605,88.0,0.0,  ,  ,0.0,  ,  
2019-09-03 22:55:00,16.6445833333,14.6459115108,750.43671084,  ,  ,0.0,0.0,88.0,0.0,  ,  ,0.0,  ,  
2019-09-03 23:00:00,16.5479166667,14.6071796235,750.43671084,  ,  ,0.0,0.900004474609,88.3208333333,0.0,  ,  ,0.0,  ,  
2019-09-03 23:05:00,16.4045833333,14.5847402984,750.43671084,  ,  ,0.0,1.60000795486,89.0,0.0,  ,  ,0.0,  ,  
2019-09-03 23:10:00,16.3279166667,14.5091676769,750.43671084,  ,  ,0.0,1.60000795486,89.0,0.0,  ,  ,0.0,  ,  
2019-09-03 23:15:00,16.2279166667,14.4105942015,750.43671084,  ,  ,0.0,1.80000894922,89.0,0.0,  ,  ,0.0,  ,  
2019-09-03 23:20:00,16.2,14.3830756737,750.392333122,  ,  ,0.547502722054,1.60000795486,89.0,0.0,  ,  ,0.0,  ,  
2019-09-03 23:25:00,16.2,14.3830756737,750.361704672,  ,  ,0.600002983073,1.9000094464,89.0,0.0,  ,  ,0.0,  ,  
2019-09-03 23:30:00,16.1079166667,14.2923052975,750.361704672,  ,  ,0.600002983073,1.80000894922,89.0,0.0,  ,  ,0.0,  ,  
2019-09-03 23:35:00,16.1,14.3517186136,750.361704672,  ,  ,0.600002983073,1.9000094464,89.3875,0.0,  ,  ,0.0,  ,  
2019-09-03 23:40:00,16.0879166667,14.4283013715,750.361704672,  ,  ,0.600002983073,1.9000094464,89.9,0.0,  ,  ,0.0,  ,  
2019-09-03 23:45:00,16.0133333333,14.3718968243,750.361704672,  ,  ,0.600002983073,1.4000069605,90.0,0.0,  ,  ,0.0,  ,  
2019-09-03 23:50:00,15.94125,14.3007430509,750.361704672,  ,  ,0.600002983073,1.4000069605,90.0,0.0,  ,  ,0.0,  ,  
  

    

