Time,TemperatureC,DewpointC,PressurehPa,WindDirection,WindDirectionDegrees,WindSpeedKMH,WindSpeedGustKMH,Humidity,HourlyPrecipMM,Conditions,Clouds,dailyrainMM,SoftwareType,DateUTC
                
2018-12-03 00:00:00,-5.2,-6.01193850822,1002.2,  ,  ,0.80000397743,2.90001441819,94.0,0.0,  ,  ,0.0,  ,  
2018-12-03 00:05:00,-5.2,-6.01193850822,1002.2,  ,  ,0.933754642407,2.40001193229,94.0,0.0,  ,  ,0.0,  ,  
2018-12-03 00:10:00,-5.2,-6.01193850822,1002.2,  ,  ,1.10000546897,2.40001193229,94.0,0.0,  ,  ,0.0,  ,  
2018-12-03 00:15:00,-5.2,-6.01193850822,1002.2,  ,  ,0.96625480399,3.10001541254,94.0,0.0,  ,  ,0.0,  ,  
2018-12-03 00:20:00,-5.2,-6.01193850822,1002.2,  ,  ,0.80000397743,2.80001392101,94.0,0.0,  ,  ,0.0,  ,  
2018-12-03 00:25:00,-5.19666666667,-6.00862841579,1002.2,  ,  ,0.80000397743,2.40001193229,94.0,0.0,  ,  ,0.0,  ,  
2018-12-03 00:30:00,-5.19666666667,-6.08126223849,1002.2,  ,  ,0.80000397743,2.80001392101,93.4791666667,0.0,  ,  ,0.0,  ,  
2018-12-03 00:35:00,-5.2,-6.10497147662,1002.2,  ,  ,0.80000397743,2.80001392101,93.3333333333,0.0,  ,  ,0.0,  ,  
2018-12-03 00:40:00,-5.2,-6.12540099713,1002.2,  ,  ,0.80000397743,1.80000894922,93.1875,0.0,  ,  ,0.0,  ,  
2018-12-03 00:45:00,-5.19,-6.07930724974,1002.2,  ,  ,0.443335537493,1.9000094464,93.4458333333,0.0,  ,  ,0.0,  ,  
2018-12-03 00:50:00,-5.16333333333,-6.11534216509,1002.2,  ,  ,0.0,2.10001044075,93.0,0.0,  ,  ,0.0,  ,  
2018-12-03 00:55:00,-5.2,-6.10030584848,1002.2,  ,  ,0.356668439938,2.30001143511,93.3666666667,0.0,  ,  ,0.0,  ,  
2018-12-03 01:00:00,-5.19458333333,-6.14633682992,1002.2,  ,  ,0.80000397743,1.80000894922,93.0,0.0,  ,  ,0.0,  ,  
2018-12-03 01:05:00,-5.13333333333,-6.07329727131,1002.20417288,  ,  ,0.80000397743,1.9000094464,93.0875,0.0,  ,  ,0.0,  ,  
2018-12-03 01:10:00,-5.1,-6.0133398978,1002.3,  ,  ,0.80000397743,1.9000094464,93.2791666667,0.0,  ,  ,0.0,  ,  
2018-12-03 01:15:00,-5.1,-5.97775299719,1002.3,  ,  ,0.710836867446,1.9000094464,93.5333333333,0.0,  ,  ,0.0,  ,  
2018-12-03 01:20:00,-5.1,-6.05252641563,1002.29582505,  ,  ,0.600002983073,2.90001441819,93.0,0.0,  ,  ,0.0,  ,  
2018-12-03 01:25:00,-5.1,-6.05252641563,1002.2,  ,  ,0.689170093057,2.40001193229,93.0,0.0,  ,  ,0.0,  ,  
2018-12-03 01:30:00,-5.1,-6.05252641563,1002.2,  ,  ,0.80000397743,2.60001292665,93.0,0.0,  ,  ,0.0,  ,  
2018-12-03 01:35:00,-5.1,-6.05252641563,1002.19587475,  ,  ,0.844587532423,1.9000094464,93.0,0.0,  ,  ,0.0,  ,  
2018-12-03 01:40:00,-5.1,-5.94515850226,1002.1,  ,  ,0.900004474609,1.4000069605,93.7666666667,0.0,  ,  ,0.0,  ,  
2018-12-03 01:45:00,-5.1,-6.00750008929,1002.1,  ,  ,0.498752479679,2.30001143511,93.3208333333,0.0,  ,  ,0.0,  ,  
2018-12-03 01:50:00,-5.1,-6.03204284869,1002.1,  ,  ,0.0,2.60001292665,93.1458333333,0.0,  ,  ,0.0,  ,  
2018-12-03 01:55:00,-5.1,-6.05252641563,1002.1,  ,  ,0.267501329953,3.10001541254,93.0,0.0,  ,  ,0.0,  ,  
2018-12-03 02:00:00,-5.1,-6.05252641563,1002.1,  ,  ,0.600002983073,3.80001889279,93.0,0.0,  ,  ,0.0,  ,  
2018-12-03 02:05:00,-5.11541666667,-6.11767518617,1002.1,  ,  ,0.912087868018,3.10001541254,92.6458333333,0.0,  ,  ,0.0,  ,  
2018-12-03 02:10:00,-5.2,-6.29281976046,1002.1,  ,  ,1.30000646332,3.80001889279,92.0,0.0,  ,  ,0.0,  ,  
2018-12-03 02:15:00,-5.2,-6.29281976046,1002.1,  ,  ,1.30000646332,2.90001441819,92.0,0.0,  ,  ,0.0,  ,  
2018-12-03 02:20:00,-5.20333333333,-6.31977176786,1002.1,  ,  ,1.30000646332,3.80001889279,91.8333333333,0.0,  ,  ,0.0,  ,  
2018-12-03 02:25:00,-5.27541666667,-6.42728186849,1002.1,  ,  ,1.34459001832,3.40001690408,91.5791666667,0.0,  ,  ,0.0,  ,  
2018-12-03 02:30:00,-5.3,-6.44865900166,1002.1,  ,  ,1.4000069605,3.90001938997,91.6,0.0,  ,  ,0.0,  ,  
2018-12-03 02:35:00,-5.3,-6.53423821441,1002.10415415,  ,  ,1.57834118047,4.60002287023,91.0,0.0,  ,  ,0.0,  ,  
2018-12-03 02:40:00,-5.37541666667,-6.59635273163,1002.2,  ,  ,1.80000894922,3.10001541254,91.0875,0.0,  ,  ,0.0,  ,  
2018-12-03 02:45:00,-5.4,-6.62186845745,1002.2,  ,  ,1.71084183923,2.30001143511,91.0791666667,0.0,  ,  ,0.0,  ,  
2018-12-03 02:50:00,-5.4,-6.58086622685,1002.19587475,  ,  ,1.60000795486,3.90001938997,91.3666666667,0.0,  ,  ,0.0,  ,  
2018-12-03 02:55:00,-5.4,-6.63317909387,1002.1,  ,  ,1.60000795486,3.40001690408,91.0,0.0,  ,  ,0.0,  ,  
2018-12-03 03:00:00,-5.4,-6.63317909387,1002.1,  ,  ,1.60000795486,2.30001143511,91.0,0.0,  ,  ,0.0,  ,  
2018-12-03 03:05:00,-5.49875,-6.7308836561,1002.1,  ,  ,1.3770901799,2.40001193229,91.0,0.0,  ,  ,0.0,  ,  
2018-12-03 03:10:00,-5.5,-6.73212042554,1002.1,  ,  ,1.10000546897,1.9000094464,91.0,0.0,  ,  ,0.0,  ,  
2018-12-03 03:15:00,-5.55875,-6.79024866877,1002.1,  ,  ,1.10000546897,3.60001789844,91.0,0.0,  ,  ,0.0,  ,  
2018-12-03 03:20:00,-5.6,-6.83106220941,1002.1,  ,  ,1.10000546897,3.60001789844,91.0,0.0,  ,  ,0.0,  ,  
2018-12-03 03:25:00,-5.6,-6.83106220941,1002.1,  ,  ,1.10000546897,3.80001889279,91.0,0.0,  ,  ,0.0,  ,  
2018-12-03 03:30:00,-5.66875,-7.02139743707,1002.1,  ,  ,1.10000546897,2.80001392101,90.1458333333,0.0,  ,  ,0.0,  ,  
2018-12-03 03:35:00,-5.7,-7.07326390715,1002.10821232,  ,  ,1.10000546897,3.60001789844,90.0,0.0,  ,  ,0.0,  ,  
2018-12-03 03:40:00,-5.70333333333,-7.10057102934,1002.3,  ,  ,1.10000546897,5.50002734483,89.8333333333,0.0,  ,  ,0.0,  ,  
2018-12-03 03:45:00,-5.78541666667,-7.30043005731,1002.3,  ,  ,1.54584101889,5.00002485894,89.0125,0.0,  ,  ,0.0,  ,  
2018-12-03 03:50:00,-5.8,-7.31663930721,1002.3,  ,  ,2.10001044075,3.60001789844,89.0,0.0,  ,  ,0.0,  ,  
2018-12-03 03:55:00,-5.8,-7.31663930721,1002.3,  ,  ,1.78792555581,2.60001292665,89.0,0.0,  ,  ,0.0,  ,  
2018-12-03 04:00:00,-5.8,-7.31663930721,1002.3,  ,  ,1.4000069605,2.90001441819,89.0,0.0,  ,  ,0.0,  ,  
2018-12-03 04:05:00,-5.81875,-7.33514486683,1002.3,  ,  ,1.4000069605,3.40001690408,89.0,0.0,  ,  ,0.0,  ,  
2018-12-03 04:10:00,-5.89,-7.40546617185,1002.3,  ,  ,1.4000069605,3.3000164069,89.0,0.0,  ,  ,0.0,  ,  
2018-12-03 04:15:00,-5.9,-7.41533585131,1002.3,  ,  ,1.35542340551,3.3000164069,89.0,0.0,  ,  ,0.0,  ,  
2018-12-03 04:20:00,-5.9,-7.41533585131,1002.29590614,  ,  ,1.30000646332,4.10002038433,89.0,0.0,  ,  ,0.0,  ,  
2018-12-03 04:25:00,-5.91,-7.42520553634,1002.2,  ,  ,1.21083935334,3.3000164069,89.0,0.0,  ,  ,0.0,  ,  
2018-12-03 04:30:00,-5.99875,-7.51279923491,1002.2,  ,  ,1.10000546897,3.10001541254,89.0,0.0,  ,  ,0.0,  ,  
2018-12-03 04:35:00,-6.00333333333,-7.51430188829,1002.2,  ,  ,1.18917257895,2.40001193229,89.0208333333,0.0,  ,  ,0.0,  ,  
2018-12-03 04:40:00,-6.02333333333,-7.51593231378,1002.2,  ,  ,1.30000646332,3.3000164069,89.1458333333,0.0,  ,  ,0.0,  ,  
2018-12-03 04:45:00,-6.09875,-7.61149688545,1002.2,  ,  ,1.21083935334,2.40001193229,89.0,0.0,  ,  ,0.0,  ,  
2018-12-03 04:50:00,-6.1,-7.6127306096,1002.2,  ,  ,1.10000546897,2.90001441819,89.0,0.0,  ,  ,0.0,  ,  
2018-12-03 04:55:00,-6.1,-7.53265198878,1002.2,  ,  ,1.01083835898,2.10001044075,89.5541666667,0.0,  ,  ,0.0,  ,  
2018-12-03 05:00:00,-6.1,-7.46854656342,1002.2,  ,  ,0.900004474609,1.60000795486,90.0,0.0,  ,  ,0.0,  ,  
2018-12-03 05:05:00,-6.1,-7.46854656342,1002.19582712,  ,  ,0.498752479679,1.60000795486,90.0,0.0,  ,  ,0.0,  ,  
2018-12-03 05:10:00,-6.1,-7.40174686104,1002.1,  ,  ,0.0,1.80000894922,90.4666666667,0.0,  ,  ,0.0,  ,  
2018-12-03 05:15:00,-6.1,-7.40353214717,1002.1,  ,  ,0.267501329953,2.90001441819,90.4541666667,0.0,  ,  ,0.0,  ,  
2018-12-03 05:20:00,-6.1,-7.35896555821,1002.1,  ,  ,0.600002983073,3.10001541254,90.7666666667,0.0,  ,  ,0.0,  ,  
2018-12-03 05:25:00,-6.1,-7.41127091898,1002.1,  ,  ,1.045838533,3.10001541254,90.4,0.0,  ,  ,0.0,  ,  
2018-12-03 05:30:00,-6.1,-7.35718572959,1002.1,  ,  ,1.60000795486,4.30002137869,90.7791666667,0.0,  ,  ,0.0,  ,  
2018-12-03 05:35:00,-6.1,-7.46854656342,1002.10422465,  ,  ,1.60000795486,3.80001889279,90.0,0.0,  ,  ,0.0,  ,  
2018-12-03 05:40:00,-6.1,-7.46854656342,1002.2,  ,  ,1.60000795486,4.30002137869,90.0,0.0,  ,  ,0.0,  ,  
2018-12-03 05:45:00,-6.1,-7.46854656342,1002.2,  ,  ,1.82292572982,3.80001889279,90.0,0.0,  ,  ,0.0,  ,  
2018-12-03 05:50:00,-6.1,-7.46854656342,1002.19572777,  ,  ,2.10001044075,4.80002386458,90.0,0.0,  ,  ,0.0,  ,  
2018-12-03 05:55:00,-6.1,-7.46854656342,1002.1,  ,  ,1.96625977578,3.90001938997,90.0,0.0,  ,  ,0.0,  ,  
2018-12-03 06:00:00,-6.1,-7.46854656342,1002.1,  ,  ,1.80000894922,4.50002237305,90.0,0.0,  ,  ,0.0,  ,  
2018-12-03 06:05:00,-6.1,-7.46854656342,1002.10420631,  ,  ,1.80000894922,4.60002287023,90.0,0.0,  ,  ,0.0,  ,  
2018-12-03 06:10:00,-6.1,-7.46854656342,1002.2,  ,  ,1.80000894922,5.50002734483,90.0,0.0,  ,  ,0.0,  ,  
2018-12-03 06:15:00,-6.11875,-7.4870756359,1002.2,  ,  ,2.06751027917,6.6000328138,90.0,0.0,  ,  ,0.0,  ,  
2018-12-03 06:20:00,-6.2,-7.56736848816,1002.2,  ,  ,2.40001193229,4.60002287023,90.0,0.0,  ,  ,0.0,  ,  
2018-12-03 06:25:00,-6.2,-7.589484833,1002.2,  ,  ,2.48917904228,6.6000328138,89.8458333333,0.0,  ,  ,0.0,  ,  
2018-12-03 06:30:00,-6.22208333333,-7.81366302735,1002.2,  ,  ,2.60001292665,5.10002535612,88.4458333333,0.0,  ,  ,0.0,  ,  
2018-12-03 06:35:00,-6.3,-7.95550763302,1002.19572777,  ,  ,2.46626226167,3.40001690408,88.0,0.0,  ,  ,0.0,  ,  
2018-12-03 06:40:00,-6.33875,-7.99370520304,1002.1,  ,  ,2.30001143511,3.60001789844,88.0,0.0,  ,  ,0.0,  ,  
2018-12-03 06:45:00,-6.4,-8.0443530203,1002.1,  ,  ,1.89875944018,4.60002287023,88.0666666667,0.0,  ,  ,0.0,  ,  
2018-12-03 06:50:00,-6.4,-7.98308814448,1002.1,  ,  ,1.4000069605,4.50002237305,88.4875,0.0,  ,  ,0.0,  ,  
2018-12-03 06:55:00,-6.4,-7.90882692231,1002.1,  ,  ,1.57834118047,3.3000164069,89.0,0.0,  ,  ,0.0,  ,  
2018-12-03 07:00:00,-6.4,-7.90882692231,1002.1,  ,  ,1.80000894922,3.60001789844,89.0,0.0,  ,  ,0.0,  ,  
2018-12-03 07:05:00,-6.4,-7.90882692231,1002.1,  ,  ,1.62167472925,2.90001441819,89.0,0.0,  ,  ,0.0,  ,  
2018-12-03 07:10:00,-6.4,-7.90882692231,1002.1,  ,  ,1.4000069605,3.10001541254,89.0,0.0,  ,  ,0.0,  ,  
2018-12-03 07:15:00,-6.4,-7.90882692231,1002.1,  ,  ,1.4000069605,3.10001541254,89.0,0.0,  ,  ,0.0,  ,  
2018-12-03 07:20:00,-6.39458333333,-7.90348069447,1002.1,  ,  ,1.4000069605,2.80001392101,89.0,0.0,  ,  ,0.0,  ,  
2018-12-03 07:25:00,-6.36875,-7.87798332263,1002.1,  ,  ,1.35542340551,2.80001392101,89.0,0.0,  ,  ,0.0,  ,  
2018-12-03 07:30:00,-6.37458333333,-7.92234166985,1002.1,  ,  ,1.30000646332,2.40001193229,88.7333333333,0.0,  ,  ,0.0,  ,  
2018-12-03 07:35:00,-6.39333333333,-8.00195886812,1002.1,  ,  ,1.12167224336,2.90001441819,88.3125,0.0,  ,  ,0.0,  ,  
2018-12-03 07:40:00,-6.34208333333,-7.99699101979,1002.1,  ,  ,0.900004474609,3.3000164069,88.0,0.0,  ,  ,0.0,  ,  
2018-12-03 07:45:00,-6.37666666667,-7.97279258498,1002.1,  ,  ,0.989171584594,3.3000164069,88.4,0.0,  ,  ,0.0,  ,  
2018-12-03 07:50:00,-6.38333333333,-8.00848097026,1002.1,  ,  ,1.10000546897,2.60001292665,88.2,0.0,  ,  ,0.0,  ,  
2018-12-03 07:55:00,-6.34333333333,-7.92235065208,1002.1,  ,  ,1.01083835898,3.10001541254,88.5208333333,0.0,  ,  ,0.0,  ,  
2018-12-03 08:00:00,-6.30125,-7.86933779597,1002.1,  ,  ,0.900004474609,2.30001143511,88.6,0.0,  ,  ,0.0,  ,  
2018-12-03 08:05:00,-6.3,-7.8101275947,1002.1,  ,  ,0.900004474609,3.10001541254,89.0,0.0,  ,  ,0.0,  ,  
2018-12-03 08:10:00,-6.3,-7.8101275947,1002.1,  ,  ,0.900004474609,2.90001441819,89.0,0.0,  ,  ,0.0,  ,  
2018-12-03 08:15:00,-6.3,-7.8101275947,1002.1,  ,  ,0.989171584594,2.30001143511,89.0,0.0,  ,  ,0.0,  ,  
2018-12-03 08:20:00,-6.3,-7.8101275947,1002.1,  ,  ,1.10000546897,3.60001789844,89.0,0.0,  ,  ,0.0,  ,  
2018-12-03 08:25:00,-6.3,-7.8101275947,1002.1,  ,  ,1.23375613394,3.40001690408,89.0,0.0,  ,  ,0.0,  ,  
2018-12-03 08:30:00,-6.3,-7.81977435254,1002.1,  ,  ,1.4000069605,4.50002237305,88.9333333333,0.0,  ,  ,0.0,  ,  
2018-12-03 08:35:00,-6.3,-7.84694032806,1002.1,  ,  ,1.71209184545,4.50002237305,88.7458333333,0.0,  ,  ,0.0,  ,  
2018-12-03 08:40:00,-6.3,-7.8167590511,1002.1,  ,  ,2.10001044075,3.90001938997,88.9541666667,0.0,  ,  ,0.0,  ,  
2018-12-03 08:45:00,-6.3,-7.8101275947,1002.1,  ,  ,1.96625977578,3.3000164069,89.0,0.0,  ,  ,0.0,  ,  
2018-12-03 08:50:00,-6.3,-7.8101275947,1002.09567594,  ,  ,1.80000894922,3.40001690408,89.0,0.0,  ,  ,0.0,  ,  
2018-12-03 08:55:00,-6.3,-7.8101275947,1002.0,  ,  ,1.71084183923,3.60001789844,89.0,0.0,  ,  ,0.0,  ,  
2018-12-03 09:00:00,-6.3,-7.8324454721,1002.0,  ,  ,1.60000795486,4.60002287023,88.8458333333,0.0,  ,  ,0.0,  ,  
2018-12-03 09:05:00,-6.3,-7.8167590511,1002.00437158,  ,  ,1.60000795486,3.3000164069,88.9541666667,0.0,  ,  ,0.0,  ,  
2018-12-03 09:10:00,-6.3,-7.84391937076,1002.1,  ,  ,1.60000795486,3.10001541254,88.7666666667,0.0,  ,  ,0.0,  ,  
2018-12-03 09:15:00,-6.3,-7.82460013977,1002.1,  ,  ,1.51084084488,3.60001789844,88.9,0.0,  ,  ,0.0,  ,  
2018-12-03 09:20:00,-6.28458333333,-7.79491149788,1002.10435,  ,  ,1.4000069605,3.60001789844,89.0,0.0,  ,  ,0.0,  ,  
2018-12-03 09:25:00,-6.21333333333,-7.72458862775,1002.2,  ,  ,1.4000069605,3.90001938997,89.0,0.0,  ,  ,0.0,  ,  
2018-12-03 09:30:00,-6.2,-7.7114288238,1002.2,  ,  ,1.4000069605,2.60001292665,89.0,0.0,  ,  ,0.0,  ,  
2018-12-03 09:35:00,-6.2,-7.7114288238,1002.2,  ,  ,1.48917407049,3.80001889279,89.0,0.0,  ,  ,0.0,  ,  
2018-12-03 09:40:00,-6.2,-7.71444533461,1002.2,  ,  ,1.60000795486,3.80001889279,88.9791666667,0.0,  ,  ,0.0,  ,  
2018-12-03 09:45:00,-6.19333333333,-7.76469630706,1002.2,  ,  ,1.60000795486,3.60001789844,88.5875,0.0,  ,  ,0.0,  ,  
2018-12-03 09:50:00,-6.11125,-7.62383413091,1002.19562842,  ,  ,1.60000795486,4.30002137869,89.0,0.0,  ,  ,0.0,  ,  
2018-12-03 09:55:00,-6.1,-7.65929449418,1002.1,  ,  ,1.73375861984,5.60002784201,88.6791666667,0.0,  ,  ,0.0,  ,  
2018-12-03 10:00:00,-6.09666666667,-7.69664554832,1002.1,  ,  ,1.9000094464,5.10002535612,88.4,0.0,  ,  ,0.0,  ,  
2018-12-03 10:05:00,-6.04125,-7.61285162107,1002.1,  ,  ,1.98917655638,4.80002386458,88.6,0.0,  ,  ,0.0,  ,  
2018-12-03 10:10:00,-5.97458333333,-7.58293366522,1002.1,  ,  ,2.10001044075,4.10002038433,88.3541666667,0.0,  ,  ,0.0,  ,  
2018-12-03 10:15:00,-5.9,-7.49782120765,1002.1,  ,  ,2.01084333077,4.60002287023,88.4333333333,0.0,  ,  ,0.0,  ,  
2018-12-03 10:20:00,-5.87666666667,-7.49246145887,1002.1,  ,  ,1.9000094464,4.30002137869,88.3125,0.0,  ,  ,0.0,  ,  
2018-12-03 10:25:00,-5.82791666667,-7.49016179076,1002.1,  ,  ,1.98917655638,5.30002635048,88.0,0.0,  ,  ,0.0,  ,  
2018-12-03 10:30:00,-5.8,-7.45775347292,1002.1,  ,  ,2.10001044075,4.10002038433,88.0333333333,0.0,  ,  ,0.0,  ,  
2018-12-03 10:35:00,-5.79666666667,-7.45935826467,1002.10437158,  ,  ,2.10001044075,3.90001938997,88.0,0.0,  ,  ,0.0,  ,  
2018-12-03 10:40:00,-5.75458333333,-7.41787627692,1002.2,  ,  ,2.10001044075,4.30002137869,88.0,0.0,  ,  ,0.0,  ,  
2018-12-03 10:45:00,-5.69125,-7.35544814239,1002.2,  ,  ,2.01084333077,6.6000328138,88.0,0.0,  ,  ,0.0,  ,  
2018-12-03 10:50:00,-5.67333333333,-7.33778759606,1002.19567594,  ,  ,1.9000094464,3.80001889279,88.0,0.0,  ,  ,0.0,  ,  
2018-12-03 10:55:00,-5.59666666667,-7.26221710719,1002.1,  ,  ,1.98917655638,6.10003032791,88.0,0.0,  ,  ,0.0,  ,  
2018-12-03 11:00:00,-5.59333333333,-7.25893144189,1002.1,  ,  ,2.10001044075,5.00002485894,88.0,0.0,  ,  ,0.0,  ,  
2018-12-03 11:05:00,-5.57458333333,-7.24044958718,1002.10435,  ,  ,2.4120953257,5.10002535612,88.0,0.0,  ,  ,0.0,  ,  
2018-12-03 11:10:00,-5.5,-7.16693308836,1002.2,  ,  ,2.80001392101,4.50002237305,88.0,0.0,  ,  ,0.0,  ,  
2018-12-03 11:15:00,-5.45458333333,-7.12216622443,1002.2,  ,  ,2.39876192608,5.10002535612,88.0,0.0,  ,  ,0.0,  ,  
2018-12-03 11:20:00,-5.40666666667,-7.07493526576,1002.2,  ,  ,1.9000094464,4.30002137869,88.0,0.0,  ,  ,0.0,  ,  
2018-12-03 11:25:00,-5.34666666667,-7.01579408874,1002.2,  ,  ,1.85542589141,4.80002386458,88.0,0.0,  ,  ,0.0,  ,  
2018-12-03 11:30:00,-5.30791666667,-6.97759886186,1002.2,  ,  ,1.80000894922,3.90001938997,88.0,0.0,  ,  ,0.0,  ,  
2018-12-03 11:35:00,-5.29666666667,-6.96650994216,1002.19105368,  ,  ,1.9337596142,4.30002137869,88.0,0.0,  ,  ,0.0,  ,  
2018-12-03 11:40:00,-5.22791666667,-6.89874448941,1002.0,  ,  ,2.10001044075,3.40001690408,88.0,0.0,  ,  ,0.0,  ,  
2018-12-03 11:45:00,-5.2,-6.87122769083,1002.0,  ,  ,1.87709266579,5.00002485894,88.0,0.0,  ,  ,0.0,  ,  
2018-12-03 11:50:00,-5.2,-6.91061253861,1002.0,  ,  ,1.60000795486,4.50002237305,87.7333333333,0.0,  ,  ,0.0,  ,  
2018-12-03 11:55:00,-5.18791666667,-6.85931744946,1002.0,  ,  ,2.04584350478,4.80002386458,88.0,0.0,  ,  ,0.0,  ,  
2018-12-03 12:00:00,-5.1,-6.77266044394,1002.0,  ,  ,2.60001292665,5.60002784201,88.0,0.0,  ,  ,0.0,  ,  
2018-12-03 12:05:00,-5.07458333333,-6.74760803249,1002.0,  ,  ,2.37709515169,4.50002237305,88.0,0.0,  ,  ,0.0,  ,  
2018-12-03 12:10:00,-4.96791666667,-6.64247047281,1002.0,  ,  ,2.10001044075,5.00002485894,88.0,0.0,  ,  ,0.0,  ,  
2018-12-03 12:15:00,-4.85791666667,-6.54699730059,1002.0,  ,  ,1.96625977578,5.00002485894,87.9125,0.0,  ,  ,0.0,  ,  
2018-12-03 12:20:00,-4.8,-6.62571267,1001.99546813,  ,  ,1.80000894922,4.80002386458,87.0,0.0,  ,  ,0.0,  ,  
2018-12-03 12:25:00,-4.71791666667,-6.54491142508,1001.9,  ,  ,1.9337596142,3.3000164069,87.0,0.0,  ,  ,0.0,  ,  
2018-12-03 12:30:00,-4.66458333333,-6.43763109722,1001.9,  ,  ,2.10001044075,2.90001441819,87.3666666667,0.0,  ,  ,0.0,  ,  
2018-12-03 12:35:00,-4.6,-6.40389814473,1001.9,  ,  ,1.56500778085,3.10001541254,87.1666666667,0.0,  ,  ,0.0,  ,  
2018-12-03 12:40:00,-4.58,-6.40914993257,1001.9,  ,  ,0.900004474609,4.30002137869,87.0,0.0,  ,  ,0.0,  ,  
2018-12-03 12:45:00,-4.59666666667,-6.42555608828,1001.9,  ,  ,1.43500713452,4.10002038433,87.0,0.0,  ,  ,0.0,  ,  
2018-12-03 12:50:00,-4.58,-6.40914993257,1001.89105368,  ,  ,2.10001044075,4.50002237305,87.0,0.0,  ,  ,0.0,  ,  
2018-12-03 12:55:00,-4.58666666667,-6.38765560984,1001.7,  ,  ,1.96625977578,3.80001889279,87.1875,0.0,  ,  ,0.0,  ,  
2018-12-03 13:00:00,-4.4525,-6.13445226934,1001.7,  ,  ,1.80000894922,2.80001392101,88.0,0.0,  ,  ,0.0,  ,  
2018-12-03 13:05:00,-4.35791666667,-6.04122837491,1001.69542971,  ,  ,1.62167472925,5.30002635048,88.0,0.0,  ,  ,0.0,  ,  
2018-12-03 13:10:00,-4.3,-5.98414440912,1001.6,  ,  ,1.4000069605,3.80001889279,88.0,0.0,  ,  ,0.0,  ,  
2018-12-03 13:15:00,-4.3,-5.98414440912,1001.6,  ,  ,1.84584251043,5.60002784201,88.0,0.0,  ,  ,0.0,  ,  
2018-12-03 13:20:00,-4.3,-5.95135836414,1001.60465699,  ,  ,2.40001193229,4.50002237305,88.2208333333,0.0,  ,  ,0.0,  ,  
2018-12-03 13:25:00,-4.29666666667,-5.83296834865,1001.7,  ,  ,2.13251060234,2.40001193229,89.0,0.0,  ,  ,0.0,  ,  
2018-12-03 13:30:00,-4.29666666667,-5.75957497571,1001.7,  ,  ,1.80000894922,4.10002038433,89.5,0.0,  ,  ,0.0,  ,  
2018-12-03 13:35:00,-4.3,-5.71596522833,1001.7,  ,  ,1.48792406427,2.10001044075,89.8208333333,0.0,  ,  ,0.0,  ,  
2018-12-03 13:40:00,-4.3,-5.66739360124,1001.7,  ,  ,1.10000546897,2.60001292665,90.1541666667,0.0,  ,  ,0.0,  ,  
2018-12-03 13:45:00,-4.30333333333,-5.54815216165,1001.7,  ,  ,1.10000546897,3.60001789844,91.0,0.0,  ,  ,0.0,  ,  
2018-12-03 13:50:00,-4.30333333333,-5.58004651707,1001.7,  ,  ,1.10000546897,3.60001789844,90.7791666667,0.0,  ,  ,0.0,  ,  
2018-12-03 13:55:00,-4.3,-5.57072631484,1001.7,  ,  ,1.23375613394,3.40001690408,90.8208333333,0.0,  ,  ,0.0,  ,  
2018-12-03 14:00:00,-4.29333333333,-5.66868730781,1001.7,  ,  ,1.4000069605,3.10001541254,90.1,0.0,  ,  ,0.0,  ,  
2018-12-03 14:05:00,-4.22791666667,-5.47353794637,1001.7,  ,  ,1.35542340551,2.30001143511,91.0,0.0,  ,  ,0.0,  ,  
2018-12-03 14:10:00,-4.2,-5.48266529959,1001.7,  ,  ,1.30000646332,2.80001392101,90.7458333333,0.0,  ,  ,0.0,  ,  
2018-12-03 14:15:00,-4.19666666667,-5.46369427573,1001.7,  ,  ,1.21083935334,3.80001889279,90.8541666667,0.0,  ,  ,0.0,  ,  
2018-12-03 14:20:00,-4.16125,-5.41721374251,1001.70462456,  ,  ,1.10000546897,3.10001541254,90.9333333333,0.0,  ,  ,0.0,  ,  
2018-12-03 14:25:00,-4.11666666667,-5.46800126038,1001.8,  ,  ,1.23375613394,3.10001541254,90.2791666667,0.0,  ,  ,0.0,  ,  
2018-12-03 14:30:00,-4.1,-5.47762663606,1001.8,  ,  ,1.4000069605,2.90001441819,90.1,0.0,  ,  ,0.0,  ,  
2018-12-03 14:35:00,-4.1,-5.4922139606,1001.8,  ,  ,1.26625629553,2.10001044075,90.0,0.0,  ,  ,0.0,  ,  
2018-12-03 14:40:00,-4.06833333333,-5.4609236497,1001.8,  ,  ,1.10000546897,2.60001292665,90.0,0.0,  ,  ,0.0,  ,  
2018-12-03 14:45:00,-4.00333333333,-5.39669632783,1001.8,  ,  ,1.01130209908,2.60001292665,90.0,0.0,  ,  ,0.0,  ,  
2018-12-03 14:50:00,-3.99,-5.3835215189,1001.79547714,  ,  ,0.900004474609,4.60002287023,90.0,0.0,  ,  ,0.0,  ,  
2018-12-03 14:55:00,-3.92166666667,-5.31600076384,1001.7,  ,  ,1.20917267839,3.80001889279,90.0,0.0,  ,  ,0.0,  ,  
2018-12-03 15:00:00,-3.9,-5.28484875102,1001.7,  ,  ,1.60000795486,2.10001044075,90.0666666667,0.0,  ,  ,0.0,  ,  
2018-12-03 15:05:00,-3.9,-5.29459179311,1001.70457029,  ,  ,1.29083975108,4.10002038433,90.0,0.0,  ,  ,0.0,  ,  
2018-12-03 15:10:00,-3.89,-5.28471073767,1001.8,  ,  ,0.900004474609,2.60001292665,90.0,0.0,  ,  ,0.0,  ,  
2018-12-03 15:15:00,-3.80833333333,-5.20401564034,1001.8,  ,  ,1.07667201963,3.90001938997,90.0,0.0,  ,  ,0.0,  ,  
2018-12-03 15:20:00,-3.8,-5.19578146564,1001.8,  ,  ,1.30000646332,2.90001441819,90.0,0.0,  ,  ,0.0,  ,  
2018-12-03 15:25:00,-3.8,-5.19578146564,1001.8,  ,  ,1.21167269082,3.40001690408,90.0,0.0,  ,  ,0.0,  ,  
2018-12-03 15:30:00,-3.8,-5.19578146564,1001.8,  ,  ,1.10000546897,3.3000164069,90.0,0.0,  ,  ,0.0,  ,  
2018-12-03 15:35:00,-3.8,-5.19578146564,1001.80450676,  ,  ,1.23250612773,3.80001889279,90.0,0.0,  ,  ,0.0,  ,  
2018-12-03 15:40:00,-3.8,-5.19578146564,1001.9,  ,  ,1.4000069605,3.40001690408,90.0,0.0,  ,  ,0.0,  ,  
2018-12-03 15:45:00,-3.8,-5.19578146564,1001.9,  ,  ,1.17917252923,2.40001193229,90.0,0.0,  ,  ,0.0,  ,  
2018-12-03 15:50:00,-3.8,-5.19578146564,1001.89542971,  ,  ,0.900004474609,2.90001441819,90.0,0.0,  ,  ,0.0,  ,  
2018-12-03 15:55:00,-3.8,-5.19578146564,1001.8,  ,  ,0.900004474609,2.80001392101,90.0,0.0,  ,  ,0.0,  ,  
2018-12-03 16:00:00,-3.77666666667,-5.17272579511,1001.8,  ,  ,0.900004474609,2.90001441819,90.0,0.0,  ,  ,0.0,  ,  
2018-12-03 16:05:00,-3.77,-5.16613846572,1001.8,  ,  ,0.988338247117,4.10002038433,90.0,0.0,  ,  ,0.0,  ,  
2018-12-03 16:10:00,-3.8,-5.19578146564,1001.8,  ,  ,1.10000546897,4.10002038433,90.0,0.0,  ,  ,0.0,  ,  
2018-12-03 16:15:00,-3.8,-5.19578146564,1001.8,  ,  ,1.23250612773,4.10002038433,90.0,0.0,  ,  ,0.0,  ,  
2018-12-03 16:20:00,-3.8,-5.19578146564,1001.80457029,  ,  ,1.4000069605,3.60001789844,90.0,0.0,  ,  ,0.0,  ,  
2018-12-03 16:25:00,-3.8,-5.19578146564,1001.9,  ,  ,1.57667450552,4.10002038433,90.0,0.0,  ,  ,0.0,  ,  
2018-12-03 16:30:00,-3.8,-5.19578146564,1001.9,  ,  ,1.80000894922,3.10001541254,90.0,0.0,  ,  ,0.0,  ,  
2018-12-03 16:35:00,-3.8,-5.19578146564,1001.90454773,  ,  ,1.71167517671,4.10002038433,90.0,0.0,  ,  ,0.0,  ,  
2018-12-03 16:40:00,-3.8,-5.19578146564,1002.0,  ,  ,1.60000795486,3.90001938997,90.0,0.0,  ,  ,0.0,  ,  
2018-12-03 16:45:00,-3.8,-5.19578146564,1002.0,  ,  ,1.68834172737,3.40001690408,90.0,0.0,  ,  ,0.0,  ,  
2018-12-03 16:50:00,-3.8,-5.19578146564,1001.99546813,  ,  ,1.80000894922,4.10002038433,90.0,0.0,  ,  ,0.0,  ,  
2018-12-03 16:55:00,-3.8,-5.19578146564,1001.9,  ,  ,1.71167517671,4.30002137869,90.0,0.0,  ,  ,0.0,  ,  
2018-12-03 17:00:00,-3.8,-5.19578146564,1001.9,  ,  ,1.60000795486,3.60001789844,90.0,0.0,  ,  ,0.0,  ,  
2018-12-03 17:05:00,-3.8,-5.1982202986,1001.9,  ,  ,1.60000795486,3.10001541254,89.9833333333,0.0,  ,  ,0.0,  ,  
2018-12-03 17:10:00,-3.8,-5.24463439628,1001.9,  ,  ,1.60000795486,2.90001441819,89.6666666667,0.0,  ,  ,0.0,  ,  
2018-12-03 17:15:00,-3.8,-5.22751757986,1001.9,  ,  ,1.37917352359,3.3000164069,89.7833333333,0.0,  ,  ,0.0,  ,  
2018-12-03 17:20:00,-3.8,-5.19578146564,1001.9,  ,  ,1.10000546897,3.40001690408,90.0,0.0,  ,  ,0.0,  ,  
2018-12-03 17:25:00,-3.8,-5.20553920153,1001.9,  ,  ,1.32083990024,4.10002038433,89.9333333333,0.0,  ,  ,0.0,  ,  
2018-12-03 17:30:00,-3.8,-5.22018783836,1001.9,  ,  ,1.60000795486,2.80001392101,89.8333333333,0.0,  ,  ,0.0,  ,  
2018-12-03 17:35:00,-3.8,-5.19578146564,1001.9,  ,  ,1.29083975108,2.60001292665,90.0,0.0,  ,  ,0.0,  ,  
2018-12-03 17:40:00,-3.8,-5.2250739306,1001.9,  ,  ,0.900004474609,2.90001441819,89.8,0.0,  ,  ,0.0,  ,  
2018-12-03 17:45:00,-3.81333333333,-5.20895614684,1001.9,  ,  ,0.900004474609,2.40001193229,90.0,0.0,  ,  ,0.0,  ,  
2018-12-03 17:50:00,-3.8,-5.23240608534,1001.9,  ,  ,0.900004474609,1.80000894922,89.75,0.0,  ,  ,0.0,  ,  
2018-12-03 17:55:00,-3.8,-5.254424303,1001.9,  ,  ,0.855837588355,2.80001392101,89.6,0.0,  ,  ,0.0,  ,  
2018-12-03 18:00:00,-3.865,-5.32840952626,1001.9,  ,  ,0.80000397743,2.80001392101,89.5333333333,0.0,  ,  ,0.0,  ,  
2018-12-03 18:05:00,-3.84166666667,-5.3274250361,1001.9,  ,  ,0.844170863684,3.40001690408,89.3833333333,0.0,  ,  ,0.0,  ,  
2018-12-03 18:10:00,-3.84166666667,-5.33969349543,1001.9,  ,  ,0.900004474609,2.80001392101,89.3,0.0,  ,  ,0.0,  ,  
2018-12-03 18:15:00,-3.85833333333,-5.29002722647,1001.9,  ,  ,0.900004474609,2.90001441819,89.75,0.0,  ,  ,0.0,  ,  
2018-12-03 18:20:00,-3.8,-5.31821660099,1001.9,  ,  ,0.900004474609,1.9000094464,89.1666666667,0.0,  ,  ,0.0,  ,  
2018-12-03 18:25:00,-3.8,-5.32313508034,1001.9,  ,  ,0.855837588355,1.80000894922,89.1333333333,0.0,  ,  ,0.0,  ,  
2018-12-03 18:30:00,-3.8,-5.34282532328,1001.9,  ,  ,0.80000397743,3.10001541254,89.0,0.0,  ,  ,0.0,  ,  
2018-12-03 18:35:00,-3.8,-5.34282532328,1001.9,  ,  ,0.932504636192,3.3000164069,89.0,0.0,  ,  ,0.0,  ,  
2018-12-03 18:40:00,-3.81,-5.35269383936,1001.9,  ,  ,1.10000546897,2.60001292665,89.0,0.0,  ,  ,0.0,  ,  
2018-12-03 18:45:00,-3.80666666667,-5.34940433338,1001.9,  ,  ,1.01167169646,2.90001441819,89.0,0.0,  ,  ,0.0,  ,  
2018-12-03 18:50:00,-3.84166666667,-5.38394417699,1001.9,  ,  ,0.900004474609,2.80001392101,89.0,0.0,  ,  ,0.0,  ,  
2018-12-03 18:55:00,-3.845,-5.38723368946,1001.9,  ,  ,0.988338247117,2.60001292665,89.0,0.0,  ,  ,0.0,  ,  
2018-12-03 19:00:00,-3.81,-5.35269383936,1001.9,  ,  ,1.10000546897,3.3000164069,89.0,0.0,  ,  ,0.0,  ,  
2018-12-03 19:05:00,-3.87166666667,-5.4135498115,1001.9,  ,  ,1.10000546897,3.3000164069,89.0,0.0,  ,  ,0.0,  ,  
2018-12-03 19:10:00,-3.9,-5.44151073453,1001.9,  ,  ,1.10000546897,3.80001889279,89.0,0.0,  ,  ,0.0,  ,  
2018-12-03 19:15:00,-3.865,-5.52808060404,1001.9,  ,  ,1.23250612773,3.40001690408,88.1833333333,0.0,  ,  ,0.0,  ,  
2018-12-03 19:20:00,-3.88166666667,-5.57183176293,1001.89542744,  ,  ,1.4000069605,4.10002038433,88.0,0.0,  ,  ,0.0,  ,  
2018-12-03 19:25:00,-3.88333333333,-5.57347442163,1001.8,  ,  ,1.4000069605,2.80001392101,88.0,0.0,  ,  ,0.0,  ,  
2018-12-03 19:30:00,-3.89666666667,-5.58661569737,1001.8,  ,  ,1.4000069605,4.10002038433,88.0,0.0,  ,  ,0.0,  ,  
2018-12-03 19:35:00,-3.9,-5.69967407066,1001.8,  ,  ,1.48834073301,2.90001441819,87.2666666667,0.0,  ,  ,0.0,  ,  
2018-12-03 19:40:00,-3.9,-5.589901018,1001.8,  ,  ,1.60000795486,2.60001292665,88.0,0.0,  ,  ,0.0,  ,  
2018-12-03 19:45:00,-3.9,-5.68215557849,1001.8,  ,  ,1.37917352359,4.50002237305,87.3833333333,0.0,  ,  ,0.0,  ,  
2018-12-03 19:50:00,-4.0,-5.8382271797,1001.78618619,  ,  ,1.10000546897,2.60001292665,87.0,0.0,  ,  ,0.0,  ,  
2018-12-03 19:55:00,-4.115,-5.95142560902,1001.5,  ,  ,1.453340559,5.10002535612,87.0,0.0,  ,  ,0.0,  ,  
2018-12-03 20:00:00,-4.2,-6.03509457653,1001.5,  ,  ,1.9000094464,4.50002237305,87.0,0.0,  ,  ,0.0,  ,  
2018-12-03 20:05:00,-4.27833333333,-6.11220169596,1001.5277336,  ,  ,1.85584256014,3.60001789844,87.0,0.0,  ,  ,0.0,  ,  
2018-12-03 20:10:00,-4.375,-6.20735572296,1002.1,  ,  ,1.80000894922,3.3000164069,87.0,0.0,  ,  ,0.0,  ,  
2018-12-03 20:15:00,-4.465,-6.29594795988,1002.1,  ,  ,1.84417583547,5.10002535612,87.0,0.0,  ,  ,0.0,  ,  
2018-12-03 20:20:00,-4.52,-6.35008792444,1002.1,  ,  ,1.9000094464,2.60001292665,87.0,0.0,  ,  ,0.0,  ,  
2018-12-03 20:25:00,-4.575,-6.40422808945,1002.1,  ,  ,1.54667435637,2.90001441819,87.0,0.0,  ,  ,0.0,  ,  
2018-12-03 20:30:00,-4.6,-6.48134788407,1002.1,  ,  ,1.10000546897,3.80001889279,86.65,0.0,  ,  ,0.0,  ,  
2018-12-03 20:35:00,-4.6,-6.57936882842,1002.10467197,  ,  ,1.453340559,5.50002734483,86.0,0.0,  ,  ,0.0,  ,  
2018-12-03 20:40:00,-4.63833333333,-6.73602033772,1002.2,  ,  ,1.9000094464,4.50002237305,85.2166666667,0.0,  ,  ,0.0,  ,  
2018-12-03 20:45:00,-4.7,-6.82964164967,1002.2,  ,  ,2.07667699141,5.30002635048,85.0,0.0,  ,  ,0.0,  ,  
2018-12-03 20:50:00,-4.7,-6.82964164967,1002.20460691,  ,  ,2.30001143511,4.50002237305,85.0,0.0,  ,  ,0.0,  ,  
2018-12-03 20:55:00,-4.7,-6.8883153185,1002.3,  ,  ,2.2116776626,4.30002137869,84.6166666667,0.0,  ,  ,0.0,  ,  
2018-12-03 21:00:00,-4.7,-6.98320028237,1002.3,  ,  ,2.10001044075,5.00002485894,84.0,0.0,  ,  ,0.0,  ,  
2018-12-03 21:05:00,-4.785,-7.13354096697,1002.29533035,  ,  ,1.87917600949,2.90001441819,83.5666666667,0.0,  ,  ,0.0,  ,  
2018-12-03 21:10:00,-4.805,-7.14023372352,1002.2,  ,  ,1.60000795486,4.10002038433,83.65,0.0,  ,  ,0.0,  ,  
2018-12-03 21:15:00,-4.88666666667,-7.32117180442,1002.2,  ,  ,1.68834172737,4.30002137869,83.0,0.0,  ,  ,0.0,  ,  
2018-12-03 21:20:00,-4.9,-7.33422775293,1002.19537773,  ,  ,1.80000894922,4.10002038433,83.0,0.0,  ,  ,0.0,  ,  
2018-12-03 21:25:00,-4.9,-7.33422775293,1002.1,  ,  ,1.80000894922,4.30002137869,83.0,0.0,  ,  ,0.0,  ,  
2018-12-03 21:30:00,-4.9,-7.42275639354,1002.1,  ,  ,1.80000894922,4.10002038433,82.4333333333,0.0,  ,  ,0.0,  ,  
2018-12-03 21:35:00,-4.9,-7.36541171312,1002.1,  ,  ,1.93250960798,3.80001889279,82.8,0.0,  ,  ,0.0,  ,  
2018-12-03 21:40:00,-4.9,-7.33422775293,1002.1,  ,  ,2.10001044075,4.50002237305,83.0,0.0,  ,  ,0.0,  ,  
2018-12-03 21:45:00,-4.9,-7.45413082473,1002.1,  ,  ,1.96750978199,3.3000164069,82.2333333333,0.0,  ,  ,0.0,  ,  
2018-12-03 21:50:00,-4.9,-7.47705075145,1002.09081378,  ,  ,1.80000894922,4.30002137869,82.0875,0.0,  ,  ,0.0,  ,  
2018-12-03 21:55:00,-4.9,-7.37907572796,1001.9,  ,  ,1.71167517671,2.80001392101,82.7125,0.0,  ,  ,0.0,  ,  
2018-12-03 22:00:00,-4.9,-7.40905132628,1001.9,  ,  ,1.60000795486,5.10002535612,82.5208333333,0.0,  ,  ,0.0,  ,  
2018-12-03 22:05:00,-4.9,-7.38428444267,1001.89552684,  ,  ,1.46875730231,3.3000164069,82.6791666667,0.0,  ,  ,0.0,  ,  
2018-12-03 22:10:00,-4.9,-7.44562689943,1001.8,  ,  ,1.30000646332,4.10002038433,82.2875,0.0,  ,  ,0.0,  ,  
2018-12-03 22:15:00,-4.9,-7.4312469565,1001.8,  ,  ,1.56250776842,5.10002535612,82.3791666667,0.0,  ,  ,0.0,  ,  
2018-12-03 22:20:00,-4.9,-7.34981138433,1001.8,  ,  ,1.9000094464,4.60002287023,82.9,0.0,  ,  ,0.0,  ,  
2018-12-03 22:25:00,-4.9,-7.33422775293,1001.8,  ,  ,1.76875879385,2.40001193229,83.0,0.0,  ,  ,0.0,  ,  
2018-12-03 22:30:00,-4.9,-7.33422775293,1001.8,  ,  ,1.60000795486,2.40001193229,83.0,0.0,  ,  ,0.0,  ,  
2018-12-03 22:35:00,-4.88333333333,-7.31790781973,1001.79551346,  ,  ,1.29375643225,3.80001889279,83.0,0.0,  ,  ,0.0,  ,  
2018-12-03 22:40:00,-4.85541666667,-7.29057198637,1001.7,  ,  ,0.900004474609,5.10002535612,83.0,0.0,  ,  ,0.0,  ,  
2018-12-03 22:45:00,-4.8,-7.23630852026,1001.7,  ,  ,1.11875556219,2.90001441819,83.0,0.0,  ,  ,0.0,  ,  
2018-12-03 22:50:00,-4.83458333333,-7.32221151866,1001.7,  ,  ,1.4000069605,3.10001541254,82.6666666667,0.0,  ,  ,0.0,  ,  
2018-12-03 22:55:00,-4.9,-7.38102877755,1001.7,  ,  ,1.35625674299,3.90001938997,82.7,0.0,  ,  ,0.0,  ,  
2018-12-03 23:00:00,-4.89666666667,-7.33096376434,1001.7,  ,  ,1.30000646332,2.80001392101,83.0,0.0,  ,  ,0.0,  ,  
2018-12-03 23:05:00,-4.9,-7.33422775293,1001.7,  ,  ,1.30000646332,4.10002038433,83.0,0.0,  ,  ,0.0,  ,  
2018-12-03 23:10:00,-4.89541666667,-7.32973976887,1001.7,  ,  ,1.30000646332,3.90001938997,83.0,0.0,  ,  ,0.0,  ,  
2018-12-03 23:15:00,-4.82333333333,-7.22801865401,1001.7,  ,  ,1.30000646332,3.3000164069,83.2,0.0,  ,  ,0.0,  ,  
2018-12-03 23:20:00,-4.8,-7.22916552377,1001.69552684,  ,  ,1.30000646332,5.30002635048,83.0458333333,0.0,  ,  ,0.0,  ,  
2018-12-03 23:25:00,-4.8,-7.17085391662,1001.6,  ,  ,1.43125711587,3.60001789844,83.4208333333,0.0,  ,  ,0.0,  ,  
2018-12-03 23:30:00,-4.8,-7.23630852026,1001.6,  ,  ,1.60000795486,3.80001889279,83.0,0.0,  ,  ,0.0,  ,  
2018-12-03 23:35:00,-4.8,-7.23630852026,1001.6,  ,  ,1.51250751983,4.60002287023,83.0,0.0,  ,  ,0.0,  ,  
2018-12-03 23:40:00,-4.77875,-7.17916628411,1001.6,  ,  ,1.4000069605,5.60002784201,83.2333333333,0.0,  ,  ,0.0,  ,  
2018-12-03 23:45:00,-4.7,-7.11760259966,1001.6,  ,  ,1.61875804808,4.50002237305,83.1333333333,0.0,  ,  ,0.0,  ,  
2018-12-03 23:50:00,-4.7,-6.98641663904,1001.59095877,  ,  ,1.9000094464,5.50002734483,83.9791666667,0.0,  ,  ,0.0,  ,  
  

    

