Time,TemperatureC,DewpointC,PressurehPa,WindDirection,WindDirectionDegrees,WindSpeedKMH,WindSpeedGustKMH,Humidity,HourlyPrecipMM,Conditions,Clouds,dailyrainMM,SoftwareType,DateUTC
                
2019-02-04 00:00:00,0.68,0.540958226637,1003.1,  ,  ,0.600002983073,1.10000546897,99.0,0.0,  ,  ,0.0,  ,  
2019-02-04 00:05:00,0.624583333333,0.401623102773,1003.1,  ,  ,0.592502945784,0.80000397743,98.4,0.0,  ,  ,0.0,  ,  
2019-02-04 00:10:00,0.612083333333,0.473120754166,1003.22647789,  ,  ,0.0,1.60000795486,99.0,0.0,  ,  ,0.0,  ,  
2019-02-04 00:15:00,0.69,0.550946564238,1003.3,  ,  ,0.0,1.60000795486,99.0,0.0,  ,  ,0.0,  ,  
2019-02-04 00:20:00,0.696666666667,0.557605455701,1003.3,  ,  ,0.0,1.80000894922,99.0,0.0,  ,  ,0.0,  ,  
2019-02-04 00:25:00,0.7,0.56093490135,1003.3,  ,  ,0.0,0.80000397743,99.0,0.0,  ,  ,0.0,  ,  
2019-02-04 00:30:00,0.7,0.56093490135,1003.3,  ,  ,0.0,1.60000795486,99.0,0.0,  ,  ,0.0,  ,  
2019-02-04 00:35:00,0.7,0.56093490135,1003.3,  ,  ,0.0,0.0,99.0,0.0,  ,  ,0.0,  ,  
2019-02-04 00:40:00,0.7,0.56093490135,1003.23678679,  ,  ,0.0,0.0,99.0,0.0,  ,  ,0.0,  ,  
2019-02-04 00:45:00,0.7,0.56093490135,1003.2,  ,  ,0.0,0.900004474609,99.0,0.0,  ,  ,0.0,  ,  
2019-02-04 00:50:00,0.7,0.56093490135,1003.2,  ,  ,0.0,0.0,99.0,0.0,  ,  ,0.0,  ,  
2019-02-04 00:55:00,0.7,0.56093490135,1003.32648973,  ,  ,0.0,0.0,99.0,0.0,  ,  ,0.0,  ,  
2019-02-04 01:00:00,0.7,0.56093490135,1003.4,  ,  ,0.0,0.80000397743,99.0,0.0,  ,  ,0.0,  ,  
2019-02-04 01:05:00,0.732083333333,0.592980812951,1003.4,  ,  ,0.0,0.0,99.0,0.0,  ,  ,0.0,  ,  
2019-02-04 01:10:00,0.74125,0.60213678677,1003.4,  ,  ,0.0,0.900004474609,99.0,0.0,  ,  ,0.508,  ,  
2019-02-04 01:15:00,0.736666666667,0.597558799912,1003.4,  ,  ,0.0,0.80000397743,99.0,0.0,  ,  ,0.508,  ,  
2019-02-04 01:20:00,0.795416666667,0.656240260044,1003.4,  ,  ,0.0,1.4000069605,99.0,0.0,  ,  ,0.508,  ,  
2019-02-04 01:25:00,0.77,0.509250834348,1003.46318927,  ,  ,0.0,1.60000795486,98.1333333333,0.0,  ,  ,0.508,  ,  
2019-02-04 01:30:00,0.793333333333,0.632592924961,1003.5,  ,  ,0.0,1.4000069605,98.8458333333,0.0,  ,  ,0.508,  ,  
2019-02-04 01:35:00,0.776666666667,0.497109627082,1003.5,  ,  ,0.0,0.900004474609,98.0,0.0,  ,  ,0.508,  ,  
2019-02-04 01:40:00,0.78,0.584830108941,1003.5,  ,  ,0.0,2.10001044075,98.6,0.0,  ,  ,0.508,  ,  
2019-02-04 01:45:00,0.766666666667,0.616455333269,1003.5,  ,  ,0.00750003728841,1.4000069605,98.9208333333,0.0,  ,  ,0.508,  ,  
2019-02-04 01:50:00,0.793333333333,0.654159357491,1003.5,  ,  ,0.600002983073,1.30000646332,99.0,0.0,  ,  ,0.508,  ,  
2019-02-04 01:55:00,0.8,0.632832874147,1003.62647789,  ,  ,0.592502945784,1.30000646332,98.8,0.0,  ,  ,0.508,  ,  
2019-02-04 02:00:00,0.8,0.557959675411,1003.7,  ,  ,0.0,2.30001143511,98.2666666667,0.0,  ,  ,0.508,  ,  
2019-02-04 02:05:00,0.8,0.52685229326,1003.7,  ,  ,0.0,1.60000795486,98.0458333333,0.0,  ,  ,0.508,  ,  
2019-02-04 02:10:00,0.8,0.520388284268,1003.7,  ,  ,0.0,1.30000646332,98.0,0.0,  ,  ,0.508,  ,  
2019-02-04 02:15:00,0.8,0.548575284552,1003.7,  ,  ,0.0,2.30001143511,98.2,0.0,  ,  ,0.508,  ,  
2019-02-04 02:20:00,0.8,0.525089646654,1003.7,  ,  ,0.0,2.30001143511,98.0333333333,0.0,  ,  ,0.508,  ,  
2019-02-04 02:25:00,0.8,0.520388284268,1003.7,  ,  ,0.00750003728841,1.60000795486,98.0,0.0,  ,  ,0.508,  ,  
2019-02-04 02:30:00,0.8,0.520388284268,1003.7,  ,  ,0.600002983073,1.10000546897,98.0,0.0,  ,  ,0.508,  ,  
2019-02-04 02:35:00,0.8,0.520388284268,1003.7,  ,  ,0.592502945784,1.80000894922,98.0,0.0,  ,  ,0.508,  ,  
2019-02-04 02:40:00,0.803333333333,0.523713806287,1003.63678679,  ,  ,0.0,2.30001143511,98.0,0.0,  ,  ,0.508,  ,  
2019-02-04 02:45:00,0.806666666667,0.527039328198,1003.6,  ,  ,0.0100000497179,1.60000795486,98.0,0.0,  ,  ,0.508,  ,  
2019-02-04 02:50:00,0.8,0.520388284268,1003.6,  ,  ,0.80000397743,1.80000894922,98.0,0.0,  ,  ,0.762,  ,  
2019-02-04 02:55:00,0.8,0.520388284268,1003.6,  ,  ,0.790003927713,2.10001044075,98.0,0.0,  ,  ,0.762,  ,  
2019-02-04 03:00:00,0.8,0.520388284268,1003.6,  ,  ,0.0,2.30001143511,98.0,0.0,  ,  ,0.762,  ,  
2019-02-04 03:05:00,0.8,0.520388284268,1003.6,  ,  ,0.0100000497179,2.30001143511,98.0,0.0,  ,  ,0.762,  ,  
2019-02-04 03:10:00,0.8,0.520388284268,1003.66322068,  ,  ,0.80000397743,2.30001143511,98.0,0.0,  ,  ,0.762,  ,  
2019-02-04 03:15:00,0.8,0.520388284268,1003.7,  ,  ,0.80000397743,2.10001044075,98.0,0.0,  ,  ,0.762,  ,  
2019-02-04 03:20:00,0.8,0.520388284268,1003.7,  ,  ,0.80000397743,2.30001143511,98.0,0.0,  ,  ,0.762,  ,  
2019-02-04 03:25:00,0.8,0.520388284268,1003.63681073,  ,  ,0.80000397743,1.30000646332,98.0,0.0,  ,  ,0.762,  ,  
2019-02-04 03:30:00,0.8,0.520388284268,1003.6,  ,  ,0.80000397743,1.9000094464,98.0,0.0,  ,  ,0.762,  ,  
2019-02-04 03:35:00,0.823333333333,0.543666936114,1003.6,  ,  ,0.797503965001,1.9000094464,98.0,0.0,  ,  ,0.762,  ,  
2019-02-04 03:40:00,0.86875,0.58897715386,1003.66322068,  ,  ,0.600002983073,1.80000894922,98.0,0.0,  ,  ,0.762,  ,  
2019-02-04 03:45:00,0.9,0.62015389744,1003.7,  ,  ,0.592502945784,1.80000894922,98.0,0.0,  ,  ,0.762,  ,  
2019-02-04 03:50:00,0.9,0.62015389744,1003.7,  ,  ,0.0,1.60000795486,98.0,0.0,  ,  ,0.762,  ,  
2019-02-04 03:55:00,0.9,0.62015389744,1003.76323895,  ,  ,0.0,0.80000397743,98.0,0.0,  ,  ,0.762,  ,  
2019-02-04 04:00:00,0.9,0.62015389744,1003.8,  ,  ,0.0,1.4000069605,98.0,0.0,  ,  ,0.762,  ,  
2019-02-04 04:05:00,0.9,0.62015389744,1003.8,  ,  ,0.0,1.9000094464,98.0,0.0,  ,  ,0.762,  ,  
2019-02-04 04:10:00,0.886666666667,0.606851821351,1003.86318927,  ,  ,0.0,1.60000795486,98.0,0.0,  ,  ,0.762,  ,  
2019-02-04 04:15:00,0.894583333333,0.614749929239,1003.9,  ,  ,0.00750003728841,1.80000894922,98.0,0.0,  ,  ,0.762,  ,  
2019-02-04 04:20:00,0.83,0.550317978518,1003.9,  ,  ,0.600002983073,2.10001044075,98.0,0.0,  ,  ,0.762,  ,  
2019-02-04 04:25:00,0.862083333333,0.58232611399,1003.83677932,  ,  ,0.600002983073,2.10001044075,98.0,0.0,  ,  ,1.016,  ,  
2019-02-04 04:30:00,0.896666666667,0.616828378581,1003.8,  ,  ,0.600002983073,1.30000646332,98.0,0.0,  ,  ,1.016,  ,  
2019-02-04 04:35:00,0.884583333333,0.604773371805,1003.8,  ,  ,0.592502945784,1.4000069605,98.0,0.0,  ,  ,1.016,  ,  
2019-02-04 04:40:00,0.865416666667,0.58565163398,1003.92642643,  ,  ,0.0,1.9000094464,98.0,0.0,  ,  ,1.016,  ,  
2019-02-04 04:45:00,0.9,0.62015389744,1004.0,  ,  ,0.0,2.30001143511,98.0,0.0,  ,  ,1.016,  ,  
2019-02-04 04:50:00,0.9,0.62015389744,1004.0,  ,  ,0.0,1.60000795486,98.0,0.0,  ,  ,1.016,  ,  
2019-02-04 04:55:00,0.9,0.62015389744,1003.93675513,  ,  ,0.0100000497179,2.90001441819,98.0,0.0,  ,  ,1.016,  ,  
2019-02-04 05:00:00,0.9,0.62015389744,1003.9,  ,  ,0.80000397743,2.10001044075,98.0,0.0,  ,  ,1.016,  ,  
2019-02-04 05:05:00,0.9,0.62015389744,1003.9,  ,  ,0.797503965001,2.10001044075,98.0,0.0,  ,  ,1.016,  ,  
2019-02-04 05:10:00,0.9,0.62015389744,1003.96322068,  ,  ,0.600002983073,1.60000795486,98.0,0.0,  ,  ,1.016,  ,  
2019-02-04 05:15:00,0.9,0.62015389744,1004.0,  ,  ,0.600002983073,1.80000894922,98.0,0.0,  ,  ,1.016,  ,  
2019-02-04 05:20:00,0.9,0.62015389744,1004.0,  ,  ,0.600002983073,2.10001044075,98.0,0.0,  ,  ,1.016,  ,  
2019-02-04 05:25:00,0.9,0.62015389744,1004.06318927,  ,  ,0.592502945784,1.10000546897,98.0,0.0,  ,  ,1.016,  ,  
2019-02-04 05:30:00,0.9,0.62015389744,1004.1,  ,  ,0.0,2.10001044075,98.0,0.0,  ,  ,1.27,  ,  
2019-02-04 05:35:00,0.9,0.62015389744,1004.1,  ,  ,0.0,1.30000646332,98.0,0.0,  ,  ,1.27,  ,  
2019-02-04 05:40:00,0.9,0.62015389744,1004.03677932,  ,  ,0.0,1.10000546897,98.0,0.0,  ,  ,1.27,  ,  
2019-02-04 05:45:00,0.9,0.62015389744,1004.0,  ,  ,0.0,0.900004474609,98.0,0.0,  ,  ,1.27,  ,  
2019-02-04 05:50:00,0.9,0.62015389744,1004.0,  ,  ,0.0,2.40001193229,98.0,0.0,  ,  ,1.27,  ,  
2019-02-04 05:55:00,0.9,0.62015389744,1004.06318927,  ,  ,0.0100000497179,2.30001143511,98.0,0.0,  ,  ,1.27,  ,  
2019-02-04 06:00:00,0.9,0.62015389744,1004.1,  ,  ,0.80000397743,1.80000894922,98.0,0.0,  ,  ,1.27,  ,  
2019-02-04 06:05:00,0.9,0.62015389744,1004.1,  ,  ,0.797503965001,2.30001143511,98.0,0.0,  ,  ,1.27,  ,  
2019-02-04 06:10:00,0.9,0.62015389744,1004.16318927,  ,  ,0.600002983073,1.80000894922,98.0,0.0,  ,  ,1.27,  ,  
2019-02-04 06:15:00,0.9,0.651300197829,1004.2,  ,  ,0.592502945784,1.10000546897,98.2208333333,0.0,  ,  ,1.27,  ,  
2019-02-04 06:20:00,0.9,0.697025760881,1004.2,  ,  ,0.0,1.9000094464,98.5458333333,0.0,  ,  ,1.27,  ,  
2019-02-04 06:25:00,0.9,0.62015389744,1004.13677932,  ,  ,0.0,0.0,98.0,0.0,  ,  ,1.27,  ,  
2019-02-04 06:30:00,0.965690376569,0.716983945715,1004.1,  ,  ,0.0,0.80000397743,98.2217573222,0.0,  ,  ,1.27,  ,  
2019-02-04 06:35:00,1.00333333333,0.863914228126,1004.1,  ,  ,0.0,0.900004474609,99.0,0.0,  ,  ,1.27,  ,  
2019-02-04 06:40:00,1.08541666667,0.835154354027,1004.03695761,  ,  ,0.0,1.10000546897,98.2125,0.0,  ,  ,1.27,  ,  
2019-02-04 06:45:00,1.1,0.819684829539,1004.0,  ,  ,0.0,0.0,98.0,0.0,  ,  ,1.27,  ,  
2019-02-04 06:50:00,1.1,0.819684829539,1004.0,  ,  ,0.0,0.900004474609,98.0,0.0,  ,  ,1.27,  ,  
2019-02-04 06:55:00,1.09333333333,0.81303380479,1004.0,  ,  ,0.0,0.0,98.0,0.0,  ,  ,1.524,  ,  
2019-02-04 07:00:00,1.1,0.819684829539,1004.0,  ,  ,0.0,0.600002983073,98.0,0.0,  ,  ,1.524,  ,  
2019-02-04 07:05:00,1.09333333333,0.81303380479,1004.0,  ,  ,0.0,0.0,98.0,0.0,  ,  ,1.524,  ,  
2019-02-04 07:10:00,1.09666666667,0.816359317219,1004.06322068,  ,  ,0.0,1.10000546897,98.0,0.0,  ,  ,1.524,  ,  
2019-02-04 07:15:00,1.1,0.819684829539,1004.1,  ,  ,0.0,0.600002983073,98.0,0.0,  ,  ,1.524,  ,  
2019-02-04 07:20:00,1.1,0.819684829539,1004.1,  ,  ,0.0,1.10000546897,98.0,0.0,  ,  ,1.524,  ,  
2019-02-04 07:25:00,1.1,0.819684829539,1003.97362146,  ,  ,0.0,1.10000546897,98.0,0.0,  ,  ,1.524,  ,  
2019-02-04 07:30:00,1.1,0.819684829539,1003.9,  ,  ,0.0,0.600002983073,98.0,0.0,  ,  ,1.524,  ,  
2019-02-04 07:35:00,1.1,0.819684829539,1003.9,  ,  ,0.0,0.0,98.0,0.0,  ,  ,1.524,  ,  
2019-02-04 07:40:00,1.1,0.819684829539,1003.9,  ,  ,0.0,0.0,98.0,0.0,  ,  ,1.524,  ,  
2019-02-04 07:45:00,1.1,0.819684829539,1003.9,  ,  ,0.0,0.0,98.0,0.0,  ,  ,1.524,  ,  
2019-02-04 07:50:00,1.1,0.819684829539,1003.9,  ,  ,0.0,0.80000397743,98.0,0.0,  ,  ,1.524,  ,  
2019-02-04 07:55:00,1.1,0.819684829539,1003.83681073,  ,  ,0.0,0.80000397743,98.0,0.0,  ,  ,1.524,  ,  
2019-02-04 08:00:00,1.1,0.819684829539,1003.8,  ,  ,0.0,0.0,98.0,0.0,  ,  ,1.524,  ,  
2019-02-04 08:05:00,1.1,0.819684829539,1003.8,  ,  ,0.0,1.30000646332,98.0,0.0,  ,  ,1.524,  ,  
2019-02-04 08:10:00,1.1,0.819684829539,1003.86318927,  ,  ,0.0,0.0,98.0,0.0,  ,  ,2.032,  ,  
2019-02-04 08:15:00,1.1,0.819684829539,1003.9,  ,  ,0.0,1.30000646332,98.0,0.0,  ,  ,2.032,  ,  
2019-02-04 08:20:00,1.1,0.819684829539,1003.9,  ,  ,0.0,1.10000546897,98.0,0.0,  ,  ,2.032,  ,  
2019-02-04 08:25:00,1.1,0.819684829539,1004.02644135,  ,  ,0.0,1.30000646332,98.0,0.0,  ,  ,2.032,  ,  
2019-02-04 08:30:00,1.07791666667,0.797653308388,1004.1,  ,  ,0.0,1.9000094464,98.0,0.0,  ,  ,2.032,  ,  
2019-02-04 08:35:00,1.0,0.719919412531,1004.1,  ,  ,0.0,1.4000069605,98.0,0.0,  ,  ,2.032,  ,  
2019-02-04 08:40:00,1.0,0.719919412531,1004.03681073,  ,  ,0.0,0.900004474609,98.0,0.0,  ,  ,2.032,  ,  
2019-02-04 08:45:00,1.0,0.719919412531,1004.0,  ,  ,0.0,1.60000795486,98.0,0.0,  ,  ,2.032,  ,  
2019-02-04 08:50:00,1.01,0.729895958645,1004.0,  ,  ,0.0,1.60000795486,98.0,0.0,  ,  ,2.032,  ,  
2019-02-04 08:55:00,1.02,0.739872503779,1004.0,  ,  ,0.0,0.80000397743,98.0,0.0,  ,  ,2.032,  ,  
2019-02-04 09:00:00,1.04208333333,0.761904037475,1004.0,  ,  ,0.0,0.900004474609,98.0,0.0,  ,  ,2.032,  ,  
2019-02-04 09:05:00,1.02458333333,0.744445086637,1004.0,  ,  ,0.0,0.80000397743,98.0,0.0,  ,  ,2.032,  ,  
2019-02-04 09:10:00,1.01333333333,0.733221473799,1003.9367,  ,  ,0.0,1.10000546897,98.0,0.0,  ,  ,2.032,  ,  
2019-02-04 09:15:00,1.01333333333,0.733221473799,1003.9,  ,  ,0.0,1.4000069605,98.0,0.0,  ,  ,2.286,  ,  
2019-02-04 09:20:00,1.08541666667,0.805135712334,1003.9,  ,  ,0.0,1.9000094464,98.0,0.0,  ,  ,2.286,  ,  
2019-02-04 09:25:00,1.1,0.819684829539,1003.96318927,  ,  ,0.00750003728841,1.9000094464,98.0,0.0,  ,  ,2.286,  ,  
2019-02-04 09:30:00,1.1,0.819684829539,1004.0,  ,  ,0.600002983073,1.9000094464,98.0,0.0,  ,  ,2.286,  ,  
2019-02-04 09:35:00,1.16875,0.888273496837,1004.0,  ,  ,0.592502945784,0.80000397743,98.0,0.0,  ,  ,2.286,  ,  
2019-02-04 09:40:00,1.22541666667,0.944807151394,1004.0,  ,  ,0.0,1.60000795486,98.0,0.0,  ,  ,2.286,  ,  
2019-02-04 09:45:00,1.29333333333,1.01256435764,1004.0,  ,  ,0.0,2.30001143511,98.0,0.0,  ,  ,2.286,  ,  
2019-02-04 09:50:00,1.31,1.029191886,1004.0,  ,  ,0.0,0.900004474609,98.0,0.0,  ,  ,2.286,  ,  
2019-02-04 09:55:00,1.38875,1.10775692066,1004.06318927,  ,  ,0.0,1.4000069605,98.0,0.0,  ,  ,2.54,  ,  
2019-02-04 10:00:00,1.4,1.09710878824,1004.1,  ,  ,0.0,1.80000894922,97.8458333333,0.0,  ,  ,2.54,  ,  
2019-02-04 10:05:00,1.44666666667,1.09446357184,1004.1,  ,  ,0.0,0.900004474609,97.5,0.0,  ,  ,2.54,  ,  
2019-02-04 10:10:00,1.5275,1.10361399634,1004.16322068,  ,  ,0.0,1.80000894922,97.0,0.0,  ,  ,2.54,  ,  
2019-02-04 10:15:00,1.59666666667,1.17253573272,1004.2,  ,  ,0.00750003728841,2.40001193229,97.0,0.0,  ,  ,2.54,  ,  
2019-02-04 10:20:00,1.6,1.1758572604,1004.2,  ,  ,0.600002983073,1.80000894922,97.0,0.0,  ,  ,2.54,  ,  
2019-02-04 10:25:00,1.6,1.1758572604,1004.2,  ,  ,0.600002983073,1.80000894922,97.0,0.0,  ,  ,2.54,  ,  
2019-02-04 10:30:00,1.6,1.1758572604,1004.2,  ,  ,0.600002983073,2.40001193229,97.0,0.0,  ,  ,2.54,  ,  
2019-02-04 10:35:00,1.61541666667,1.19121932379,1004.2,  ,  ,0.602502995502,3.3000164069,97.0,0.0,  ,  ,2.54,  ,  
2019-02-04 10:40:00,1.63791666667,1.21363962622,1004.07362146,  ,  ,0.80000397743,1.9000094464,97.0,0.0,  ,  ,2.794,  ,  
2019-02-04 10:45:00,1.66875,1.24436373223,1004.0,  ,  ,0.797503965001,2.10001044075,97.0,0.0,  ,  ,2.794,  ,  
2019-02-04 10:50:00,1.65666666667,1.23232320587,1004.0,  ,  ,0.600002983073,2.60001292665,97.0,0.0,  ,  ,2.794,  ,  
2019-02-04 10:55:00,1.67458333333,1.25017639936,1004.0,  ,  ,0.600002983073,0.600002983073,97.0,0.0,  ,  ,2.794,  ,  
2019-02-04 11:00:00,1.69875,1.27425744353,1004.0,  ,  ,0.600002983073,2.30001143511,97.0,0.0,  ,  ,2.794,  ,  
2019-02-04 11:05:00,1.7,1.25816340153,1004.0,  ,  ,0.592502945784,1.9000094464,96.8791666667,0.0,  ,  ,3.048,  ,  
2019-02-04 11:10:00,1.70666666667,1.15252751076,1004.0,  ,  ,0.0,2.40001193229,96.1,0.0,  ,  ,3.048,  ,  
2019-02-04 11:15:00,1.71666666667,1.14801186406,1004.0,  ,  ,0.0112500559326,3.60001789844,96.0,0.0,  ,  ,3.048,  ,  
2019-02-04 11:20:00,1.70333333333,1.13474179157,1004.0,  ,  ,0.900004474609,2.80001392101,96.0,0.0,  ,  ,3.048,  ,  
2019-02-04 11:25:00,1.7,1.1314242729,1004.06316316,  ,  ,0.896254455965,2.10001044075,96.0,0.0,  ,  ,3.048,  ,  
2019-02-04 11:30:00,1.7,1.1314242729,1004.1,  ,  ,0.600002983073,1.4000069605,96.0,0.0,  ,  ,3.048,  ,  
2019-02-04 11:35:00,1.71208333333,1.14345027704,1004.1,  ,  ,0.600002983073,2.80001392101,96.0,0.0,  ,  ,3.048,  ,  
2019-02-04 11:40:00,1.79,1.22099720003,1004.03680521,  ,  ,0.600002983073,2.10001044075,96.0,0.0,  ,  ,3.048,  ,  
2019-02-04 11:45:00,1.8,1.23094973762,1004.0,  ,  ,0.600002983073,1.80000894922,96.0,0.0,  ,  ,3.556,  ,  
2019-02-04 11:50:00,1.8,1.23094973762,1004.0,  ,  ,0.600002983073,2.10001044075,96.0,0.0,  ,  ,3.556,  ,  
2019-02-04 11:55:00,1.81333333333,1.24421978466,1004.06317097,  ,  ,0.600002983073,1.80000894922,96.0,0.0,  ,  ,3.556,  ,  
2019-02-04 12:00:00,1.82666666667,1.25748982819,1004.1,  ,  ,0.600002983073,2.30001143511,96.0,0.0,  ,  ,3.556,  ,  
2019-02-04 12:05:00,1.89875,1.32923094024,1004.1,  ,  ,0.600002983073,3.10001541254,96.0,0.0,  ,  ,3.81,  ,  
2019-02-04 12:10:00,1.89666666667,1.32715749914,1004.16317097,  ,  ,0.600002983073,2.10001044075,96.0,0.0,  ,  ,3.81,  ,  
2019-02-04 12:15:00,1.9,1.27904336567,1004.2,  ,  ,0.600002983073,1.9000094464,95.6458333333,0.0,  ,  ,3.81,  ,  
2019-02-04 12:20:00,1.9,1.30931760795,1004.2,  ,  ,0.600002983073,0.80000397743,95.8541666667,0.0,  ,  ,3.81,  ,  
2019-02-04 12:25:00,1.91208333333,1.33283156167,1004.07365805,  ,  ,0.592502945784,1.4000069605,95.9333333333,0.0,  ,  ,3.81,  ,  
2019-02-04 12:30:00,1.98333333333,1.3084837113,1004.0,  ,  ,0.0,2.40001193229,95.2791666667,0.0,  ,  ,3.81,  ,  
2019-02-04 12:35:00,2.01,1.31368203788,1004.0,  ,  ,0.00750003728841,1.60000795486,95.1333333333,0.0,  ,  ,3.81,  ,  
2019-02-04 12:40:00,2.05666666667,1.34055400513,1003.81058122,  ,  ,0.600002983073,1.10000546897,95.0,0.0,  ,  ,3.81,  ,  
2019-02-04 12:45:00,2.08541666667,1.42764592511,1003.7,  ,  ,0.592502945784,0.600002983073,95.4,0.0,  ,  ,4.064,  ,  
2019-02-04 12:50:00,2.09,1.3736885,1003.7,  ,  ,0.0,1.10000546897,95.0,0.0,  ,  ,4.064,  ,  
2019-02-04 12:55:00,2.06125,1.43581665789,1003.4473161,  ,  ,0.0,1.60000795486,95.6208333333,0.0,  ,  ,4.064,  ,  
2019-02-04 13:00:00,2.08875,1.51832840868,1003.3,  ,  ,0.0,1.4000069605,96.0,0.0,  ,  ,4.064,  ,  
2019-02-04 13:05:00,2.10333333333,1.5328424393,1003.3,  ,  ,0.00750003728841,2.30001143511,96.0,0.0,  ,  ,4.318,  ,  
2019-02-04 13:10:00,2.13333333333,1.51602546283,1003.17365805,  ,  ,0.600002983073,1.4000069605,95.6791666667,0.0,  ,  ,4.318,  ,  
2019-02-04 13:15:00,2.12333333333,1.49271704702,1003.1,  ,  ,0.602502995502,3.40001690408,95.5875,0.0,  ,  ,4.318,  ,  
2019-02-04 13:20:00,2.11875,1.54818583853,1003.1,  ,  ,0.80000397743,2.30001143511,96.0,0.0,  ,  ,4.318,  ,  
2019-02-04 13:25:00,2.19333333333,1.62241464962,1002.91058122,  ,  ,0.797503965001,1.30000646332,96.0,0.0,  ,  ,4.318,  ,  
2019-02-04 13:30:00,2.22208333333,1.65102796087,1002.8,  ,  ,0.600002983073,3.10001541254,96.0,0.0,  ,  ,4.572,  ,  
2019-02-04 13:35:00,2.20125,1.63029367898,1002.8,  ,  ,0.606253014147,3.80001889279,96.0,0.0,  ,  ,4.572,  ,  
2019-02-04 13:40:00,2.19666666667,1.62573213581,1002.73682903,  ,  ,1.10000546897,2.40001193229,96.0,0.0,  ,  ,4.572,  ,  
2019-02-04 13:45:00,2.2,1.62904962179,1002.7,  ,  ,1.09625545032,2.10001044075,96.0,0.91016666481,  ,  ,4.826,  ,  
2019-02-04 13:50:00,2.2,1.62904962179,1002.7,  ,  ,0.80000397743,2.30001143511,96.0,1.26999999741,  ,  ,4.826,  ,  
2019-02-04 13:55:00,2.2,1.62904962179,1002.51058122,  ,  ,0.797503965001,2.40001193229,96.0,1.26999999741,  ,  ,4.826,  ,  
2019-02-04 14:00:00,2.2,1.62904962179,1002.4,  ,  ,0.600002983073,1.9000094464,96.0,1.02023333125,  ,  ,5.334,  ,  
2019-02-04 14:05:00,2.2,1.62904962179,1002.4,  ,  ,0.602502995502,2.80001392101,96.0,1.01599999793,  ,  ,5.334,  ,  
2019-02-04 14:10:00,2.17125,1.600436298,1002.33682903,  ,  ,0.80000397743,2.40001193229,96.0,1.01599999793,  ,  ,5.334,  ,  
2019-02-04 14:15:00,2.19208333333,1.62117059223,1002.3,  ,  ,0.80000397743,1.9000094464,96.0,1.01599999793,  ,  ,5.588,  ,  
2019-02-04 14:20:00,2.2,1.62904962179,1002.3,  ,  ,0.80000397743,2.80001392101,96.0,1.01599999793,  ,  ,5.588,  ,  
2019-02-04 14:25:00,2.17791666667,1.60707127309,1002.3,  ,  ,0.801253983645,3.60001789844,96.0,1.01599999793,  ,  ,5.588,  ,  
2019-02-04 14:30:00,2.18666666667,1.66897700374,1002.3,  ,  ,0.900004474609,2.40001193229,96.3666666667,0.437050278438,  ,  ,5.842,  ,  
2019-02-04 14:35:00,2.16666666667,1.69064293053,1002.3,  ,  ,0.900004474609,3.3000164069,96.6541666667,0.0,  ,  ,5.842,  ,  
2019-02-04 14:40:00,2.1,1.67408455503,1002.04714715,  ,  ,0.900004474609,2.80001392101,97.0,0.238606060119,  ,  ,6.096,  ,  
2019-02-04 14:45:00,2.07125,1.64543658558,1001.9,  ,  ,0.906254505683,3.60001789844,97.0,1.26999999741,  ,  ,6.096,  ,  
2019-02-04 14:50:00,2.03875,1.61305190978,1001.9,  ,  ,1.4000069605,3.3000164069,97.0,1.26999999741,  ,  ,6.096,  ,  
2019-02-04 14:55:00,2.08,1.6541555341,1001.96324487,  ,  ,1.4000069605,3.40001690408,97.0,1.26999999741,  ,  ,6.35,  ,  
2019-02-04 15:00:00,2.1,1.67408455503,1002.0,  ,  ,1.4000069605,3.90001938997,97.0,1.26999999741,  ,  ,6.35,  ,  
2019-02-04 15:05:00,2.1,1.67408455503,1002.0,  ,  ,1.4000069605,3.80001889279,97.0,1.26999999741,  ,  ,6.35,  ,  
2019-02-04 15:10:00,2.1,1.67408455503,1002.12652653,  ,  ,1.4000069605,3.40001690408,97.0,1.19764848241,  ,  ,6.604,  ,  
2019-02-04 15:15:00,2.1,1.67408455503,1002.2,  ,  ,1.39875695429,3.3000164069,97.0,1.01599999793,  ,  ,6.604,  ,  
2019-02-04 15:20:00,2.1,1.67408455503,1002.2,  ,  ,1.30000646332,3.40001690408,97.0,1.01599999793,  ,  ,6.604,  ,  
2019-02-04 15:25:00,2.08333333333,1.68921865623,1001.94724292,  ,  ,1.2975064509,3.10001541254,97.2208333333,1.01599999793,  ,  ,6.604,  ,  
2019-02-04 15:30:00,2.09666666667,1.81400812553,1001.8,  ,  ,1.10000546897,2.10001044075,98.0,0.118533333092,  ,  ,6.858,  ,  
2019-02-04 15:35:00,2.1,1.81733360516,1001.8,  ,  ,1.09625545032,2.60001292665,98.0,0.0,  ,  ,6.858,  ,  
2019-02-04 15:40:00,2.1,1.81733360516,1001.8,  ,  ,0.80000397743,2.80001392101,98.0,0.0,  ,  ,6.858,  ,  
2019-02-04 15:45:00,2.09666666667,1.81400812553,1001.8,  ,  ,0.803753996075,2.30001143511,98.0,0.321733332677,  ,  ,7.366,  ,  
2019-02-04 15:50:00,2.06,1.77742784245,1001.8,  ,  ,1.10000546897,2.90001441819,98.0,1.01599999793,  ,  ,7.366,  ,  
2019-02-04 15:55:00,2.04666666667,1.76412591806,1001.54724292,  ,  ,1.10000546897,3.60001789844,98.0,1.01599999793,  ,  ,7.366,  ,  
2019-02-04 16:00:00,2.08666666667,1.804031686,1001.4,  ,  ,1.10000546897,2.40001193229,98.0,1.01599999793,  ,  ,7.366,  ,  
2019-02-04 16:05:00,2.09333333333,1.8106826458,1001.4,  ,  ,1.10000546897,2.90001441819,98.0,0.0846666664939,  ,  ,7.366,  ,  
2019-02-04 16:10:00,2.1,1.81733360516,1001.27355865,  ,  ,1.10000546897,1.9000094464,98.0,0.0,  ,  ,7.62,  ,  
2019-02-04 16:15:00,2.1,1.81733360516,1001.2,  ,  ,1.09375543789,2.40001193229,98.0,0.0,  ,  ,7.62,  ,  
2019-02-04 16:20:00,2.1,1.81733360516,1001.2,  ,  ,0.600002983073,2.30001143511,98.0,0.0,  ,  ,7.62,  ,  
2019-02-04 16:25:00,2.1,1.81733360516,1001.26317097,  ,  ,0.600002983073,2.40001193229,98.0,0.69426666525,  ,  ,7.874,  ,  
2019-02-04 16:30:00,2.1,1.77628224712,1001.3,  ,  ,0.600002983073,2.30001143511,97.7125,1.01599999793,  ,  ,7.874,  ,  
2019-02-04 16:35:00,2.1,1.73631855684,1001.3,  ,  ,0.602502995502,2.40001193229,97.4333333333,1.01599999793,  ,  ,7.874,  ,  
2019-02-04 16:40:00,2.1,1.75541829283,1001.3,  ,  ,0.80000397743,2.40001193229,97.5666666667,0.728133331848,  ,  ,7.874,  ,  
2019-02-04 16:45:00,2.1,1.67408455503,1001.3,  ,  ,0.797503965001,2.30001143511,97.0,0.0,  ,  ,7.874,  ,  
2019-02-04 16:50:00,2.1,1.74109565433,1001.3,  ,  ,0.600002983073,3.10001541254,97.4666666667,0.0,  ,  ,7.874,  ,  
2019-02-04 16:55:00,2.10666666667,1.81269056425,1001.3,  ,  ,0.600002983073,1.9000094464,97.9208333333,0.0,  ,  ,8.128,  ,  
2019-02-04 17:00:00,2.11666666667,1.83396100165,1001.3,  ,  ,0.600002983073,2.60001292665,98.0,0.0,  ,  ,8.128,  ,  
2019-02-04 17:05:00,2.10333333333,1.82065908467,1001.3,  ,  ,0.600002983073,1.80000894922,98.0,0.0,  ,  ,8.128,  ,  
2019-02-04 17:10:00,2.11208333333,1.82938846789,1001.04744163,  ,  ,0.600002983073,1.9000094464,98.0,0.0,  ,  ,8.128,  ,  
2019-02-04 17:15:00,2.16333333333,1.88051769735,1000.9,  ,  ,0.600002983073,2.90001441819,98.0,0.0,  ,  ,8.128,  ,  
2019-02-04 17:20:00,2.18666666667,1.90379603719,1000.9,  ,  ,0.600002983073,2.30001143511,98.0,0.0,  ,  ,8.382,  ,  
2019-02-04 17:25:00,2.13458333333,1.85183544985,1000.77389359,  ,  ,0.602502995502,2.40001193229,98.0,0.0,  ,  ,8.382,  ,  
2019-02-04 17:30:00,2.13666666667,1.85391387386,1000.7,  ,  ,0.80000397743,3.80001889279,98.0,0.0,  ,  ,8.382,  ,  
2019-02-04 17:35:00,2.10541666667,1.82749041736,1000.7,  ,  ,0.801253983645,3.10001541254,98.0333333333,0.0,  ,  ,8.382,  ,  
2019-02-04 17:40:00,2.2,2.04974732646,1000.57371057,  ,  ,0.900004474609,4.10002038433,98.9333333333,0.0,  ,  ,8.382,  ,  
2019-02-04 17:45:00,2.2,2.00723100465,1000.5,  ,  ,0.900004474609,2.60001292665,98.6333333333,0.0,  ,  ,8.382,  ,  
2019-02-04 17:50:00,2.2,1.91709794328,1000.5,  ,  ,0.900004474609,2.30001143511,98.0,0.0,  ,  ,8.382,  ,  
2019-02-04 17:55:00,2.2,1.91709794328,1000.43688689,  ,  ,0.896254455965,1.60000795486,98.0,0.0,  ,  ,8.89,  ,  
2019-02-04 18:00:00,2.2,1.9817848071,1000.4,  ,  ,0.600002983073,1.9000094464,98.4541666667,0.0,  ,  ,8.89,  ,  
2019-02-04 18:05:00,2.2,1.9788232931,1000.4,  ,  ,0.602502995502,3.10001541254,98.4333333333,0.0,  ,  ,8.89,  ,  
2019-02-04 18:10:00,2.2,1.99776742487,1000.4,  ,  ,0.80000397743,2.40001193229,98.5666666667,0.0,  ,  ,8.89,  ,  
2019-02-04 18:15:00,2.2,2.05917993254,1000.4,  ,  ,0.80000397743,2.40001193229,99.0,0.0,  ,  ,8.89,  ,  
2019-02-04 18:20:00,2.2,2.05917993254,1000.4,  ,  ,0.80000397743,2.10001044075,99.0,0.0,  ,  ,8.89,  ,  
2019-02-04 18:25:00,2.2,2.05917993254,1000.33687873,  ,  ,0.797503965001,2.60001292665,99.0,0.0,  ,  ,8.89,  ,  
2019-02-04 18:30:00,2.2,2.05917993254,1000.3,  ,  ,0.600002983073,2.10001044075,99.0,0.0,  ,  ,9.144,  ,  
2019-02-04 18:35:00,2.20333333333,2.06250935369,1000.3,  ,  ,0.602502995502,3.60001789844,99.0,0.0,  ,  ,9.144,  ,  
2019-02-04 18:40:00,2.20666666667,2.06583877479,1000.36308992,  ,  ,0.80000397743,3.10001541254,99.0,0.0,  ,  ,9.144,  ,  
2019-02-04 18:45:00,2.22875,2.08789618822,1000.4,  ,  ,0.801253983645,2.90001441819,99.0,0.0,  ,  ,9.144,  ,  
2019-02-04 18:50:00,2.29666666667,2.155733124,1000.4,  ,  ,0.900004474609,3.80001889279,99.0,0.0,  ,  ,9.144,  ,  
2019-02-04 18:55:00,2.3,2.15906254358,1000.33687873,  ,  ,0.906254505683,4.10002038433,99.0,0.0,  ,  ,9.144,  ,  
2019-02-04 19:00:00,2.3,2.15906254358,1000.3,  ,  ,1.4000069605,4.30002137869,99.0,0.0,  ,  ,9.144,  ,  
2019-02-04 19:05:00,2.3,2.15906254358,1000.3,  ,  ,1.40625699158,4.30002137869,99.0,0.0,  ,  ,9.144,  ,  
2019-02-04 19:10:00,2.32666666667,2.18569789827,1000.23686041,  ,  ,1.9000094464,4.80002386458,99.0,0.0,  ,  ,9.398,  ,  
2019-02-04 19:15:00,2.36,2.13556228932,1000.2,  ,  ,1.9000094464,4.10002038433,98.4125,0.0,  ,  ,9.398,  ,  
2019-02-04 19:20:00,2.38666666667,2.10332444534,1000.2,  ,  ,1.9000094464,5.10002535612,98.0,0.0,  ,  ,9.398,  ,  
2019-02-04 19:25:00,2.39875,2.1153792741,1000.26308992,  ,  ,1.89875944018,3.90001938997,98.0,0.0,  ,  ,9.398,  ,  
2019-02-04 19:30:00,2.4,2.11662632527,1000.3,  ,  ,1.80000894922,3.10001541254,98.0,0.0,  ,  ,9.398,  ,  
2019-02-04 19:35:00,2.4,2.11662632527,1000.3,  ,  ,1.79500892436,5.50002734483,98.0,0.0,  ,  ,9.652,  ,  
2019-02-04 19:40:00,2.4,2.11662632527,1000.42624254,  ,  ,1.4000069605,3.90001938997,98.0,0.0,  ,  ,9.652,  ,  
2019-02-04 19:45:00,2.39,2.10664991549,1000.5,  ,  ,1.4000069605,3.80001889279,98.0,0.0,  ,  ,9.652,  ,  
2019-02-04 19:50:00,2.4,2.11662632527,1000.5,  ,  ,1.4000069605,4.10002038433,98.0,0.0,  ,  ,9.652,  ,  
2019-02-04 19:55:00,2.4,2.11662632527,1000.56308992,  ,  ,1.40250697293,5.00002485894,98.0,0.0,  ,  ,9.652,  ,  
2019-02-04 20:00:00,2.4,2.11662632527,1000.6,  ,  ,1.60000795486,4.30002137869,98.0,0.0,  ,  ,9.652,  ,  
2019-02-04 20:05:00,2.39125,2.10789696677,1000.6,  ,  ,1.59375792379,3.60001789844,98.0,0.0,  ,  ,9.652,  ,  
2019-02-04 20:10:00,2.38208333333,2.09875192372,1000.6,  ,  ,1.10000546897,5.30002635048,98.0,0.0,  ,  ,9.652,  ,  
2019-02-04 20:15:00,2.39666666667,2.11330085545,1000.6,  ,  ,1.1025054814,3.90001938997,98.0,0.0,  ,  ,9.906,  ,  
2019-02-04 20:20:00,2.39333333333,2.10997538553,1000.6,  ,  ,1.30000646332,4.50002237305,98.0,0.0,  ,  ,9.906,  ,  
2019-02-04 20:25:00,2.38333333333,2.09999897509,1000.6,  ,  ,1.2975064509,4.30002137869,98.0,0.0,  ,  ,9.906,  ,  
2019-02-04 20:30:00,2.4,2.11662632527,1000.6,  ,  ,1.10000546897,2.60001292665,98.0,0.0,  ,  ,9.906,  ,  
2019-02-04 20:35:00,2.4,2.11662632527,1000.6,  ,  ,1.09750545654,3.10001541254,98.0,0.0,  ,  ,9.906,  ,  
2019-02-04 20:40:00,2.4,2.11662632527,1000.6,  ,  ,0.900004474609,3.40001690408,98.0,0.0,  ,  ,9.906,  ,  
2019-02-04 20:45:00,2.4,2.11662632527,1000.6,  ,  ,0.900004474609,3.10001541254,98.0,0.0,  ,  ,10.414,  ,  
2019-02-04 20:50:00,2.37125,2.0879441445,1000.6,  ,  ,0.900004474609,3.3000164069,98.0,0.0,  ,  ,10.414,  ,  
2019-02-04 20:55:00,2.33541666667,2.05219532814,1000.72624254,  ,  ,0.902504487039,5.10002535612,98.0,0.0,  ,  ,10.414,  ,  
2019-02-04 21:00:00,2.39333333333,2.10997538553,1000.8,  ,  ,1.10000546897,5.10002535612,98.0,0.0,  ,  ,10.414,  ,  
2019-02-04 21:05:00,2.4,2.11662632527,1000.8,  ,  ,1.10000546897,3.10001541254,98.0,0.0,  ,  ,10.414,  ,  
2019-02-04 21:10:00,2.4,2.11662632527,1000.8,  ,  ,1.10000546897,4.60002287023,98.0,0.0,  ,  ,10.414,  ,  
2019-02-04 21:15:00,2.4,2.11662632527,1000.8,  ,  ,1.10375548761,3.90001938997,98.0,0.0,  ,  ,10.414,  ,  
2019-02-04 21:20:00,2.4,2.09278194113,1000.8,  ,  ,1.4000069605,4.60002287023,97.8333333333,0.0,  ,  ,10.414,  ,  
2019-02-04 21:25:00,2.4,2.11662632527,1000.73691008,  ,  ,1.4000069605,3.90001938997,98.0,0.0,  ,  ,10.414,  ,  
2019-02-04 21:30:00,2.4,2.11662632527,1000.7,  ,  ,1.4000069605,3.60001789844,98.0,0.0,  ,  ,10.414,  ,  
2019-02-04 21:35:00,2.4,1.99404307948,1000.7,  ,  ,1.39625694186,2.30001143511,97.1458333333,0.0,  ,  ,10.414,  ,  
2019-02-04 21:40:00,2.31125,1.88458447809,1000.63687873,  ,  ,1.10000546897,3.10001541254,97.0,0.0,  ,  ,10.668,  ,  
2019-02-04 21:45:00,2.3,1.87337443962,1000.6,  ,  ,1.09750545654,2.40001193229,97.0,0.0,  ,  ,10.668,  ,  
2019-02-04 21:50:00,2.3,1.87337443962,1000.6,  ,  ,0.900004474609,4.50002237305,97.0,0.0,  ,  ,10.668,  ,  
2019-02-04 21:55:00,2.3,1.87337443962,1000.6,  ,  ,0.905004499468,4.60002287023,97.0,0.0,  ,  ,10.668,  ,  
2019-02-04 22:00:00,2.3,1.87337443962,1000.6,  ,  ,1.30000646332,2.10001044075,97.0,0.0,  ,  ,10.668,  ,  
2019-02-04 22:05:00,2.3,1.87337443962,1000.6,  ,  ,1.29375643225,3.3000164069,97.0,0.0,  ,  ,10.668,  ,  
2019-02-04 22:10:00,2.3,1.87337443962,1000.72624254,  ,  ,0.80000397743,3.40001690408,97.0,0.0,  ,  ,10.668,  ,  
2019-02-04 22:15:00,2.3,1.87337443962,1000.8,  ,  ,0.803753996075,2.80001392101,97.0,0.0,  ,  ,10.668,  ,  
2019-02-04 22:20:00,2.3,1.87337443962,1000.8,  ,  ,1.10000546897,2.60001292665,97.0,0.0,  ,  ,10.668,  ,  
2019-02-04 22:25:00,2.3,1.87337443962,1000.73687873,  ,  ,1.10375548761,4.80002386458,97.0,0.0,  ,  ,10.668,  ,  
2019-02-04 22:30:00,2.30666666667,1.88001742561,1000.7,  ,  ,1.4000069605,3.90001938997,97.0,0.0,  ,  ,10.922,  ,  
2019-02-04 22:35:00,2.31541666667,1.88873634372,1000.7,  ,  ,1.4000069605,5.30002635048,97.0,0.0,  ,  ,10.922,  ,  
2019-02-04 22:40:00,2.32125,1.89454895516,1000.76301643,  ,  ,1.4000069605,4.10002038433,97.0,0.0,  ,  ,10.922,  ,  
2019-02-04 22:45:00,2.3,1.87337443962,1000.8,  ,  ,1.39625694186,5.00002485894,97.0,0.0,  ,  ,10.922,  ,  
2019-02-04 22:50:00,2.3,1.87337443962,1000.8,  ,  ,1.10000546897,3.60001789844,97.0,0.0,  ,  ,10.922,  ,  
2019-02-04 22:55:00,2.3,1.87337443962,1000.92628943,  ,  ,1.10000546897,2.80001392101,97.0,0.0,  ,  ,10.922,  ,  
2019-02-04 23:00:00,2.3,1.87337443962,1001.0,  ,  ,1.10000546897,4.10002038433,97.0,0.0,  ,  ,10.922,  ,  
2019-02-04 23:05:00,2.3,1.87337443962,1001.0,  ,  ,1.10000546897,2.90001441819,97.0,0.0,  ,  ,10.922,  ,  
2019-02-04 23:10:00,2.3,1.87337443962,1001.0,  ,  ,1.10000546897,2.90001441819,97.0,0.0,  ,  ,10.922,  ,  
2019-02-04 23:15:00,2.3,1.87337443962,1001.0,  ,  ,1.09750545654,3.40001690408,97.0,0.0,  ,  ,10.922,  ,  
2019-02-04 23:20:00,2.3,1.87337443962,1001.0,  ,  ,0.900004474609,3.10001541254,97.0,0.0,  ,  ,10.922,  ,  
2019-02-04 23:25:00,2.26125,1.8347620706,1001.06308992,  ,  ,0.902504487039,3.80001889279,97.0,0.0,  ,  ,10.922,  ,  
2019-02-04 23:30:00,2.20666666667,1.78037256696,1001.1,  ,  ,1.10000546897,2.90001441819,97.0,0.0,  ,  ,10.922,  ,  
2019-02-04 23:35:00,2.2,1.77372957113,1001.1,  ,  ,1.09750545654,2.40001193229,97.0,0.0,  ,  ,10.922,  ,  
2019-02-04 23:40:00,2.2,1.77372957113,1001.22624254,  ,  ,0.900004474609,3.90001938997,97.0,0.0,  ,  ,11.176,  ,  
2019-02-04 23:45:00,2.2,1.77372957113,1001.3,  ,  ,0.902504487039,3.60001789844,97.0,0.0,  ,  ,11.176,  ,  
2019-02-04 23:50:00,2.19666666667,1.7800062201,1001.3,  ,  ,1.10000546897,4.60002287023,97.0666666667,0.0,  ,  ,11.176,  ,  
  

    

