Time,TemperatureC,DewpointC,PressurehPa,WindDirection,WindDirectionDegrees,WindSpeedKMH,WindSpeedGustKMH,Humidity,HourlyPrecipMM,Conditions,Clouds,dailyrainMM,SoftwareType,DateUTC
                
2019-06-05 00:00:00,11.35375,9.01477422931,756.137179608,  ,  ,0.0,0.0,85.5333333333,0.0,  ,  ,0.0,  ,  
2019-06-05 00:05:00,11.5744769874,9.09167603166,756.137179608,  ,  ,0.0,0.0,84.7322175732,0.0,  ,  ,0.0,  ,  
2019-06-05 00:10:00,11.6979166667,9.25953850608,756.137179608,  ,  ,0.0,0.0,85.0,0.0,  ,  ,0.0,  ,  
2019-06-05 00:15:00,11.7,9.26158130065,756.166406664,  ,  ,0.0,0.0,85.0,0.0,  ,  ,0.0,  ,  
2019-06-05 00:20:00,11.7,9.09544356816,756.212185776,  ,  ,0.0,0.0,84.0541666667,0.0,  ,  ,0.0,  ,  
2019-06-05 00:25:00,11.7,8.9595655807,756.212185776,  ,  ,0.0,0.0,83.2875,0.0,  ,  ,0.0,  ,  
2019-06-05 00:30:00,11.7,9.04092859296,756.241584617,  ,  ,0.0,0.0,83.7458333333,0.0,  ,  ,0.0,  ,  
2019-06-05 00:35:00,11.7,9.1995625074,756.287191944,  ,  ,0.0,0.0,84.6458333333,0.0,  ,  ,0.0,  ,  
2019-06-05 00:40:00,11.68875,9.04908949148,756.287191944,  ,  ,0.0,0.0,83.8541666667,0.0,  ,  ,0.0,  ,  
2019-06-05 00:45:00,11.6,9.14022377624,756.31640448,  ,  ,0.0,0.0,84.8666666667,0.0,  ,  ,0.0,  ,  
2019-06-05 00:50:00,11.5485355649,9.06844610406,756.362198112,  ,  ,0.0,0.0,84.7447698745,0.0,  ,  ,0.0,  ,  
2019-06-05 00:55:00,11.4154166667,8.98253247225,756.362198112,  ,  ,0.0,0.0,85.0,0.0,  ,  ,0.0,  ,  
2019-06-05 01:00:00,11.3920833333,8.82324331557,756.391425168,  ,  ,0.0,0.0,84.2208333333,0.0,  ,  ,0.0,  ,  
2019-06-05 01:05:00,11.3,8.58602996364,756.43720428,  ,  ,0.0,0.0,83.3875,0.0,  ,  ,0.0,  ,  
2019-06-05 01:10:00,11.3045833333,8.56317276872,756.43720428,  ,  ,0.0,0.0,83.2333333333,0.0,  ,  ,0.0,  ,  
2019-06-05 01:15:00,11.3366666667,8.53155749755,756.466580453,  ,  ,0.0,0.0,82.8791666667,0.0,  ,  ,0.0,  ,  
2019-06-05 01:20:00,11.3666666667,8.92165022116,756.512210448,  ,  ,0.0,0.0,84.925,0.0,  ,  ,0.0,  ,  
2019-06-05 01:25:00,11.4,9.09264400844,756.512210448,  ,  ,0.0,0.0,85.7208333333,0.0,  ,  ,0.0,  ,  
2019-06-05 01:30:00,11.3754166667,8.74382016883,756.512210448,  ,  ,0.0,0.0,83.8625,0.0,  ,  ,0.0,  ,  
2019-06-05 01:35:00,11.29875,8.25902032833,756.512210448,  ,  ,0.0,0.0,81.5666666667,0.0,  ,  ,0.0,  ,  
2019-06-05 01:40:00,11.21,8.21449783065,756.512210448,  ,  ,0.0,0.0,81.8,0.0,  ,  ,0.0,  ,  
2019-06-05 01:45:00,11.2,8.26091683611,756.541586621,  ,  ,0.0,0.0,82.1125,0.0,  ,  ,0.0,  ,  
2019-06-05 01:50:00,11.1420833333,8.512453943,756.587216616,  ,  ,0.0,0.0,83.8458333333,0.0,  ,  ,0.0,  ,  
2019-06-05 01:55:00,10.9841666667,8.40835192196,756.587216616,  ,  ,0.0,0.0,84.1333333333,0.0,  ,  ,0.0,  ,  
2019-06-05 02:00:00,10.84875,8.29542184262,756.587216616,  ,  ,0.0,0.0,84.2458333333,0.0,  ,  ,0.0,  ,  
2019-06-05 02:05:00,10.7754166667,8.40332454864,756.587216616,  ,  ,0.0,0.0,85.2791666667,0.0,  ,  ,0.0,  ,  
2019-06-05 02:10:00,10.6966666667,8.49238063504,756.587216616,  ,  ,0.0,0.0,86.2458333333,0.0,  ,  ,0.0,  ,  
2019-06-05 02:15:00,10.6154166667,8.37760006602,756.645968962,  ,  ,0.0,0.0,86.0416666667,0.0,  ,  ,0.0,  ,  
2019-06-05 02:20:00,10.5408333333,8.03012020947,756.737228952,  ,  ,0.0,0.0,84.4541666667,0.0,  ,  ,0.0,  ,  
2019-06-05 02:25:00,10.3654166667,7.79870163718,756.737228952,  ,  ,0.0,0.0,84.1125,0.0,  ,  ,0.0,  ,  
2019-06-05 02:30:00,10.2108333333,7.91248991631,756.766389741,  ,  ,0.0,0.0,85.6458333333,0.0,  ,  ,0.0,  ,  
2019-06-05 02:35:00,10.0475,7.86034553089,756.81223512,  ,  ,0.0,0.0,86.2791666667,0.0,  ,  ,0.0,  ,  
2019-06-05 02:40:00,9.86875,7.80120863059,756.81223512,  ,  ,0.0,0.0,86.9666666667,0.0,  ,  ,0.0,  ,  
2019-06-05 02:45:00,9.74208333333,7.75726547563,756.81223512,  ,  ,0.0,0.0,87.4458333333,0.0,  ,  ,0.0,  ,  
2019-06-05 02:50:00,9.53291666667,7.6440359993,756.81223512,  ,  ,0.0,0.0,88.0,0.0,  ,  ,0.0,  ,  
2019-06-05 02:55:00,9.34875,7.58079787312,756.81223512,  ,  ,0.0,0.0,88.7125,0.0,  ,  ,0.0,  ,  
2019-06-05 03:00:00,9.1975,7.47907514899,756.782935252,  ,  ,0.0,0.0,89.0,0.0,  ,  ,0.0,  ,  
2019-06-05 03:05:00,9.02416666667,7.30814540935,756.737228952,  ,  ,0.0,0.0,89.0,0.0,  ,  ,0.0,  ,  
2019-06-05 03:10:00,8.9,7.35851183557,756.737228952,  ,  ,0.0,0.0,90.0583333333,0.0,  ,  ,0.0,  ,  
2019-06-05 03:15:00,8.9,7.4980294531,756.766600421,  ,  ,0.0,0.0,90.9208333333,0.0,  ,  ,0.0,  ,  
2019-06-05 03:20:00,8.84875,7.29842600995,756.81223512,  ,  ,0.0,0.0,90.0,0.0,  ,  ,0.0,  ,  
2019-06-05 03:25:00,8.73208333333,7.18322161154,756.81223512,  ,  ,0.0,0.0,90.0,0.0,  ,  ,0.0,  ,  
2019-06-05 03:30:00,8.68541666667,7.2288286506,756.841591888,  ,  ,0.0,0.0,90.5666666667,0.0,  ,  ,0.0,  ,  
2019-06-05 03:35:00,8.57208333333,7.17248941814,756.887241288,  ,  ,0.0,0.0,90.9125,0.0,  ,  ,0.0,  ,  
2019-06-05 03:40:00,8.4075,7.02380484735,756.887241288,  ,  ,0.0,0.0,91.0,0.0,  ,  ,0.0,  ,  
2019-06-05 03:45:00,8.26875,6.88661022036,756.887241288,  ,  ,0.0,0.0,91.0,0.0,  ,  ,0.0,  ,  
2019-06-05 03:50:00,8.17208333333,6.79102666287,756.887241288,  ,  ,0.0,0.0,91.0,0.0,  ,  ,0.0,  ,  
2019-06-05 03:55:00,8.1,6.8438896177,756.887241288,  ,  ,0.0,0.0,91.7791666667,0.0,  ,  ,0.0,  ,  
2019-06-05 04:00:00,8.1,6.87890451415,756.887241288,  ,  ,0.0,0.0,92.0,0.0,  ,  ,0.0,  ,  
2019-06-05 04:05:00,8.1,6.87890451415,756.887241288,  ,  ,0.0,0.0,92.0,0.0,  ,  ,0.0,  ,  
2019-06-05 04:10:00,8.1,6.87890451415,756.887241288,  ,  ,0.0,0.0,92.0,0.0,  ,  ,0.0,  ,  
2019-06-05 04:15:00,8.1,6.87890451415,756.887241288,  ,  ,0.0,0.0,92.0,0.0,  ,  ,0.0,  ,  
2019-06-05 04:20:00,8.03541666667,6.81496118303,756.887241288,  ,  ,0.0,0.0,92.0,0.0,  ,  ,0.0,  ,  
2019-06-05 04:25:00,8.03,6.80959818638,756.887241288,  ,  ,0.0,0.0,92.0,0.0,  ,  ,0.0,  ,  
2019-06-05 04:30:00,7.99208333333,6.77205717695,756.945579419,  ,  ,0.0,0.0,92.0,0.0,  ,  ,0.0,  ,  
2019-06-05 04:35:00,8.00916666667,6.78897126524,757.037253624,  ,  ,0.0,0.0,92.0,0.0,  ,  ,0.0,  ,  
2019-06-05 04:40:00,8.05666666667,6.8729041942,757.037253624,  ,  ,0.0,0.0,92.2333333333,0.0,  ,  ,0.0,  ,  
2019-06-05 04:45:00,8.13458333333,6.913145068,757.037253624,  ,  ,0.0,0.0,92.0,0.0,  ,  ,0.0,  ,  
2019-06-05 04:50:00,8.25125,7.09196762726,757.037253624,  ,  ,0.0,0.0,92.4,0.0,  ,  ,0.0,  ,  
2019-06-05 04:55:00,8.46708333333,7.24234698672,757.037253624,  ,  ,0.0,0.0,92.0,0.0,  ,  ,0.0,  ,  
2019-06-05 05:00:00,8.76375,7.45425456118,757.037253624,  ,  ,0.0,0.0,91.4875,0.0,  ,  ,0.0,  ,  
2019-06-05 05:05:00,9.09041666667,7.69166313919,757.037253624,  ,  ,0.0,0.0,90.9541666667,0.0,  ,  ,0.0,  ,  
2019-06-05 05:10:00,9.375,7.8180716148,757.037253624,  ,  ,0.0,0.0,90.0,0.0,  ,  ,0.0,  ,  
2019-06-05 05:15:00,9.69916666667,8.02669312348,757.095516673,  ,  ,0.0,0.0,89.3208333333,0.0,  ,  ,0.0,  ,  
2019-06-05 05:20:00,10.04625,8.20870012251,757.18726596,  ,  ,0.0,0.0,88.3541666667,0.0,  ,  ,0.0,  ,  
2019-06-05 05:25:00,10.4404166667,8.47955060421,757.18726596,  ,  ,0.0,0.0,87.6541666667,0.0,  ,  ,0.0,  ,  
2019-06-05 05:30:00,10.7816666667,8.65918540629,757.18726596,  ,  ,0.0,0.0,86.7333333333,0.0,  ,  ,0.0,  ,  
2019-06-05 05:35:00,11.2083333333,8.97349681159,757.18726596,  ,  ,0.0,0.0,86.1208333333,0.0,  ,  ,0.0,  ,  
2019-06-05 05:40:00,11.6829166667,9.17404720857,757.18726596,  ,  ,0.0,0.0,84.5958333333,0.0,  ,  ,0.0,  ,  
2019-06-05 05:45:00,12.17625,9.42167544609,757.216441236,  ,  ,0.0,0.0,83.2666666667,0.0,  ,  ,0.0,  ,  
2019-06-05 05:50:00,12.6216666667,9.53529070078,757.262272128,  ,  ,0.0,0.0,81.4875,0.0,  ,  ,0.0,  ,  
2019-06-05 05:55:00,13.0829166667,9.67444886474,757.262272128,  ,  ,0.0,0.0,79.8083333333,0.0,  ,  ,0.0,  ,  
2019-06-05 06:00:00,13.5683333333,9.97242199334,757.262272128,  ,  ,0.0,0.0,78.8833333333,0.0,  ,  ,0.0,  ,  
2019-06-05 06:05:00,13.9795833333,9.66791804095,757.262272128,  ,  ,0.0,0.0,75.2541666667,0.0,  ,  ,0.0,  ,  
2019-06-05 06:10:00,14.2425,9.80488724454,757.262272128,  ,  ,0.0,0.0,74.6666666667,0.0,  ,  ,0.0,  ,  
2019-06-05 06:15:00,14.54375,10.279913201,757.291648301,  ,  ,0.0,0.0,75.5916666667,0.0,  ,  ,0.0,  ,  
2019-06-05 06:20:00,14.935,10.6389781241,757.337278296,  ,  ,0.0,0.0,75.4958333333,0.0,  ,  ,0.0,  ,  
2019-06-05 06:25:00,15.2770833333,10.6116450389,757.337278296,  ,  ,0.0,0.0,73.7208333333,0.0,  ,  ,0.0,  ,  
2019-06-05 06:30:00,15.65625,10.5493409727,757.307902123,  ,  ,0.0,0.0,71.6541666667,0.0,  ,  ,0.0,  ,  
2019-06-05 06:35:00,16.0404166667,10.8242218511,757.262272128,  ,  ,0.0,0.0,71.2083333333,0.0,  ,  ,0.0,  ,  
2019-06-05 06:40:00,16.4395833333,11.0206727572,757.262272128,  ,  ,0.0,0.0,70.3333333333,0.0,  ,  ,0.0,  ,  
2019-06-05 06:45:00,16.8570833333,11.1869990532,757.262272128,  ,  ,0.0,0.0,69.2541666667,0.0,  ,  ,0.0,  ,  
2019-06-05 06:50:00,17.0745833333,11.2607107641,757.262272128,  ,  ,0.0,0.0,68.6416666667,0.0,  ,  ,0.0,  ,  
2019-06-05 06:55:00,17.24375,11.1940613058,757.262272128,  ,  ,0.0,0.0,67.6125,0.0,  ,  ,0.0,  ,  
2019-06-05 07:00:00,17.5170833333,11.3667457071,757.262272128,  ,  ,0.0,0.0,67.2208333333,0.0,  ,  ,0.0,  ,  
2019-06-05 07:05:00,17.845,11.4873518124,757.262272128,  ,  ,0.0,0.0,66.375,0.0,  ,  ,0.0,  ,  
2019-06-05 07:10:00,18.2404166667,11.5538898058,757.262272128,  ,  ,0.0,2.30001143511,65.0333333333,0.0,  ,  ,0.0,  ,  
2019-06-05 07:15:00,18.6216666667,11.6508828746,757.262272128,  ,  ,0.0,1.80000894922,63.9083333333,0.0,  ,  ,0.0,  ,  
2019-06-05 07:20:00,18.9770833333,11.7700053688,757.262272128,  ,  ,0.482502398888,2.10001044075,63.0,0.0,  ,  ,0.0,  ,  
2019-06-05 07:25:00,19.2158333333,12.0005520302,757.262272128,  ,  ,0.600002983073,0.600002983073,63.0208333333,0.0,  ,  ,0.0,  ,  
2019-06-05 07:30:00,19.4570833333,11.7965301393,757.233117654,  ,  ,0.117500584185,1.80000894922,61.2541666667,0.0,  ,  ,0.0,  ,  
2019-06-05 07:35:00,19.7091666667,11.7588063349,757.18726596,  ,  ,0.0,1.30000646332,60.1541666667,0.0,  ,  ,0.0,  ,  
2019-06-05 07:40:00,19.8525,11.7784621646,757.18726596,  ,  ,0.0,1.60000795486,59.7,0.0,  ,  ,0.0,  ,  
2019-06-05 07:45:00,20.1025,11.9960551342,757.216455736,  ,  ,0.0,1.80000894922,59.6333333333,0.0,  ,  ,0.0,  ,  
2019-06-05 07:50:00,20.37375,12.1961891834,757.262272128,  ,  ,0.482502398888,1.60000795486,59.4208333333,0.0,  ,  ,0.0,  ,  
2019-06-05 07:55:00,20.66375,12.382358,757.262272128,  ,  ,0.600002983073,0.600002983073,59.0875,0.0,  ,  ,0.0,  ,  
2019-06-05 08:00:00,20.8445833333,12.4113623931,757.291447403,  ,  ,0.117500584185,1.30000646332,58.5458333333,0.0,  ,  ,0.0,  ,  
2019-06-05 08:05:00,20.9891666667,12.5434076419,757.337278296,  ,  ,0.0,1.9000094464,58.5333333333,0.0,  ,  ,0.0,  ,  
2019-06-05 08:10:00,21.1991666667,12.605621576,757.337278296,  ,  ,0.0,1.10000546897,58.0208333333,0.0,  ,  ,0.0,  ,  
2019-06-05 08:15:00,21.4004166667,12.7849447345,757.30808852,  ,  ,0.0,1.30000646332,57.9875,0.0,  ,  ,0.0,  ,  
2019-06-05 08:20:00,21.6891666667,12.6720206808,757.262272128,  ,  ,0.0,2.40001193229,56.5541666667,0.0,  ,  ,0.0,  ,  
2019-06-05 08:25:00,21.86125,12.6727787763,757.262272128,  ,  ,0.0,1.9000094464,55.9666666667,0.0,  ,  ,0.0,  ,  
2019-06-05 08:30:00,22.0325,12.8412193398,757.262272128,  ,  ,0.64333653185,2.80001392101,56.0,0.0,  ,  ,0.0,  ,  
2019-06-05 08:35:00,22.17125,12.8020932117,757.262272128,  ,  ,0.80000397743,2.10001044075,55.3875,0.0,  ,  ,0.0,  ,  
2019-06-05 08:40:00,22.21,12.9641726743,757.262272128,  ,  ,0.639169844468,2.60001292665,55.8458333333,0.0,  ,  ,0.0,  ,  
2019-06-05 08:45:00,22.1829166667,12.748411711,757.262272128,  ,  ,0.600002983073,3.10001541254,55.1541666667,0.0,  ,  ,0.0,  ,  
2019-06-05 08:50:00,21.6204166667,12.8069814819,757.262272128,  ,  ,0.600002983073,1.10000546897,57.2958333333,0.0,  ,  ,0.0,  ,  
2019-06-05 08:55:00,21.0758333333,13.5151885121,757.262272128,  ,  ,0.600002983073,1.80000894922,62.0375,0.0,  ,  ,0.0,  ,  
2019-06-05 09:00:00,20.5783333333,13.1109954359,757.262272128,  ,  ,0.600002983073,1.10000546897,62.3,0.0,  ,  ,0.0,  ,  
2019-06-05 09:05:00,20.2875,13.0269188369,757.262272128,  ,  ,0.600002983073,1.80000894922,63.0791666667,0.0,  ,  ,0.0,  ,  
2019-06-05 09:10:00,20.1133333333,13.0682874498,757.262272128,  ,  ,0.600002983073,1.60000795486,63.9333333333,0.0,  ,  ,0.0,  ,  
2019-06-05 09:15:00,20.2,13.2508910852,757.233103063,  ,  ,0.600002983073,2.10001044075,64.3541666667,0.0,  ,  ,0.0,  ,  
2019-06-05 09:20:00,20.11875,13.0043864406,757.18726596,  ,  ,0.117500584185,1.60000795486,63.6458333333,0.0,  ,  ,0.0,  ,  
2019-06-05 09:25:00,20.1725,12.9556538319,757.18726596,  ,  ,0.0,1.4000069605,63.2333333333,0.0,  ,  ,0.0,  ,  
2019-06-05 09:30:00,20.3858333333,13.1622587348,757.18726596,  ,  ,0.0,0.600002983073,63.2541666667,0.0,  ,  ,0.0,  ,  
2019-06-05 09:35:00,20.67375,13.0495537151,757.18726596,  ,  ,0.0,0.0,61.6875,0.0,  ,  ,0.0,  ,  
2019-06-05 09:40:00,20.9895833333,12.9908251536,757.18726596,  ,  ,0.0,2.80001392101,60.2708333333,0.0,  ,  ,0.0,  ,  
2019-06-05 09:45:00,21.77125,12.3775740611,757.18726596,  ,  ,0.0,3.40001690408,55.1958333333,0.0,  ,  ,0.0,  ,  
2019-06-05 09:50:00,22.63,12.642839297,757.18726596,  ,  ,0.884587731294,3.40001690408,53.3083333333,0.0,  ,  ,0.0,  ,  
2019-06-05 09:55:00,23.245,12.570549289,757.18726596,  ,  ,1.10000546897,3.10001541254,51.1208333333,0.0,  ,  ,0.0,  ,  
2019-06-05 10:00:00,23.5883333333,12.7260293355,757.157978902,  ,  ,0.939171336004,3.80001889279,50.5875,0.0,  ,  ,0.0,  ,  
2019-06-05 10:05:00,23.9604166667,12.9055447364,757.112259792,  ,  ,0.900004474609,2.90001441819,50.0541666667,0.0,  ,  ,0.0,  ,  
2019-06-05 10:10:00,24.2091666667,12.8429598082,757.112259792,  ,  ,0.900004474609,1.9000094464,49.1125,0.0,  ,  ,0.0,  ,  
2019-06-05 10:15:00,24.32125,12.985726822,757.112259792,  ,  ,0.900004474609,4.30002137869,49.2416666667,0.0,  ,  ,0.0,  ,  
2019-06-05 10:20:00,24.4625,12.7706046013,757.112259792,  ,  ,1.30208980702,5.10002535612,48.1458333333,0.0,  ,  ,0.0,  ,  
2019-06-05 10:25:00,24.6,13.1654211994,757.112259792,  ,  ,1.4000069605,4.60002287023,49.0,0.0,  ,  ,0.0,  ,  
2019-06-05 10:30:00,24.58,13.073981494,757.170639344,  ,  ,1.80209229291,5.10002535612,48.7666666667,0.0,  ,  ,0.0,  ,  
2019-06-05 10:35:00,24.6,13.0673745357,757.262272128,  ,  ,1.9000094464,4.80002386458,48.6875,0.0,  ,  ,0.0,  ,  
2019-06-05 10:40:00,24.6079166667,12.8423267745,757.262272128,  ,  ,1.49792411399,5.10002535612,47.9541666667,0.0,  ,  ,0.0,  ,  
2019-06-05 10:45:00,24.6054166667,12.7881532605,757.233096853,  ,  ,1.4000069605,5.00002485894,47.7916666667,0.0,  ,  ,0.0,  ,  
2019-06-05 10:50:00,24.6479166667,12.9914203362,757.18726596,  ,  ,1.4000069605,4.50002237305,48.3083333333,0.0,  ,  ,0.0,  ,  
2019-06-05 10:55:00,24.7633333333,12.896099761,757.18726596,  ,  ,1.4000069605,3.60001789844,47.6791666667,0.0,  ,  ,0.0,  ,  
2019-06-05 11:00:00,24.6054166667,12.8825095069,757.158076184,  ,  ,1.15875576106,5.60002784201,48.0875,0.0,  ,  ,0.0,  ,  
2019-06-05 11:05:00,24.6379166667,12.8882906604,757.112259792,  ,  ,1.10000546897,4.50002237305,48.0125,0.0,  ,  ,0.0,  ,  
2019-06-05 11:10:00,24.8225,13.1904487528,757.112259792,  ,  ,1.66292493434,5.10002535612,48.4333333333,0.0,  ,  ,0.0,  ,  
2019-06-05 11:15:00,25.0570833333,13.1451068446,757.170833908,  ,  ,1.80000894922,6.00002983073,47.6208333333,0.0,  ,  ,0.0,  ,  
2019-06-05 11:20:00,25.1679166667,13.2219397795,757.262272128,  ,  ,1.80000894922,3.40001690408,47.5458333333,0.0,  ,  ,0.0,  ,  
2019-06-05 11:25:00,25.2933333333,13.1550042919,757.262272128,  ,  ,1.80000894922,3.10001541254,46.9875,0.0,  ,  ,0.0,  ,  
2019-06-05 11:30:00,25.2933333333,12.9581523549,757.203963181,  ,  ,1.39792361681,5.60002784201,46.3875,0.0,  ,  ,0.0,  ,  
2019-06-05 11:35:00,25.3079166667,13.3063932152,757.112259792,  ,  ,1.30000646332,3.3000164069,47.4125,0.0,  ,  ,0.0,  ,  
2019-06-05 11:40:00,25.3508333333,12.9483839626,757.112259792,  ,  ,1.54125766277,3.3000164069,46.2,0.0,  ,  ,0.0,  ,  
2019-06-05 11:45:00,24.98625,12.8253420038,757.112259792,  ,  ,1.60000795486,2.10001044075,46.8333333333,0.0,  ,  ,0.0,  ,  
2019-06-05 11:50:00,24.86125,12.8024611957,757.112259792,  ,  ,0.956671423011,1.9000094464,47.1125,0.0,  ,  ,0.0,  ,  
2019-06-05 11:55:00,25.1291666667,13.2429769051,757.112259792,  ,  ,0.80000397743,2.80001392101,47.7208333333,0.0,  ,  ,0.0,  ,  
2019-06-05 12:00:00,25.3504166667,13.3774537076,757.112259792,  ,  ,0.639169844468,1.4000069605,47.5125,0.0,  ,  ,0.0,  ,  
2019-06-05 12:05:00,25.6158333333,13.3938188469,757.112259792,  ,  ,0.600002983073,3.40001690408,46.8208333333,0.0,  ,  ,0.0,  ,  
2019-06-05 12:10:00,25.7,13.2681488701,757.112259792,  ,  ,0.600002983073,2.40001193229,46.2083333333,0.0,  ,  ,0.0,  ,  
2019-06-05 12:15:00,25.7,13.3399440875,757.053909241,  ,  ,0.600002983073,1.60000795486,46.425,0.0,  ,  ,0.0,  ,  
2019-06-05 12:20:00,25.7745833333,13.2734541108,756.962247456,  ,  ,0.600002983073,3.40001690408,46.0208333333,0.0,  ,  ,0.0,  ,  
2019-06-05 12:25:00,25.9370833333,13.5580502891,756.962247456,  ,  ,0.600002983073,3.60001789844,46.4333333333,0.0,  ,  ,0.0,  ,  
2019-06-05 12:30:00,25.9116666667,13.368607785,756.962247456,  ,  ,1.00208831548,2.80001392101,45.9333333333,0.0,  ,  ,0.0,  ,  
2019-06-05 12:35:00,25.6754166667,13.065074152,756.962247456,  ,  ,1.10000546897,3.3000164069,45.6666666667,0.0,  ,  ,0.0,  ,  
2019-06-05 12:40:00,25.6166666667,13.1565082673,756.962247456,  ,  ,0.939171336004,2.60001292665,46.1,0.0,  ,  ,0.0,  ,  
2019-06-05 12:45:00,25.6379166667,13.0087080714,756.933072181,  ,  ,0.900004474609,4.30002137869,45.6,0.0,  ,  ,0.0,  ,  
2019-06-05 12:50:00,25.7345833333,13.3230543895,756.887241288,  ,  ,1.06083860757,2.80001392101,46.2791666667,0.0,  ,  ,0.0,  ,  
2019-06-05 12:55:00,25.7920833333,13.2670884652,756.887241288,  ,  ,1.10000546897,2.90001441819,45.9541666667,0.0,  ,  ,0.0,  ,  
2019-06-05 13:00:00,25.6745833333,13.4335620026,756.857939674,  ,  ,1.10000546897,5.00002485894,46.7791666667,0.0,  ,  ,0.0,  ,  
2019-06-05 13:05:00,25.8045833333,13.1891586862,756.81223512,  ,  ,1.10000546897,2.40001193229,45.6875,0.0,  ,  ,0.0,  ,  
2019-06-05 13:10:00,25.9291666667,13.4178842494,756.81223512,  ,  ,1.26083960193,3.40001690408,46.0333333333,0.0,  ,  ,0.0,  ,  
2019-06-05 13:15:00,26.1758333333,13.5144684448,756.81223512,  ,  ,1.30000646332,1.60000795486,45.6541666667,0.0,  ,  ,0.0,  ,  
2019-06-05 13:20:00,26.3033333333,13.5060032527,756.81223512,  ,  ,0.737086997955,5.30002635048,45.2875,0.0,  ,  ,0.0,  ,  
2019-06-05 13:25:00,25.9204166667,13.2170173682,756.81223512,  ,  ,0.600002983073,4.80002386458,45.4583333333,0.0,  ,  ,0.0,  ,  
2019-06-05 13:30:00,25.9870833333,13.3769866288,756.783059844,  ,  ,1.24333951492,2.60001292665,45.7541666667,0.0,  ,  ,0.0,  ,  
2019-06-05 13:35:00,26.1591666667,13.5483952637,756.737228952,  ,  ,1.4000069605,4.10002038433,45.8,0.0,  ,  ,0.0,  ,  
2019-06-05 13:40:00,26.31125,13.3240372476,756.737228952,  ,  ,0.917504561616,3.10001541254,44.7333333333,0.0,  ,  ,0.0,  ,  
2019-06-05 13:45:00,26.3354166667,13.4712761252,756.6788494,  ,  ,0.80000397743,4.60002287023,45.1,0.0,  ,  ,0.0,  ,  
2019-06-05 13:50:00,26.2341666667,13.5532954587,756.587216616,  ,  ,0.880421043912,2.40001193229,45.6125,0.0,  ,  ,0.0,  ,  
2019-06-05 13:55:00,26.2058333333,13.5121629843,756.587216616,  ,  ,0.900004474609,3.60001789844,45.5666666667,0.0,  ,  ,0.0,  ,  
2019-06-05 14:00:00,26.4604166667,13.7540969439,756.587216616,  ,  ,1.30208980702,3.80001889279,45.6,0.0,  ,  ,0.0,  ,  
2019-06-05 14:05:00,26.7158333333,14.0151074116,756.587216616,  ,  ,1.4000069605,3.3000164069,45.6875,0.0,  ,  ,0.0,  ,  
2019-06-05 14:10:00,26.89125,13.8138296611,756.587216616,  ,  ,1.4000069605,2.60001292665,44.6333333333,0.0,  ,  ,0.0,  ,  
2019-06-05 14:15:00,26.9,13.9935330368,756.557915002,  ,  ,1.4000069605,2.60001292665,45.1333333333,0.0,  ,  ,0.0,  ,  
2019-06-05 14:20:00,26.8508333333,13.9034129573,756.512210448,  ,  ,1.15875576106,1.60000795486,45.0,0.0,  ,  ,0.0,  ,  
2019-06-05 14:25:00,26.6766666667,14.0442266093,756.512210448,  ,  ,1.10000546897,1.9000094464,45.8791666667,0.0,  ,  ,0.0,  ,  
2019-06-05 14:30:00,26.6241666667,13.6983814249,756.482908834,  ,  ,0.215417737673,1.60000795486,45.0,0.0,  ,  ,0.0,  ,  
2019-06-05 14:35:00,26.14125,13.8179586857,756.43720428,  ,  ,0.0,1.9000094464,46.6583333333,0.0,  ,  ,0.0,  ,  
2019-06-05 14:40:00,25.5883333333,14.077190893,756.43720428,  ,  ,0.0,2.30001143511,49.025,0.0,  ,  ,0.0,  ,  
2019-06-05 14:45:00,25.2329166667,14.2235823641,756.43720428,  ,  ,0.0,1.60000795486,50.5458333333,0.0,  ,  ,0.0,  ,  
2019-06-05 14:50:00,25.05,13.729372602,756.43720428,  ,  ,0.482502398888,2.60001292665,49.4875,0.0,  ,  ,0.0,  ,  
2019-06-05 14:55:00,25.1845833333,13.7275668737,756.43720428,  ,  ,0.600002983073,2.60001292665,49.0875,0.0,  ,  ,0.0,  ,  
2019-06-05 15:00:00,25.12875,13.6673450186,756.378601051,  ,  ,0.600002983073,1.60000795486,49.0583333333,0.0,  ,  ,0.0,  ,  
2019-06-05 15:05:00,25.0354166667,13.8670525325,756.287191944,  ,  ,0.600002983073,2.30001143511,49.975,0.0,  ,  ,0.0,  ,  
2019-06-05 15:10:00,25.0945833333,13.7676024174,756.287191944,  ,  ,0.600002983073,2.80001392101,49.4791666667,0.0,  ,  ,0.0,  ,  
2019-06-05 15:15:00,25.0933333333,13.9830456869,756.258031155,  ,  ,0.600002983073,2.90001441819,50.1791666667,0.0,  ,  ,0.0,  ,  
2019-06-05 15:20:00,25.11,13.9701181463,756.212185776,  ,  ,0.760837116035,2.40001193229,50.0875,0.0,  ,  ,0.0,  ,  
2019-06-05 15:25:00,25.1033333333,13.9164526426,756.212185776,  ,  ,0.80000397743,3.60001789844,49.9333333333,0.0,  ,  ,0.0,  ,  
2019-06-05 15:30:00,25.0254166667,13.7999525748,756.182977183,  ,  ,1.20208930984,3.80001889279,49.7875,0.0,  ,  ,0.0,  ,  
2019-06-05 15:35:00,24.9566666667,13.6516798161,756.137179608,  ,  ,1.30000646332,2.40001193229,49.5125,0.0,  ,  ,0.0,  ,  
2019-06-05 15:40:00,25.0891666667,13.8480468019,756.137179608,  ,  ,1.13917233036,2.60001292665,49.7541666667,0.0,  ,  ,0.0,  ,  
2019-06-05 15:45:00,25.1433333333,13.4583243448,756.108010543,  ,  ,1.10000546897,1.60000795486,48.3541666667,0.0,  ,  ,0.0,  ,  
2019-06-05 15:50:00,25.2,13.9198601182,756.06217344,  ,  ,0.69792013656,2.60001292665,49.6583333333,0.0,  ,  ,0.0,  ,  
2019-06-05 15:55:00,25.20125,13.9572027484,756.06217344,  ,  ,0.600002983073,2.80001392101,49.775,0.0,  ,  ,0.0,  ,  
2019-06-05 16:00:00,25.3958333333,13.7920306281,756.06217344,  ,  ,0.600002983073,2.90001441819,48.6791666667,0.0,  ,  ,0.0,  ,  
2019-06-05 16:05:00,25.51875,14.0960073011,756.06217344,  ,  ,0.600002983073,3.80001889279,49.2875,0.0,  ,  ,0.0,  ,  
2019-06-05 16:10:00,25.4033333333,13.597264331,756.06217344,  ,  ,0.760837116035,3.80001889279,48.0458333333,0.0,  ,  ,0.0,  ,  
2019-06-05 16:15:00,25.45125,13.7858441128,756.032969149,  ,  ,0.80000397743,2.80001392101,48.5,0.0,  ,  ,0.0,  ,  
2019-06-05 16:20:00,25.4420833333,13.7814421787,755.987167272,  ,  ,0.880421043912,3.10001541254,48.5125,0.0,  ,  ,0.0,  ,  
2019-06-05 16:25:00,25.4679166667,14.1885921626,755.987167272,  ,  ,0.900004474609,2.10001044075,49.7333333333,0.0,  ,  ,0.0,  ,  
2019-06-05 16:30:00,25.6770833333,14.1425823266,755.957865658,  ,  ,0.658753275165,2.60001292665,48.975,0.0,  ,  ,0.0,  ,  
2019-06-05 16:35:00,25.8,13.9443829663,755.912161104,  ,  ,0.600002983073,2.80001392101,48.0,0.0,  ,  ,0.0,  ,  
2019-06-05 16:40:00,25.7766666667,14.3542380926,755.912161104,  ,  ,0.600002983073,1.80000894922,49.3583333333,0.0,  ,  ,0.0,  ,  
2019-06-05 16:45:00,25.7966666667,14.1384111321,755.912161104,  ,  ,0.600002983073,3.90001938997,48.6166666667,0.0,  ,  ,0.0,  ,  
2019-06-05 16:50:00,25.77,13.4585830515,755.912161104,  ,  ,0.760837116035,3.10001541254,46.5916666667,0.0,  ,  ,0.0,  ,  
2019-06-05 16:55:00,25.7966666667,13.9520518058,755.912161104,  ,  ,0.80000397743,1.9000094464,48.0333333333,0.0,  ,  ,0.0,  ,  
2019-06-05 17:00:00,25.8633333333,13.9806968992,755.88285949,  ,  ,0.639169844468,2.90001441819,47.9333333333,0.0,  ,  ,0.0,  ,  
2019-06-05 17:05:00,25.77875,13.9250020746,755.837154936,  ,  ,0.600002983073,2.80001392101,48.0,0.0,  ,  ,0.0,  ,  
2019-06-05 17:10:00,25.7066666667,14.2483402385,755.837154936,  ,  ,0.760837116035,1.80000894922,49.225,0.0,  ,  ,0.0,  ,  
2019-06-05 17:15:00,25.8391666667,14.4127428818,755.866315725,  ,  ,0.80000397743,3.10001541254,49.3625,0.0,  ,  ,0.0,  ,  
2019-06-05 17:20:00,25.8720833333,13.971228896,755.912161104,  ,  ,0.80000397743,3.3000164069,47.8791666667,0.0,  ,  ,0.0,  ,  
2019-06-05 17:25:00,25.9058333333,14.2368044272,755.912161104,  ,  ,0.80000397743,1.80000894922,48.6125,0.0,  ,  ,0.0,  ,  
2019-06-05 17:30:00,26.06125,14.2536040626,755.912161104,  ,  ,0.639169844468,1.4000069605,48.2208333333,0.0,  ,  ,0.0,  ,  
2019-06-05 17:35:00,26.1945833333,14.3189996205,755.912161104,  ,  ,0.600002983073,2.10001044075,48.0458333333,0.0,  ,  ,0.0,  ,  
2019-06-05 17:40:00,26.1954166667,14.4401082795,755.912161104,  ,  ,0.117500584185,1.80000894922,48.4208333333,0.0,  ,  ,0.0,  ,  
2019-06-05 17:45:00,26.1745833333,14.3997573923,755.882971328,  ,  ,0.0,1.60000795486,48.3541666667,0.0,  ,  ,0.0,  ,  
2019-06-05 17:50:00,26.2445833333,14.4075003536,755.837154936,  ,  ,0.0,1.30000646332,48.1791666667,0.0,  ,  ,0.0,  ,  
2019-06-05 17:55:00,26.37125,14.2229924195,755.837154936,  ,  ,0.0,1.60000795486,47.2541666667,0.0,  ,  ,0.0,  ,  
2019-06-05 18:00:00,26.2875,14.0566218846,755.807979661,  ,  ,0.482502398888,2.80001392101,46.9791666667,0.0,  ,  ,0.0,  ,  
2019-06-05 18:05:00,26.2,14.1255799912,755.762148768,  ,  ,0.600002983073,1.4000069605,47.4333333333,0.0,  ,  ,0.0,  ,  
2019-06-05 18:10:00,26.2,13.9318217674,755.762148768,  ,  ,0.117500584185,0.900004474609,46.8416666667,0.0,  ,  ,0.0,  ,  
2019-06-05 18:15:00,26.24125,14.2146478128,755.762148768,  ,  ,0.0,0.80000397743,47.5916666667,0.0,  ,  ,0.0,  ,  
2019-06-05 18:20:00,26.4504166667,14.5375222306,755.762148768,  ,  ,0.0,0.600002983073,48.0,0.0,  ,  ,0.0,  ,  
2019-06-05 18:25:00,26.6858333333,14.7157504205,755.762148768,  ,  ,0.0,0.80000397743,47.8875,0.0,  ,  ,0.0,  ,  
2019-06-05 18:30:00,26.7654166667,14.3947922835,755.733010753,  ,  ,0.0,1.9000094464,46.6875,0.0,  ,  ,0.0,  ,  
2019-06-05 18:35:00,26.5941666667,14.1922033514,755.6871426,  ,  ,0.0,0.600002983073,46.5458333333,0.0,  ,  ,0.0,  ,  
2019-06-05 18:40:00,26.4266666667,14.2816077719,755.6871426,  ,  ,0.0,1.30000646332,47.2791666667,0.0,  ,  ,0.0,  ,  
2019-06-05 18:45:00,26.4866666667,14.3648310046,755.6871426,  ,  ,0.0,1.30000646332,47.3666666667,0.0,  ,  ,0.0,  ,  
2019-06-05 18:50:00,26.5625,14.5099857541,755.6871426,  ,  ,0.0,0.0,47.6,0.0,  ,  ,0.0,  ,  
2019-06-05 18:55:00,26.69,14.3772840496,755.6871426,  ,  ,0.0,0.0,46.8416666667,0.0,  ,  ,0.0,  ,  
2019-06-05 19:00:00,26.6020833333,14.1217365656,755.657958928,  ,  ,0.0,0.600002983073,46.3125,0.0,  ,  ,0.0,  ,  
2019-06-05 19:05:00,26.5866666667,14.1770874913,755.612136432,  ,  ,0.0,0.0,46.5208333333,0.0,  ,  ,0.0,  ,  
2019-06-05 19:10:00,26.7358333333,14.2876112407,755.612136432,  ,  ,0.0,0.0,46.4458333333,0.0,  ,  ,0.0,  ,  
2019-06-05 19:15:00,26.97375,14.2939012638,755.612136432,  ,  ,0.0,0.0,45.8208333333,0.0,  ,  ,0.0,  ,  
2019-06-05 19:20:00,27.30375,14.4116156474,755.612136432,  ,  ,0.0,0.0,45.2875,0.0,  ,  ,0.0,  ,  
2019-06-05 19:25:00,27.63375,14.7601769747,755.612136432,  ,  ,0.0,0.0,45.4333333333,0.0,  ,  ,0.0,  ,  
2019-06-05 19:30:00,27.6141666667,14.8219958129,755.582852946,  ,  ,0.0,0.0,45.6666666667,0.0,  ,  ,0.0,  ,  
2019-06-05 19:35:00,27.2816666667,14.8929313928,755.537130264,  ,  ,0.0,0.0,46.775,0.0,  ,  ,0.0,  ,  
2019-06-05 19:40:00,26.8091666667,16.1057593682,755.537130264,  ,  ,0.0,0.0,51.9708333333,0.0,  ,  ,0.0,  ,  
2019-06-05 19:45:00,26.2604166667,15.6917201439,755.537130264,  ,  ,0.0,0.0,52.275,0.0,  ,  ,0.0,  ,  
2019-06-05 19:50:00,25.7304166667,15.6436157044,755.537130264,  ,  ,0.0,0.0,53.7708333333,0.0,  ,  ,0.0,  ,  
2019-06-05 19:55:00,25.2916666667,15.6094723957,755.537130264,  ,  ,0.0,0.0,55.0666666667,0.0,  ,  ,0.0,  ,  
2019-06-05 20:00:00,24.85375,15.2784732536,755.537130264,  ,  ,0.0,0.0,55.3333333333,0.0,  ,  ,0.0,  ,  
2019-06-05 20:05:00,24.37375,14.9610304717,755.537130264,  ,  ,0.0,0.0,55.7916666667,0.0,  ,  ,0.0,  ,  
2019-06-05 20:10:00,23.8883333333,14.8150022715,755.537130264,  ,  ,0.0,0.0,56.9,0.0,  ,  ,0.0,  ,  
2019-06-05 20:15:00,23.485,14.7248714853,755.537130264,  ,  ,0.0,0.0,57.9583333333,0.0,  ,  ,0.0,  ,  
2019-06-05 20:20:00,23.0204166667,15.136625344,755.537130264,  ,  ,0.0,0.0,61.2041666667,0.0,  ,  ,0.0,  ,  
2019-06-05 20:25:00,22.6316666667,15.1992046945,755.537130264,  ,  ,0.0,0.0,62.9125,0.0,  ,  ,0.0,  ,  
2019-06-05 20:30:00,22.2529166667,14.8715723487,755.537130264,  ,  ,0.0,0.0,63.0333333333,0.0,  ,  ,0.0,  ,  
2019-06-05 20:35:00,21.8204166667,14.7456442298,755.537130264,  ,  ,0.0,0.0,64.1916666667,0.0,  ,  ,0.0,  ,  
2019-06-05 20:40:00,21.3783333333,14.6191640635,755.537130264,  ,  ,0.0,0.0,65.4125,0.0,  ,  ,0.0,  ,  
2019-06-05 20:45:00,20.9404166667,14.5653496159,755.537130264,  ,  ,0.0,0.0,66.9583333333,0.0,  ,  ,0.0,  ,  
2019-06-05 20:50:00,20.4916666667,14.5235623764,755.537130264,  ,  ,0.0,0.0,68.6458333333,0.0,  ,  ,0.0,  ,  
2019-06-05 20:55:00,20.0983333333,14.431012896,755.537130264,  ,  ,0.0,0.0,69.9125,0.0,  ,  ,0.0,  ,  
2019-06-05 21:00:00,19.725,14.2670246162,755.566313936,  ,  ,0.0,0.0,70.7916666667,0.0,  ,  ,0.0,  ,  
2019-06-05 21:05:00,19.3595833333,14.2549729054,755.612136432,  ,  ,0.0,0.0,72.3583333333,0.0,  ,  ,0.0,  ,  
2019-06-05 21:10:00,19.0495833333,14.1172210776,755.612136432,  ,  ,0.0,0.0,73.1125,0.0,  ,  ,0.0,  ,  
2019-06-05 21:15:00,18.695,14.2541896326,755.582854745,  ,  ,0.0,0.0,75.4125,0.0,  ,  ,0.0,  ,  
2019-06-05 21:20:00,18.3395833333,13.9424687885,755.537130264,  ,  ,0.0,0.0,75.5666666667,0.0,  ,  ,0.0,  ,  
2019-06-05 21:25:00,18.0195833333,13.8089591747,755.537130264,  ,  ,0.0,0.0,76.4333333333,0.0,  ,  ,0.0,  ,  
2019-06-05 21:30:00,17.7541666667,13.3634115429,755.566305539,  ,  ,0.0,0.0,75.5,0.0,  ,  ,0.0,  ,  
2019-06-05 21:35:00,17.5908333333,13.5857183007,755.612136432,  ,  ,0.0,0.0,77.3916666667,0.0,  ,  ,0.0,  ,  
2019-06-05 21:40:00,17.3495833333,13.4681406161,755.612136432,  ,  ,0.0,0.0,77.9791666667,0.0,  ,  ,0.0,  ,  
2019-06-05 21:45:00,17.1129166667,13.3383305483,755.612136432,  ,  ,0.0,0.0,78.4875,0.0,  ,  ,0.0,  ,  
2019-06-05 21:50:00,16.8541666667,13.000757022,755.612136432,  ,  ,0.0,0.0,78.0458333333,0.0,  ,  ,0.0,  ,  
2019-06-05 21:55:00,16.64875,13.169730054,755.612136432,  ,  ,0.0,0.0,79.9458333333,0.0,  ,  ,0.0,  ,  
2019-06-05 22:00:00,16.43625,13.0243178566,755.670486983,  ,  ,0.0,0.0,80.2666666667,0.0,  ,  ,0.0,  ,  
2019-06-05 22:05:00,16.25875,12.8094265686,755.762148768,  ,  ,0.0,0.0,80.0458333333,0.0,  ,  ,0.0,  ,  
2019-06-05 22:10:00,16.0795833333,12.8161201258,755.762148768,  ,  ,0.0,0.0,81.0,0.0,  ,  ,0.0,  ,  
2019-06-05 22:15:00,15.86875,12.6145973313,755.791450382,  ,  ,0.0,0.0,81.0208333333,0.0,  ,  ,0.0,  ,  
2019-06-05 22:20:00,15.7320833333,12.4570903901,755.837154936,  ,  ,0.0,0.0,80.8916666667,0.0,  ,  ,0.0,  ,  
2019-06-05 22:25:00,15.6241666667,12.5531883258,755.837154936,  ,  ,0.0,0.0,81.9666666667,0.0,  ,  ,0.0,  ,  
2019-06-05 22:30:00,15.4208333333,12.3609462514,755.866292951,  ,  ,0.0,0.0,82.0,0.0,  ,  ,0.0,  ,  
2019-06-05 22:35:00,15.25875,12.1756795928,755.912161104,  ,  ,0.0,0.0,81.8541666667,0.0,  ,  ,0.0,  ,  
2019-06-05 22:40:00,15.16875,11.8847374925,755.912161104,  ,  ,0.0,0.0,80.7666666667,0.0,  ,  ,0.0,  ,  
2019-06-05 22:45:00,15.1,11.9572491687,755.941336379,  ,  ,0.0,0.0,81.5125,0.0,  ,  ,0.0,  ,  
2019-06-05 22:50:00,15.0820833333,12.0819757492,755.987167272,  ,  ,0.0,0.0,82.2791666667,0.0,  ,  ,0.0,  ,  
2019-06-05 22:55:00,14.9754166667,12.1103567311,755.987167272,  ,  ,0.0,0.0,83.0,0.0,  ,  ,0.0,  ,  
2019-06-05 23:00:00,14.9,12.1627876475,756.016468886,  ,  ,0.0,0.0,83.6916666667,0.0,  ,  ,0.0,  ,  
2019-06-05 23:05:00,14.87875,12.0577601594,756.06217344,  ,  ,0.0,0.0,83.2291666667,0.0,  ,  ,0.0,  ,  
2019-06-05 23:10:00,14.7654166667,11.7212599766,756.06217344,  ,  ,0.0,0.0,82.0,0.0,  ,  ,0.0,  ,  
2019-06-05 23:15:00,14.64875,11.6281491101,756.091455127,  ,  ,0.0,0.0,82.1125,0.0,  ,  ,0.0,  ,  
2019-06-05 23:20:00,14.5108333333,11.6318906338,756.137179608,  ,  ,0.0,0.0,82.8666666667,0.0,  ,  ,0.0,  ,  
2019-06-05 23:25:00,14.4,11.8035400124,756.137179608,  ,  ,0.0,0.0,84.4125,0.0,  ,  ,0.0,  ,  
2019-06-05 23:30:00,14.3966666667,11.7260121142,756.137179608,  ,  ,0.0,0.0,84.0,0.0,  ,  ,0.0,  ,  
2019-06-05 23:35:00,14.30875,11.711915475,756.137179608,  ,  ,0.0,0.0,84.4,0.0,  ,  ,0.0,  ,  
2019-06-05 23:40:00,14.3,11.5228720411,756.137179608,  ,  ,0.0,0.0,83.4,0.0,  ,  ,0.0,  ,  
2019-06-05 23:45:00,14.22875,11.459226504,756.195484601,  ,  ,0.0,0.0,83.4333333333,0.0,  ,  ,0.0,  ,  
2019-06-05 23:50:00,14.2,11.7860775658,756.287191944,  ,  ,0.0,0.0,85.4125,0.0,  ,  ,0.0,  ,  
  

    

