Time,TemperatureC,DewpointC,PressurehPa,WindDirection,WindDirectionDegrees,WindSpeedKMH,WindSpeedGustKMH,Humidity,HourlyPrecipMM,Conditions,Clouds,dailyrainMM,SoftwareType,DateUTC
                
  
  
  
  
  
  
  
  
  
  
  
  
  
  
  
  
  
  
  
  
  
  
  
  
  
  
  
  
  
  
  
  
  
  
  
  
  
  
  
  
  
  
  
  
  
  
  
  
  
  
  
  
  
  
  
  
  
  
  
  
  
  
  
  
  
  
  
  
  
  
  
  
  
  
  
  
  
  
  
  
  
  
  
  
  
  
  
  
  
  
  
  
  
  
  
  
  
  
  
  
  
  
  
  
  
  
  
  
  
  
  
  
  
  
  
  
  
  
  
  
  
  
  
  
  
  
  
  
  
  
  
  
  
  
  
  
  
  
  
  
  
  
  
  
  
  
  
  
  
  
  
  
  
  
  
  
  
  
  
  
  
  
  
  
  
  
  
  
  
  
  
2019-10-05 14:15:00,8.02010050251,4.95937680496,748.012097042,  ,  ,0.0,1.60000795486,81.0,0.0,  ,  ,0.0,  ,  
2019-10-05 14:20:00,8.07541666667,4.78585322685,748.036513464,  ,  ,0.547502722054,1.4000069605,79.725,0.0,  ,  ,0.0,  ,  
2019-10-05 14:25:00,8.11,4.75499211404,748.036513464,  ,  ,0.600002983073,0.600002983073,79.3666666667,0.0,  ,  ,0.0,  ,  
2019-10-05 14:30:00,8.18208333333,4.68612003423,748.088432204,  ,  ,0.0525002610189,0.600002983073,78.6,0.0,  ,  ,0.0,  ,  
2019-10-05 14:35:00,8.21,4.8063200577,748.111519632,  ,  ,0.0,0.600002983073,79.1125,0.0,  ,  ,0.0,  ,  
2019-10-05 14:40:00,8.26875,4.77641188182,748.111519632,  ,  ,0.0,0.0,78.6333333333,0.0,  ,  ,0.0,  ,  
2019-10-05 14:45:00,8.29666666667,4.69386202332,748.163398277,  ,  ,0.0,0.600002983073,78.0333333333,0.0,  ,  ,0.0,  ,  
2019-10-05 14:50:00,8.30541666667,4.60653841264,748.1865258,  ,  ,0.0,0.900004474609,77.5125,0.0,  ,  ,0.0,  ,  
2019-10-05 14:55:00,8.39,4.50523006737,748.1865258,  ,  ,0.0,0.900004474609,76.525,0.0,  ,  ,0.0,  ,  
2019-10-05 15:00:00,8.41333333333,4.17934949076,748.238418735,  ,  ,0.0,1.30000646332,74.6791666667,0.0,  ,  ,0.0,  ,  
2019-10-05 15:05:00,8.41666666667,4.16506521945,748.261531968,  ,  ,0.0,1.4000069605,74.5875,0.0,  ,  ,0.0,  ,  
2019-10-05 15:10:00,8.40666666667,4.40814146325,748.261531968,  ,  ,0.0,0.80000397743,75.9208333333,0.0,  ,  ,0.0,  ,  
2019-10-05 15:15:00,8.48875,4.57516863511,748.209676312,  ,  ,0.0,3.80001889279,76.3875,0.0,  ,  ,0.0,  ,  
2019-10-05 15:20:00,8.47791666667,4.56077713936,748.1865258,  ,  ,0.0,3.80001889279,76.3666666667,0.0,  ,  ,0.0,  ,  
2019-10-05 15:25:00,8.4,4.69137221719,748.1865258,  ,  ,0.0,3.90001938997,77.475,0.0,  ,  ,0.0,  ,  
2019-10-05 15:30:00,8.31583333333,4.9469573865,748.289954175,  ,  ,0.730003629405,4.80002386458,79.3208333333,0.0,  ,  ,0.0,  ,  
2019-10-05 15:35:00,8.18458333333,4.96313986062,748.336538136,  ,  ,0.80000397743,5.10002535612,80.1208333333,0.0,  ,  ,0.0,  ,  
2019-10-05 15:40:00,8.0125,4.94606084283,748.336538136,  ,  ,1.53000760684,3.3000164069,80.9666666667,0.0,  ,  ,0.0,  ,  
2019-10-05 15:45:00,7.89791666667,4.84021715124,748.491731078,  ,  ,1.60000795486,3.60001789844,81.0,0.0,  ,  ,0.0,  ,  
2019-10-05 15:50:00,7.79125,4.77517744002,748.56155664,  ,  ,1.41750704751,3.60001789844,81.2208333333,0.0,  ,  ,0.0,  ,  
2019-10-05 15:55:00,7.70333333333,4.82612949089,748.56155664,  ,  ,1.4000069605,3.90001938997,82.0,0.0,  ,  ,0.0,  ,  
2019-10-05 16:00:00,7.60916666667,4.77847534185,748.56155664,  ,  ,1.30875650683,3.90001938997,82.2541666667,0.0,  ,  ,0.0,  ,  
2019-10-05 16:05:00,7.4425,4.82297363159,748.56155664,  ,  ,1.30000646332,3.90001938997,83.4541666667,0.0,  ,  ,0.0,  ,  
2019-10-05 16:10:00,7.25791666667,4.79587156462,748.56155664,  ,  ,1.391256917,3.60001789844,84.3541666667,0.0,  ,  ,0.0,  ,  
2019-10-05 16:15:00,7.12458333333,4.77439137637,748.716862204,  ,  ,1.4000069605,3.3000164069,85.0,0.0,  ,  ,0.0,  ,  
2019-10-05 16:20:00,7.09666666667,4.74700807891,748.786575144,  ,  ,1.30875650683,5.00002485894,85.0,0.0,  ,  ,0.0,  ,  
2019-10-05 16:25:00,6.99791666667,4.66136201478,748.786575144,  ,  ,1.30000646332,4.10002038433,85.0666666667,0.0,  ,  ,0.0,  ,  
2019-10-05 16:30:00,6.92125,4.60085464314,748.838332029,  ,  ,1.30000646332,2.90001441819,85.1541666667,0.0,  ,  ,0.0,  ,  
2019-10-05 16:35:00,6.85125,4.60892804673,748.861581312,  ,  ,1.30000646332,2.80001392101,85.6125,0.0,  ,  ,0.0,  ,  
2019-10-05 16:40:00,6.77125,4.33442701798,748.861581312,  ,  ,0.935004648622,3.80001889279,84.4458333333,0.0,  ,  ,0.0,  ,  
2019-10-05 16:45:00,6.7,4.21172567405,749.016851967,  ,  ,0.900004474609,2.40001193229,84.1333333333,0.0,  ,  ,0.0,  ,  
2019-10-05 16:50:00,6.69333333333,4.08046207553,749.086599816,  ,  ,1.26500628931,3.40001690408,83.4,0.0,  ,  ,0.0,  ,  
2019-10-05 16:55:00,6.69666666667,4.08016678279,749.086599816,  ,  ,1.30000646332,3.60001789844,83.3791666667,0.0,  ,  ,0.0,  ,  
2019-10-05 17:00:00,6.70541666667,4.0295530376,749.086599816,  ,  ,1.11750555597,3.60001789844,83.0333333333,0.0,  ,  ,0.0,  ,  
2019-10-05 17:05:00,6.73,4.03644551705,749.086599816,  ,  ,1.10000546897,3.10001541254,82.9333333333,0.0,  ,  ,0.0,  ,  
2019-10-05 17:10:00,6.70125,4.0197619725,749.086599816,  ,  ,1.10000546897,3.80001889279,83.0,0.0,  ,  ,0.0,  ,  
2019-10-05 17:15:00,6.63791666667,4.09576453513,749.138330797,  ,  ,1.10000546897,1.60000795486,83.8083333333,0.0,  ,  ,0.0,  ,  
2019-10-05 17:20:00,6.59458333333,4.21531223922,749.161605984,  ,  ,0.82625410794,3.80001889279,84.7666666667,0.0,  ,  ,0.0,  ,  
2019-10-05 17:25:00,6.45125,4.11390587528,749.161605984,  ,  ,0.80000397743,2.10001044075,85.0,0.0,  ,  ,0.0,  ,  
2019-10-05 17:30:00,6.37125,4.08350632252,749.161605984,  ,  ,0.891254431106,1.4000069605,85.2875,0.0,  ,  ,0.0,  ,  
2019-10-05 17:35:00,6.3,4.13204920733,749.161605984,  ,  ,0.900004474609,2.90001441819,86.0,0.0,  ,  ,0.0,  ,  
2019-10-05 17:40:00,6.22458333333,4.05796654436,749.161605984,  ,  ,0.808754020934,2.60001292665,86.0,0.0,  ,  ,0.0,  ,  
2019-10-05 17:45:00,6.18666666667,4.12520050408,749.264969516,  ,  ,0.80000397743,1.9000094464,86.6333333333,0.0,  ,  ,0.0,  ,  
2019-10-05 17:50:00,6.10125,4.0774684331,749.31161832,  ,  ,0.617503070079,2.10001044075,86.8541666667,0.0,  ,  ,0.0,  ,  
2019-10-05 17:55:00,6.04125,4.04234075922,749.31161832,  ,  ,0.600002983073,1.80000894922,87.0,0.0,  ,  ,0.0,  ,  
2019-10-05 18:00:00,5.93791666667,3.94069498527,749.414930119,  ,  ,0.600002983073,2.60001292665,87.0,0.0,  ,  ,0.0,  ,  
2019-10-05 18:05:00,5.9,4.03159737871,749.461630656,  ,  ,0.600002983073,1.4000069605,87.7875,0.0,  ,  ,0.0,  ,  
2019-10-05 18:10:00,5.9,4.06601717617,749.461630656,  ,  ,0.782503890424,1.9000094464,88.0,0.0,  ,  ,0.0,  ,  
2019-10-05 18:15:00,5.81458333333,3.98188159287,749.564970817,  ,  ,0.80000397743,1.4000069605,88.0,0.0,  ,  ,0.0,  ,  
2019-10-05 18:20:00,5.77458333333,4.0799592221,749.611642992,  ,  ,0.617503070079,1.9000094464,88.8541666667,0.0,  ,  ,0.0,  ,  
2019-10-05 18:25:00,5.7,4.0297513519,749.611642992,  ,  ,0.600002983073,0.600002983073,89.0,0.0,  ,  ,0.0,  ,  
2019-10-05 18:30:00,5.7,4.0297513519,749.766462934,  ,  ,0.0525002610189,2.30001143511,89.0,0.0,  ,  ,0.0,  ,  
2019-10-05 18:35:00,5.7,4.0297513519,749.836661496,  ,  ,0.0,1.60000795486,89.0,0.0,  ,  ,0.0,  ,  
2019-10-05 18:40:00,5.61791666667,3.93279959661,749.836661496,  ,  ,0.547502722054,1.4000069605,88.9,0.0,  ,  ,0.0,  ,  
2019-10-05 18:45:00,5.6,3.8510168611,749.888279855,  ,  ,0.600002983073,0.900004474609,88.5,0.0,  ,  ,0.0,  ,  
2019-10-05 18:50:00,5.6,3.8510168611,749.911667664,  ,  ,0.0525002610189,0.900004474609,88.5,0.0,  ,  ,0.0,  ,  
2019-10-05 18:55:00,5.57125,3.8333794767,749.911667664,  ,  ,0.0,0.0,88.5666666667,0.0,  ,  ,0.0,  ,  
2019-10-05 19:00:00,5.43458333333,3.76796288893,749.963274311,  ,  ,0.0,0.0,89.0,0.0,  ,  ,0.0,  ,  
2019-10-05 19:05:00,5.3025,3.66224191161,749.986673832,  ,  ,0.0,0.600002983073,89.1541666667,0.0,  ,  ,0.0,  ,  
2019-10-05 19:10:00,5.15791666667,3.65352031672,749.986673832,  ,  ,0.0,1.4000069605,90.0,0.0,  ,  ,0.0,  ,  
2019-10-05 19:15:00,5.1,3.59631887892,749.986673832,  ,  ,0.0,0.600002983073,90.0,0.0,  ,  ,0.0,  ,  
2019-10-05 19:20:00,4.96375,3.46175080123,749.986673832,  ,  ,0.0,0.0,90.0,0.0,  ,  ,0.0,  ,  
2019-10-05 19:25:00,4.7125,3.28478818477,749.986673832,  ,  ,0.0,0.0,90.4541666667,0.0,  ,  ,0.0,  ,  
2019-10-05 19:30:00,4.47583333333,3.18238736658,750.141681609,  ,  ,0.0,2.40001193229,91.3,0.0,  ,  ,0.0,  ,  
2019-10-05 19:35:00,4.45083333333,3.09238214594,750.211692336,  ,  ,0.0,2.60001292665,90.8791666667,0.0,  ,  ,0.0,  ,  
2019-10-05 19:40:00,4.62208333333,3.12429768547,750.211692336,  ,  ,0.821254083081,2.40001193229,90.0,0.0,  ,  ,0.0,  ,  
2019-10-05 19:45:00,4.7,3.20125397471,750.418220254,  ,  ,0.900004474609,3.3000164069,90.0,0.0,  ,  ,0.0,  ,  
2019-10-05 19:50:00,4.63458333333,2.90338612307,750.511717008,  ,  ,0.900004474609,4.80002386458,88.525,0.0,  ,  ,0.0,  ,  
2019-10-05 19:55:00,4.4425,2.60898342302,750.511717008,  ,  ,0.900004474609,5.10002535612,87.8666666667,0.0,  ,  ,0.0,  ,  
2019-10-05 20:00:00,4.35458333333,2.65317610135,750.511717008,  ,  ,2.4512621871,4.50002237305,88.6875,0.0,  ,  ,0.0,  ,  
2019-10-05 20:05:00,4.28458333333,2.43078066084,750.511717008,  ,  ,2.60001292665,4.30002137869,87.725,0.0,  ,  ,0.0,  ,  
2019-10-05 20:10:00,4.19791666667,2.3734133389,750.511717008,  ,  ,2.14376065827,5.30002635048,87.9,0.0,  ,  ,0.0,  ,  
2019-10-05 20:15:00,4.06916666667,2.10770822772,750.563386267,  ,  ,2.10001044075,5.50002734483,87.0333333333,0.0,  ,  ,0.0,  ,  
2019-10-05 20:20:00,3.91,2.09314037901,750.586723176,  ,  ,2.28251134811,4.50002237305,87.9208333333,0.0,  ,  ,0.0,  ,  
2019-10-05 20:25:00,3.86458333333,2.08221014608,750.586723176,  ,  ,2.30001143511,4.80002386458,88.1333333333,0.0,  ,  ,0.0,  ,  
2019-10-05 20:30:00,3.74791666667,1.95468444597,750.638366767,  ,  ,2.30001143511,5.30002635048,88.0541666667,0.0,  ,  ,0.0,  ,  
2019-10-05 20:35:00,3.69791666667,1.93055182942,750.661729344,  ,  ,2.30001143511,4.50002237305,88.2125,0.0,  ,  ,0.0,  ,  
2019-10-05 20:40:00,3.60666666667,1.87887994883,750.661729344,  ,  ,2.30001143511,3.80001889279,88.4541666667,0.0,  ,  ,0.0,  ,  
2019-10-05 20:45:00,3.53458333333,1.81177400409,750.713372935,  ,  ,2.30001143511,4.10002038433,88.4791666667,0.0,  ,  ,0.0,  ,  
2019-10-05 20:50:00,3.40458333333,1.60784379851,750.736735512,  ,  ,1.66125825938,4.60002287023,88.0,0.0,  ,  ,0.0,  ,  
2019-10-05 20:55:00,3.33458333333,1.53888305828,750.736735512,  ,  ,1.60000795486,3.60001789844,88.0,0.0,  ,  ,0.0,  ,  
2019-10-05 21:00:00,3.23125,1.43708332495,750.89163145,  ,  ,1.78250886221,3.60001789844,88.0,0.0,  ,  ,0.0,  ,  
2019-10-05 21:05:00,3.19458333333,1.40096068262,750.961754016,  ,  ,1.80000894922,3.80001889279,88.0,0.0,  ,  ,0.0,  ,  
2019-10-05 21:10:00,3.10333333333,1.31106420595,750.961754016,  ,  ,1.89125940289,4.30002137869,88.0,0.0,  ,  ,0.0,  ,  
2019-10-05 21:15:00,3.09125,1.40225920792,751.065041198,  ,  ,1.9000094464,2.90001441819,88.6541666667,0.0,  ,  ,0.0,  ,  
2019-10-05 21:20:00,2.99125,1.35784547957,751.111766352,  ,  ,1.35250672434,3.80001889279,89.0,0.0,  ,  ,0.0,  ,  
2019-10-05 21:25:00,2.9,1.36651163296,751.111766352,  ,  ,1.30000646332,2.90001441819,89.6333333333,0.0,  ,  ,0.0,  ,  
2019-10-05 21:30:00,2.85791666667,1.23998102048,751.060097093,  ,  ,1.11750555597,4.80002386458,89.0875,0.0,  ,  ,0.0,  ,  
2019-10-05 21:35:00,2.76125,1.26568399989,751.036760184,  ,  ,1.10000546897,5.60002784201,89.8666666667,0.0,  ,  ,0.0,  ,  
2019-10-05 21:40:00,2.7,1.27209399142,751.036760184,  ,  ,2.19501091307,3.90001938997,90.3,0.0,  ,  ,0.0,  ,  
2019-10-05 21:45:00,2.66125,1.18753227741,750.933496225,  ,  ,2.30001143511,4.60002287023,90.0,0.0,  ,  ,0.0,  ,  
2019-10-05 21:50:00,2.59125,1.06684581277,750.886747848,  ,  ,2.11751052776,4.30002137869,89.6666666667,0.0,  ,  ,0.0,  ,  
2019-10-05 21:55:00,2.5,1.02825289238,750.886747848,  ,  ,2.10001044075,4.50002237305,90.0,0.0,  ,  ,0.0,  ,  
2019-10-05 22:00:00,2.46125,0.989976255739,750.886747848,  ,  ,1.9175095334,3.80001889279,90.0,0.0,  ,  ,0.0,  ,  
2019-10-05 22:05:00,2.36791666667,0.949061554233,750.886747848,  ,  ,1.9000094464,3.40001690408,90.3333333333,0.0,  ,  ,0.0,  ,  
2019-10-05 22:10:00,2.28125,0.848061086054,750.886747848,  ,  ,1.44375717802,3.40001690408,90.2333333333,0.0,  ,  ,0.0,  ,  
2019-10-05 22:15:00,2.14791666667,0.680467768964,750.990096327,  ,  ,1.4000069605,3.40001690408,90.0,0.0,  ,  ,0.0,  ,  
2019-10-05 22:20:00,1.96583333333,0.500604846067,751.036760184,  ,  ,1.4000069605,3.60001789844,90.0,0.0,  ,  ,0.0,  ,  
2019-10-05 22:25:00,1.86791666667,0.442834990804,751.036760184,  ,  ,1.4000069605,2.80001392101,90.2541666667,0.0,  ,  ,0.0,  ,  
2019-10-05 22:30:00,1.8,0.48940858641,750.985141825,  ,  ,0.943754692125,3.80001889279,91.0,0.0,  ,  ,0.0,  ,  
2019-10-05 22:35:00,1.8,0.48940858641,750.961754016,  ,  ,0.900004474609,3.90001938997,91.0,0.0,  ,  ,0.0,  ,  
2019-10-05 22:40:00,1.8,0.48940858641,750.961754016,  ,  ,1.35625674299,3.60001789844,91.0,0.0,  ,  ,0.0,  ,  
2019-10-05 22:45:00,1.8,0.48940858641,750.910135657,  ,  ,1.4000069605,3.10001541254,91.0,0.0,  ,  ,0.0,  ,  
2019-10-05 22:50:00,1.8,0.48940858641,750.886747848,  ,  ,1.30875650683,3.60001789844,91.0,0.0,  ,  ,0.0,  ,  
2019-10-05 22:55:00,1.70458333333,0.395033134525,750.886747848,  ,  ,1.30000646332,3.90001938997,91.0,0.0,  ,  ,0.0,  ,  
2019-10-05 23:00:00,1.69,0.409033297049,750.886747848,  ,  ,1.11750555597,2.60001292665,91.1875,0.0,  ,  ,0.0,  ,  
2019-10-05 23:05:00,1.60791666667,0.311420435225,750.886747848,  ,  ,1.10000546897,3.80001889279,91.0791666667,0.0,  ,  ,0.0,  ,  
2019-10-05 23:10:00,1.6,0.266299868752,750.886747848,  ,  ,1.55625773735,5.00002485894,90.8333333333,0.0,  ,  ,0.0,  ,  
2019-10-05 23:15:00,1.58125,0.273045041158,750.938354178,  ,  ,1.60000795486,4.10002038433,91.0,0.0,  ,  ,0.0,  ,  
2019-10-05 23:20:00,1.49458333333,0.187323266943,750.961754016,  ,  ,2.05626022324,3.60001789844,91.0,0.0,  ,  ,0.0,  ,  
2019-10-05 23:25:00,1.4,-0.00747050756825,750.961754016,  ,  ,2.10001044075,3.90001938997,90.3333333333,0.0,  ,  ,0.0,  ,  
2019-10-05 23:30:00,1.30791666667,-0.0275895229574,751.065017975,  ,  ,1.46125726503,2.90001441819,90.8,0.0,  ,  ,0.0,  ,  
2019-10-05 23:35:00,1.23791666667,-0.175895598354,751.111766352,  ,  ,1.4000069605,2.60001292665,90.2791666667,0.0,  ,  ,0.0,  ,  
2019-10-05 23:40:00,1.15458333333,-0.300772693016,751.111766352,  ,  ,1.12625559948,3.40001690408,90.0,0.0,  ,  ,0.0,  ,  
2019-10-05 23:45:00,1.1,-0.20484988427,751.111766352,  ,  ,1.10000546897,2.10001044075,90.9875,0.0,  ,  ,0.0,  ,  
2019-10-05 23:50:00,1.1,-0.202962371609,751.111766352,  ,  ,0.917504561616,1.80000894922,91.0,0.0,  ,  ,0.0,  ,  
  

    

