Time,TemperatureC,DewpointC,PressurehPa,WindDirection,WindDirectionDegrees,WindSpeedKMH,WindSpeedGustKMH,Humidity,HourlyPrecipMM,Conditions,Clouds,dailyrainMM,SoftwareType,DateUTC
                
2019-01-06 00:00:00,-6.9,-7.60902198822,998.7,  ,  ,0.0,0.0,94.6666666667,0.0,  ,  ,0.0,  ,  
2019-01-06 00:05:00,-6.9,-7.56368199951,998.7,  ,  ,0.0,0.600002983073,95.0,0.0,  ,  ,0.0,  ,  
2019-01-06 00:10:00,-6.90666666667,-7.57483775709,998.765573771,  ,  ,0.0,0.0,94.9666666667,0.0,  ,  ,0.0,  ,  
2019-01-06 00:15:00,-6.99,-7.65316524111,998.8,  ,  ,0.0,0.0,95.0,0.0,  ,  ,0.0,  ,  
2019-01-06 00:20:00,-7.0,-7.6631078359,998.8,  ,  ,0.0,1.30000646332,95.0,0.0,  ,  ,0.0,  ,  
2019-01-06 00:25:00,-7.00666666667,-7.6697362338,998.8655,  ,  ,0.0,0.900004474609,95.0,0.0,  ,  ,0.0,  ,  
2019-01-06 00:30:00,-7.0,-7.6631078359,998.9,  ,  ,0.0,0.0,95.0,0.0,  ,  ,0.0,  ,  
2019-01-06 00:35:00,-7.0,-7.6631078359,998.9,  ,  ,0.0,0.0,95.0,0.0,  ,  ,0.0,  ,  
2019-01-06 00:40:00,-7.0,-7.6631078359,998.96555666,  ,  ,0.0,0.0,95.0,0.0,  ,  ,0.0,  ,  
2019-01-06 00:45:00,-7.0,-7.6631078359,999.0,  ,  ,0.0,0.80000397743,95.0,0.0,  ,  ,0.0,  ,  
2019-01-06 00:50:00,-7.0,-7.75385134356,999.0,  ,  ,0.0,0.80000397743,94.3333333333,0.0,  ,  ,0.0,  ,  
2019-01-06 00:55:00,-7.0,-7.79943683668,999.065573771,  ,  ,0.0,1.10000546897,94.0,0.0,  ,  ,0.0,  ,  
2019-01-06 01:00:00,-7.0,-7.79943683668,999.1,  ,  ,0.0,1.60000795486,94.0,0.0,  ,  ,0.0,  ,  
2019-01-06 01:05:00,-6.99666666667,-7.79612656526,999.1,  ,  ,0.0,0.600002983073,94.0,0.0,  ,  ,0.0,  ,  
2019-01-06 01:10:00,-6.95,-7.74978280016,999.230903645,  ,  ,0.0,1.9000094464,94.0,0.0,  ,  ,0.0,  ,  
2019-01-06 01:15:00,-6.9,-7.70012883822,999.3,  ,  ,0.0,1.30000646332,94.0,0.0,  ,  ,0.0,  ,  
2019-01-06 01:20:00,-6.9,-7.76883626254,999.3,  ,  ,0.0,0.600002983073,93.5,0.0,  ,  ,0.0,  ,  
2019-01-06 01:25:00,-6.9,-7.83787072505,999.36557377,  ,  ,0.0,1.9000094464,93.0,0.0,  ,  ,0.0,  ,  
2019-01-06 01:30:00,-6.9,-7.83787072505,999.4,  ,  ,0.0,1.9000094464,93.0,0.0,  ,  ,0.0,  ,  
2019-01-06 01:35:00,-6.9,-7.83787072505,999.4,  ,  ,0.135000671191,0.900004474609,93.0,0.0,  ,  ,0.0,  ,  
2019-01-06 01:40:00,-6.9,-7.83787072505,999.531212724,  ,  ,0.600002983073,1.10000546897,93.0,0.0,  ,  ,0.0,  ,  
2019-01-06 01:45:00,-6.90666666667,-7.84448332171,999.6,  ,  ,0.465002311881,1.4000069605,93.0,0.0,  ,  ,0.0,  ,  
2019-01-06 01:50:00,-6.99,-7.927140911,999.6,  ,  ,0.0,1.4000069605,93.0,0.0,  ,  ,0.0,  ,  
2019-01-06 01:55:00,-7.0,-7.93705983801,999.665488048,  ,  ,0.0,1.60000795486,93.0,0.0,  ,  ,0.0,  ,  
2019-01-06 02:00:00,-7.0,-7.93705983801,999.7,  ,  ,0.0,0.80000397743,93.0,0.0,  ,  ,0.0,  ,  
2019-01-06 02:05:00,-7.0,-7.93705983801,999.7,  ,  ,0.0,1.4000069605,93.0,0.0,  ,  ,0.0,  ,  
2019-01-06 02:10:00,-7.00666666667,-7.94367245796,999.831147541,  ,  ,0.0,0.80000397743,93.0,0.0,  ,  ,0.0,  ,  
2019-01-06 02:15:00,-7.05,-7.98665452547,999.9,  ,  ,0.0,0.600002983073,93.0,0.0,  ,  ,0.0,  ,  
2019-01-06 02:20:00,-7.06,-7.99657347344,999.9,  ,  ,0.0,0.80000397743,93.0,0.0,  ,  ,0.0,  ,  
2019-01-06 02:25:00,-7.07666666667,-8.01310506115,1000.03111332,  ,  ,0.0,1.9000094464,93.0,0.0,  ,  ,0.0,  ,  
2019-01-06 02:30:00,-7.1,-8.03624930024,1000.1,  ,  ,0.0,1.60000795486,93.0,0.0,  ,  ,0.0,  ,  
2019-01-06 02:35:00,-7.1,-8.0731388026,1000.1,  ,  ,0.0,1.10000546897,92.7333333333,0.0,  ,  ,0.0,  ,  
2019-01-06 02:40:00,-7.1,-8.17507289598,1000.16557377,  ,  ,0.0,1.10000546897,92.0,0.0,  ,  ,0.0,  ,  
2019-01-06 02:45:00,-7.1,-8.17507289598,1000.2,  ,  ,0.0,1.60000795486,92.0,0.0,  ,  ,0.0,  ,  
2019-01-06 02:50:00,-7.1,-8.17507289598,1000.2,  ,  ,0.0,1.10000546897,92.0,0.0,  ,  ,0.0,  ,  
2019-01-06 02:55:00,-7.1,-8.17507289598,1000.33121272,  ,  ,0.0,0.900004474609,92.0,0.0,  ,  ,0.0,  ,  
2019-01-06 03:00:00,-7.1,-8.17507289598,1000.4,  ,  ,0.0,1.10000546897,92.0,0.0,  ,  ,0.0,  ,  
2019-01-06 03:05:00,-7.1,-8.17507289598,1000.4,  ,  ,0.0,0.900004474609,92.0,0.0,  ,  ,0.0,  ,  
2019-01-06 03:10:00,-7.1,-8.17507289598,1000.46555666,  ,  ,0.0,1.60000795486,92.0,0.0,  ,  ,0.0,  ,  
2019-01-06 03:15:00,-7.13666666667,-8.21139850153,1000.5,  ,  ,0.0,1.9000094464,92.0,0.0,  ,  ,0.0,  ,  
2019-01-06 03:20:00,-7.2,-8.27414285614,1000.5,  ,  ,0.0,0.80000397743,92.0,0.0,  ,  ,0.0,  ,  
2019-01-06 03:25:00,-7.2,-8.34399760896,1000.5,  ,  ,0.0,0.900004474609,91.5,0.0,  ,  ,0.0,  ,  
2019-01-06 03:30:00,-7.2,-8.49416155975,1000.5,  ,  ,0.0,0.600002983073,90.4333333333,0.0,  ,  ,0.0,  ,  
2019-01-06 03:35:00,-7.2,-8.55561547134,1000.5,  ,  ,0.0,0.0,90.0,0.0,  ,  ,0.0,  ,  
2019-01-06 03:40:00,-7.2,-8.55561547134,1000.56575137,  ,  ,0.0,1.10000546897,90.0,0.0,  ,  ,0.0,  ,  
2019-01-06 03:45:00,-7.22333333333,-8.60712148796,1000.6,  ,  ,0.0,1.10000546897,89.8,0.0,  ,  ,0.0,  ,  
2019-01-06 03:50:00,-7.33666666667,-8.70014640826,1000.6,  ,  ,0.0,0.600002983073,89.9333333333,0.0,  ,  ,0.0,  ,  
2019-01-06 03:55:00,-7.47333333333,-8.91582414337,1000.73104819,  ,  ,0.0,0.900004474609,89.3666666667,0.0,  ,  ,0.0,  ,  
2019-01-06 04:00:00,-7.6,-8.89909121191,1000.8,  ,  ,0.0,1.4000069605,90.3666666667,0.0,  ,  ,0.0,  ,  
2019-01-06 04:05:00,-7.52333333333,-8.7341305127,1000.8,  ,  ,0.0,1.60000795486,91.0,0.0,  ,  ,0.0,  ,  
2019-01-06 04:10:00,-7.5,-8.71104202647,1000.86557377,  ,  ,0.0,0.900004474609,91.0,0.0,  ,  ,0.0,  ,  
2019-01-06 04:15:00,-7.5,-8.64102904944,1000.9,  ,  ,0.0,1.30000646332,91.5,0.0,  ,  ,0.0,  ,  
2019-01-06 04:20:00,-7.5,-8.57135514015,1000.9,  ,  ,0.0,1.80000894922,92.0,0.0,  ,  ,0.0,  ,  
2019-01-06 04:25:00,-7.5,-8.57135514015,1000.9,  ,  ,0.135000671191,1.80000894922,92.0,0.0,  ,  ,0.0,  ,  
2019-01-06 04:30:00,-7.5,-8.57135514015,1000.9,  ,  ,0.600002983073,2.10001044075,92.0,0.0,  ,  ,0.0,  ,  
2019-01-06 04:35:00,-7.5,-8.57135514015,1000.9,  ,  ,0.645003206803,1.60000795486,92.0,0.0,  ,  ,0.0,  ,  
2019-01-06 04:40:00,-7.52333333333,-8.59447180224,1000.9,  ,  ,0.80000397743,1.4000069605,92.0,0.0,  ,  ,0.0,  ,  
2019-01-06 04:45:00,-7.6,-8.67042670266,1000.9,  ,  ,0.619249940689,1.60000795486,92.0,0.0,  ,  ,0.0,  ,  
2019-01-06 04:50:00,-7.6,-8.67042670266,1000.9,  ,  ,0.0,2.90001441819,92.0,0.0,  ,  ,0.0,  ,  
2019-01-06 04:55:00,-7.6,-8.67042670266,1000.96557377,  ,  ,0.0,1.30000646332,92.0,0.0,  ,  ,0.0,  ,  
2019-01-06 05:00:00,-7.60666666667,-8.6354268499,1001.0,  ,  ,0.0,0.900004474609,92.3,0.0,  ,  ,0.0,  ,  
2019-01-06 05:05:00,-7.68333333333,-8.61486145794,1001.0,  ,  ,0.0,0.900004474609,93.0,0.0,  ,  ,0.0,  ,  
2019-01-06 05:10:00,-7.7,-8.63139340851,1001.06550696,  ,  ,0.0,1.80000894922,93.0,0.0,  ,  ,0.0,  ,  
2019-01-06 05:15:00,-7.7,-8.63139340851,1001.1,  ,  ,0.0,1.4000069605,93.0,0.0,  ,  ,0.0,  ,  
2019-01-06 05:20:00,-7.77333333333,-8.70413410631,1001.1,  ,  ,0.0,0.0,93.0,0.0,  ,  ,0.0,  ,  
2019-01-06 05:25:00,-7.8,-8.73058531572,1001.16550696,  ,  ,0.0,0.900004474609,93.0,0.0,  ,  ,0.0,  ,  
2019-01-06 05:30:00,-7.8,-8.73058531572,1001.2,  ,  ,0.0,0.0,93.0,0.0,  ,  ,0.0,  ,  
2019-01-06 05:35:00,-7.8,-8.73058531572,1001.2,  ,  ,0.0,1.30000646332,93.0,0.0,  ,  ,0.0,  ,  
2019-01-06 05:40:00,-7.78375,-8.71446660703,1001.33080758,  ,  ,0.0,0.900004474609,93.0,0.0,  ,  ,0.0,  ,  
2019-01-06 05:45:00,-7.71625,-8.64751206967,1001.4,  ,  ,0.0,1.4000069605,93.0,0.0,  ,  ,0.0,  ,  
2019-01-06 05:50:00,-7.72708333333,-8.65825784889,1001.4,  ,  ,0.0,1.60000795486,93.0,0.0,  ,  ,0.0,  ,  
2019-01-06 05:55:00,-7.79291666667,-8.7235592108,1001.46540755,  ,  ,0.0,1.30000646332,93.0,0.0,  ,  ,0.0,  ,  
2019-01-06 06:00:00,-7.8,-8.73058531572,1001.5,  ,  ,0.0,0.900004474609,93.0,0.0,  ,  ,0.0,  ,  
2019-01-06 06:05:00,-7.8,-8.73058531572,1001.5,  ,  ,0.0,1.80000894922,93.0,0.0,  ,  ,0.0,  ,  
2019-01-06 06:10:00,-7.8,-8.73058531572,1001.5,  ,  ,0.0,1.10000546897,93.0,0.0,  ,  ,0.0,  ,  
2019-01-06 06:15:00,-7.8,-8.73058531572,1001.5,  ,  ,0.0,0.80000397743,93.0,0.0,  ,  ,0.0,  ,  
2019-01-06 06:20:00,-7.8,-8.73058531572,1001.5,  ,  ,0.0,1.30000646332,93.0,0.0,  ,  ,0.0,  ,  
2019-01-06 06:25:00,-7.8,-8.73058531572,1001.6307,  ,  ,0.0,1.4000069605,93.0,0.0,  ,  ,0.0,  ,  
2019-01-06 06:30:00,-7.88291666667,-8.81283220366,1001.7,  ,  ,0.0,1.10000546897,93.0,0.0,  ,  ,0.0,  ,  
2019-01-06 06:35:00,-7.9,-8.82977757222,1001.7,  ,  ,0.0,0.80000397743,93.0,0.0,  ,  ,0.0,  ,  
2019-01-06 06:40:00,-7.9,-8.82977757222,1001.76542474,  ,  ,0.0,1.30000646332,93.0,0.0,  ,  ,0.0,  ,  
2019-01-06 06:45:00,-7.9,-8.82977757222,1001.8,  ,  ,0.0,1.10000546897,93.0,0.0,  ,  ,0.0,  ,  
2019-01-06 06:50:00,-7.96291666667,-8.89218621261,1001.8,  ,  ,0.0,1.30000646332,93.0,0.0,  ,  ,0.0,  ,  
2019-01-06 06:55:00,-8.0,-8.928970178,1001.93084948,  ,  ,0.0,0.80000397743,93.0,0.0,  ,  ,0.0,  ,  
2019-01-06 07:00:00,-8.02958333333,-8.95831472417,1002.0,  ,  ,0.0,1.10000546897,93.0,0.0,  ,  ,0.0,  ,  
2019-01-06 07:05:00,-8.09666666667,-9.02485669562,1002.0,  ,  ,0.0,1.30000646332,93.0,0.0,  ,  ,0.0,  ,  
2019-01-06 07:10:00,-8.1,-9.02816313308,1002.13089634,  ,  ,0.0,1.10000546897,93.0,0.0,  ,  ,0.0,  ,  
2019-01-06 07:15:00,-8.1,-9.02816313308,1002.2,  ,  ,0.0,1.30000646332,93.0,0.0,  ,  ,0.0,  ,  
2019-01-06 07:20:00,-8.1,-9.02816313308,1002.2,  ,  ,0.0,1.60000795486,93.0,0.0,  ,  ,0.0,  ,  
2019-01-06 07:25:00,-8.1,-9.02816313308,1002.33084948,  ,  ,0.0,1.4000069605,93.0,0.0,  ,  ,0.0,  ,  
2019-01-06 07:30:00,-8.11625,-9.04428202128,1002.4,  ,  ,0.0,2.10001044075,93.0,0.0,  ,  ,0.0,  ,  
2019-01-06 07:35:00,-8.18333333333,-9.11082419581,1002.4,  ,  ,0.0,1.30000646332,93.0,0.0,  ,  ,0.0,  ,  
2019-01-06 07:40:00,-8.2,-9.12735643746,1002.46545726,  ,  ,0.0,0.900004474609,93.0,0.0,  ,  ,0.0,  ,  
2019-01-06 07:45:00,-8.2,-9.12735643746,1002.5,  ,  ,0.0,1.4000069605,93.0,0.0,  ,  ,0.0,  ,  
2019-01-06 07:50:00,-8.2,-9.12735643746,1002.5,  ,  ,0.0,1.60000795486,93.0,0.0,  ,  ,0.0,  ,  
2019-01-06 07:55:00,-8.2,-9.12735643746,1002.631,  ,  ,0.0,0.80000397743,93.0,0.0,  ,  ,0.0,  ,  
2019-01-06 08:00:00,-8.28625,-9.21291094304,1002.7,  ,  ,0.0,1.4000069605,93.0,0.0,  ,  ,0.0,  ,  
2019-01-06 08:05:00,-8.3,-9.22655009113,1002.7,  ,  ,0.0,0.900004474609,93.0,0.0,  ,  ,0.0,  ,  
2019-01-06 08:10:00,-8.3,-9.22655009113,1002.76542474,  ,  ,0.0,1.4000069605,93.0,0.0,  ,  ,0.0,  ,  
2019-01-06 08:15:00,-8.3,-9.22655009113,1002.8,  ,  ,0.0,1.10000546897,93.0,0.0,  ,  ,0.0,  ,  
2019-01-06 08:20:00,-8.3,-9.22655009113,1002.8,  ,  ,0.0,2.10001044075,93.0,0.0,  ,  ,0.0,  ,  
2019-01-06 08:25:00,-8.34291666667,-9.26912080795,1002.99622266,  ,  ,0.0,1.30000646332,93.0,0.0,  ,  ,0.0,  ,  
2019-01-06 08:30:00,-8.4,-9.3257440941,1003.1,  ,  ,0.0,0.900004474609,93.0,0.0,  ,  ,0.0,  ,  
2019-01-06 08:35:00,-8.4,-9.3257440941,1003.1,  ,  ,0.0,0.900004474609,93.0,0.0,  ,  ,0.0,  ,  
2019-01-06 08:40:00,-8.4,-9.3257440941,1003.16542474,  ,  ,0.0,0.600002983073,93.0,0.0,  ,  ,0.0,  ,  
2019-01-06 08:45:00,-8.4,-9.3257440941,1003.2,  ,  ,0.0,1.80000894922,93.0,0.0,  ,  ,0.0,  ,  
2019-01-06 08:50:00,-8.4,-9.3257440941,1003.2,  ,  ,0.0,1.10000546897,93.0,0.0,  ,  ,0.0,  ,  
2019-01-06 08:55:00,-8.4,-9.3257440941,1003.26542474,  ,  ,0.0,1.80000894922,93.0,0.0,  ,  ,0.0,  ,  
2019-01-06 09:00:00,-8.4,-9.36164988369,1003.3,  ,  ,0.0,1.80000894922,92.7375,0.0,  ,  ,0.0,  ,  
2019-01-06 09:05:00,-8.42291666667,-9.48571831494,1003.3,  ,  ,0.132500658762,1.80000894922,92.0,0.0,  ,  ,0.0,  ,  
2019-01-06 09:10:00,-8.5,-9.56208879228,1003.49580838,  ,  ,0.600002983073,1.9000094464,92.0,0.0,  ,  ,0.0,  ,  
2019-01-06 09:15:00,-8.53291666667,-9.5947011227,1003.6,  ,  ,0.600002983073,2.80001392101,92.0,0.0,  ,  ,0.0,  ,  
2019-01-06 09:20:00,-8.59666666667,-9.65786183543,1003.6,  ,  ,0.600002983073,1.80000894922,92.0,0.0,  ,  ,0.0,  ,  
2019-01-06 09:25:00,-8.6,-9.66116436083,1003.73084948,  ,  ,0.600002983073,1.60000795486,92.0,0.0,  ,  ,0.0,  ,  
2019-01-06 09:30:00,-8.6,-9.66116436083,1003.8,  ,  ,0.600002983073,1.60000795486,92.0,0.0,  ,  ,0.0,  ,  
2019-01-06 09:35:00,-8.65291666667,-9.70900513122,1003.8,  ,  ,0.467502324311,2.10001044075,92.0333333333,0.0,  ,  ,0.0,  ,  
2019-01-06 09:40:00,-8.7,-9.76024033001,1003.93091451,  ,  ,0.0,1.60000795486,92.0,0.0,  ,  ,0.0,  ,  
2019-01-06 09:45:00,-8.71,-9.77014794896,1004.0,  ,  ,0.132500658762,2.40001193229,92.0,0.0,  ,  ,0.0,  ,  
2019-01-06 09:50:00,-8.76625,-9.82587838021,1004.0,  ,  ,0.600002983073,1.80000894922,92.0,0.0,  ,  ,0.0,  ,  
2019-01-06 09:55:00,-8.79,-9.84940904479,1004.06544817,  ,  ,0.600002983073,2.80001392101,92.0,0.0,  ,  ,0.0,  ,  
2019-01-06 10:00:00,-8.8,-9.8593166998,1004.1,  ,  ,0.600002983073,2.60001292665,92.0,0.0,  ,  ,0.0,  ,  
2019-01-06 10:05:00,-8.80666666667,-9.86592180536,1004.1,  ,  ,0.644169869327,2.30001143511,92.0,0.0,  ,  ,0.0,  ,  
2019-01-06 10:10:00,-8.88625,-9.94477039053,1004.16542474,  ,  ,0.80000397743,1.60000795486,92.0,0.0,  ,  ,0.0,  ,  
2019-01-06 10:15:00,-8.97583333333,-10.0335269549,1004.2,  ,  ,0.623336432415,0.80000397743,92.0,0.0,  ,  ,0.0,  ,  
2019-01-06 10:20:00,-9.09333333333,-10.149943029,1004.2,  ,  ,0.0,0.80000397743,92.0,0.0,  ,  ,0.0,  ,  
2019-01-06 10:25:00,-9.17958333333,-10.2353977333,1004.33081511,  ,  ,0.0,0.900004474609,92.0,0.0,  ,  ,0.0,  ,  
2019-01-06 10:30:00,-9.21958333333,-10.3115965648,1004.4,  ,  ,0.0,0.600002983073,91.7333333333,0.0,  ,  ,0.0,  ,  
2019-01-06 10:35:00,-9.29666666667,-10.4883517124,1004.4,  ,  ,0.0,0.0,91.0041666667,0.0,  ,  ,0.0,  ,  
2019-01-06 10:40:00,-9.43583333333,-10.6266455204,1004.66220669,  ,  ,0.0,0.600002983073,91.0,0.0,  ,  ,0.0,  ,  
2019-01-06 10:45:00,-9.60291666667,-10.7919907462,1004.8,  ,  ,0.0,0.600002983073,91.0,0.0,  ,  ,0.0,  ,  
2019-01-06 10:50:00,-9.72958333333,-10.9173405869,1004.8,  ,  ,0.0,0.0,91.0,0.0,  ,  ,0.0,  ,  
2019-01-06 10:55:00,-9.79958333333,-10.9866131787,1004.93084948,  ,  ,0.0,0.0,91.0,0.0,  ,  ,0.0,  ,  
2019-01-06 11:00:00,-9.80333333333,-10.9903242166,1005.0,  ,  ,0.0,0.0,91.0,0.0,  ,  ,0.0,  ,  
2019-01-06 11:05:00,-9.8,-10.9870255162,1005.0,  ,  ,0.0,0.0,91.0,0.0,  ,  ,0.0,  ,  
2019-01-06 11:10:00,-9.80333333333,-10.9903242166,1005.13081511,  ,  ,0.0,0.0,91.0,0.0,  ,  ,0.0,  ,  
2019-01-06 11:15:00,-9.87625,-11.0624834144,1005.2,  ,  ,0.0,0.80000397743,91.0,0.0,  ,  ,0.0,  ,  
2019-01-06 11:20:00,-9.95958333333,-11.1449513635,1005.2,  ,  ,0.0,0.80000397743,91.0,0.0,  ,  ,0.0,  ,  
2019-01-06 11:25:00,-10.01625,-11.2010297483,1005.33096548,  ,  ,0.0,1.10000546897,91.0,0.0,  ,  ,0.0,  ,  
2019-01-06 11:30:00,-10.08,-11.2641181049,1005.4,  ,  ,0.0,0.900004474609,91.0,0.0,  ,  ,0.0,  ,  
2019-01-06 11:35:00,-10.15625,-11.3395769689,1005.4,  ,  ,0.0,2.10001044075,91.0,0.0,  ,  ,0.0,  ,  
2019-01-06 11:40:00,-10.2,-11.3828731571,1005.46545726,  ,  ,0.0,1.10000546897,91.0,0.0,  ,  ,0.0,  ,  
2019-01-06 11:45:00,-10.2233333333,-11.4059644929,1005.5,  ,  ,0.0,0.900004474609,91.0,0.0,  ,  ,0.0,  ,  
2019-01-06 11:50:00,-10.29625,-11.478125076,1005.5,  ,  ,0.0,1.10000546897,91.0,0.0,  ,  ,0.0,  ,  
2019-01-06 11:55:00,-10.36625,-11.574237024,1005.56535785,  ,  ,0.0,0.80000397743,90.8041666667,0.0,  ,  ,0.0,  ,  
2019-01-06 12:00:00,-10.5325,-11.8360878122,1005.6,  ,  ,0.0,0.600002983073,90.0958333333,0.0,  ,  ,0.0,  ,  
2019-01-06 12:05:00,-10.6329166667,-11.8113039157,1005.6,  ,  ,0.0,0.80000397743,91.0,0.0,  ,  ,0.0,  ,  
2019-01-06 12:10:00,-10.6966666667,-11.8704129026,1005.73083083,  ,  ,0.0,0.80000397743,91.0291666667,0.0,  ,  ,0.0,  ,  
2019-01-06 12:15:00,-10.6933333333,-11.7707729976,1005.8,  ,  ,0.0,0.0,91.7375,0.0,  ,  ,0.0,  ,  
2019-01-06 12:20:00,-10.6833333333,-11.8611987131,1005.8,  ,  ,0.0,0.600002983073,91.0,0.0,  ,  ,0.0,  ,  
2019-01-06 12:25:00,-10.64375,-11.8174732009,1005.8,  ,  ,0.0,0.0,91.0333333333,0.0,  ,  ,0.0,  ,  
2019-01-06 12:30:00,-10.6,-11.7787280357,1005.8,  ,  ,0.0,0.0,91.0,0.0,  ,  ,0.0,  ,  
2019-01-06 12:35:00,-10.6,-11.7787280357,1005.8,  ,  ,0.0,0.0,91.0,0.0,  ,  ,0.0,  ,  
2019-01-06 12:40:00,-10.4841666667,-11.6640943159,1005.8,  ,  ,0.0,0.0,91.0,0.0,  ,  ,0.0,  ,  
2019-01-06 12:45:00,-10.3870833333,-11.5680168817,1005.8,  ,  ,0.0,0.0,91.0,0.0,  ,  ,0.0,  ,  
2019-01-06 12:50:00,-10.2966666667,-11.3789995456,1005.8,  ,  ,0.0,0.0,91.7291666667,0.0,  ,  ,0.0,  ,  
2019-01-06 12:55:00,-10.1283333333,-11.1754191513,1005.8,  ,  ,0.0,0.0,92.0,0.0,  ,  ,0.0,  ,  
2019-01-06 13:00:00,-9.8275,-10.9953382965,1005.8,  ,  ,0.0,0.0,91.1375,0.0,  ,  ,0.0,  ,  
2019-01-06 13:05:00,-9.57791666667,-10.7672507319,1005.8,  ,  ,0.0,0.0,91.0,0.0,  ,  ,0.0,  ,  
2019-01-06 13:10:00,-9.30375,-10.62957247,1005.86550696,  ,  ,0.0,0.0,90.0375,0.0,  ,  ,0.0,  ,  
2019-01-06 13:15:00,-9.20375,-10.6569523236,1005.9,  ,  ,0.0,0.0,89.1375,0.0,  ,  ,0.0,  ,  
2019-01-06 13:20:00,-9.22333333333,-10.6956677001,1005.9,  ,  ,0.0,0.600002983073,89.0,0.0,  ,  ,0.0,  ,  
2019-01-06 13:25:00,-9.28291666667,-10.7315963722,1005.96552409,  ,  ,0.0,0.0,89.1625,0.0,  ,  ,0.0,  ,  
2019-01-06 13:30:00,-9.26708333333,-10.7054100089,1006.0,  ,  ,0.0,0.0,89.2375,0.0,  ,  ,0.0,  ,  
2019-01-06 13:35:00,-9.2,-10.6726341393,1006.0,  ,  ,0.0,0.0,89.0,0.0,  ,  ,0.0,  ,  
2019-01-06 13:40:00,-9.2,-10.6726341393,1006.13101045,  ,  ,0.0,0.0,89.0,0.0,  ,  ,0.0,  ,  
2019-01-06 13:45:00,-9.2,-10.6726341393,1006.2,  ,  ,0.0,0.0,89.0,0.0,  ,  ,0.0,  ,  
2019-01-06 13:50:00,-9.27958333333,-10.751195159,1006.2,  ,  ,0.0,0.0,89.0,0.0,  ,  ,0.0,  ,  
2019-01-06 13:55:00,-9.36291666667,-10.8334583848,1006.26548981,  ,  ,0.0,0.0,89.0,0.0,  ,  ,0.0,  ,  
2019-01-06 14:00:00,-9.44291666667,-10.9124314455,1006.3,  ,  ,0.0,0.0,89.0,0.0,  ,  ,0.0,  ,  
2019-01-06 14:05:00,-9.54291666667,-10.9836306592,1006.3,  ,  ,0.0,0.0,89.1958333333,0.0,  ,  ,0.0,  ,  
2019-01-06 14:10:00,-9.6,-10.9456045361,1006.36552409,  ,  ,0.0,0.0,89.8708333333,0.0,  ,  ,0.0,  ,  
2019-01-06 14:15:00,-9.6,-11.0674993775,1006.4,  ,  ,0.0,0.0,89.0,0.0,  ,  ,0.0,  ,  
2019-01-06 14:20:00,-9.62291666667,-10.9973113491,1006.4,  ,  ,0.0,0.80000397743,89.6625,0.0,  ,  ,0.0,  ,  
2019-01-06 14:25:00,-9.69333333333,-11.0198642544,1006.33449304,  ,  ,0.0,0.80000397743,90.0,0.0,  ,  ,0.0,  ,  
2019-01-06 14:30:00,-9.7,-11.0264535752,1006.3,  ,  ,0.0,0.600002983073,90.0,0.0,  ,  ,0.0,  ,  
2019-01-06 14:35:00,-9.70333333333,-11.0297482365,1006.3,  ,  ,0.0,0.600002983073,90.0,0.0,  ,  ,0.0,  ,  
2019-01-06 14:40:00,-9.71291666667,-11.0392203907,1006.43117852,  ,  ,0.0,0.80000397743,90.0,0.0,  ,  ,0.0,  ,  
2019-01-06 14:45:00,-9.77333333333,-11.098936252,1006.5,  ,  ,0.0,0.80000397743,90.0,0.0,  ,  ,0.0,  ,  
2019-01-06 14:50:00,-9.80291666667,-11.1281764996,1006.5,  ,  ,0.0,0.0,90.0,0.0,  ,  ,0.0,  ,  
2019-01-06 14:55:00,-9.9,-11.2241342418,1006.56555666,  ,  ,0.0,0.0,90.0,0.0,  ,  ,0.0,  ,  
2019-01-06 15:00:00,-9.92625,-11.2500799791,1006.6,  ,  ,0.0,0.600002983073,90.0,0.0,  ,  ,0.0,  ,  
2019-01-06 15:05:00,-10.0429166667,-11.3653947875,1006.6,  ,  ,0.0,0.0,90.0,0.0,  ,  ,0.0,  ,  
2019-01-06 15:10:00,-10.1033333333,-11.4251116546,1006.66538462,  ,  ,0.0,0.0,90.0,0.0,  ,  ,0.0,  ,  
2019-01-06 15:15:00,-10.1629166667,-11.4840050211,1006.7,  ,  ,0.0,1.10000546897,90.0,0.0,  ,  ,0.0,  ,  
2019-01-06 15:20:00,-10.2033333333,-11.5239537702,1006.7,  ,  ,0.0,0.80000397743,90.0,0.0,  ,  ,0.0,  ,  
2019-01-06 15:25:00,-10.27625,-11.5960264641,1006.83104819,  ,  ,0.0,0.900004474609,90.0,0.0,  ,  ,0.0,  ,  
2019-01-06 15:30:00,-10.3329166667,-11.6019915683,1006.9,  ,  ,0.0,0.900004474609,90.3625,0.0,  ,  ,0.0,  ,  
2019-01-06 15:35:00,-10.3766666667,-11.5936903938,1006.9,  ,  ,0.0,0.80000397743,90.7375,0.0,  ,  ,0.0,  ,  
2019-01-06 15:40:00,-10.4,-11.6316483459,1007.03101392,  ,  ,0.0,0.600002983073,90.6291666667,0.0,  ,  ,0.0,  ,  
2019-01-06 15:45:00,-10.4,-11.5807996917,1007.1,  ,  ,0.0,0.80000397743,91.0,0.0,  ,  ,0.0,  ,  
2019-01-06 15:50:00,-10.4,-11.5807996917,1007.1,  ,  ,0.0,0.0,91.0,0.0,  ,  ,0.0,  ,  
2019-01-06 15:55:00,-10.4,-11.5807996917,1007.1,  ,  ,0.0,0.0,91.0,0.0,  ,  ,0.0,  ,  
2019-01-06 16:00:00,-10.41,-11.5906960659,1007.1,  ,  ,0.0,0.0,91.0,0.0,  ,  ,0.0,  ,  
2019-01-06 16:05:00,-10.4895833333,-11.669454872,1007.1,  ,  ,0.0,0.0,91.0,0.0,  ,  ,0.0,  ,  
2019-01-06 16:10:00,-10.5195833333,-11.6991441299,1007.16552409,  ,  ,0.0,0.0,91.0,0.0,  ,  ,0.0,  ,  
2019-01-06 16:15:00,-10.6,-11.7787280357,1007.2,  ,  ,0.0,0.80000397743,91.0,0.0,  ,  ,0.0,  ,  
2019-01-06 16:20:00,-10.6229166667,-11.8014074407,1007.2,  ,  ,0.0,0.0,91.0,0.0,  ,  ,0.0,  ,  
2019-01-06 16:25:00,-10.7,-11.7559333074,1007.33109664,  ,  ,0.0,0.0,91.8958333333,0.0,  ,  ,0.0,  ,  
2019-01-06 16:30:00,-10.6770833333,-11.7191370656,1007.4,  ,  ,0.0,0.0,92.0,0.0,  ,  ,0.0,  ,  
2019-01-06 16:35:00,-10.6195833333,-11.6621637798,1007.4,  ,  ,0.0,0.0,92.0,0.0,  ,  ,0.0,  ,  
2019-01-06 16:40:00,-10.67,-11.7121186102,1007.53104819,  ,  ,0.0,0.0,92.0,0.0,  ,  ,0.0,  ,  
2019-01-06 16:45:00,-10.7,-11.7418438469,1007.6,  ,  ,0.0,0.0,92.0,0.0,  ,  ,0.0,  ,  
2019-01-06 16:50:00,-10.7,-11.7418438469,1007.6,  ,  ,0.0,0.0,92.0,0.0,  ,  ,0.0,  ,  
2019-01-06 16:55:00,-10.7,-11.7418438469,1007.6,  ,  ,0.0,0.0,92.0,0.0,  ,  ,0.0,  ,  
2019-01-06 17:00:00,-10.73625,-11.7777618893,1007.6,  ,  ,0.0,0.0,92.0,0.0,  ,  ,0.0,  ,  
2019-01-06 17:05:00,-10.8,-11.8409282296,1007.6,  ,  ,0.0,0.0,92.0,0.0,  ,  ,0.0,  ,  
2019-01-06 17:10:00,-10.8,-11.8409282296,1007.66550696,  ,  ,0.0,0.0,92.0,0.0,  ,  ,0.0,  ,  
2019-01-06 17:15:00,-10.8229166667,-11.9715243827,1007.7,  ,  ,0.0,0.0,91.2041666667,0.0,  ,  ,0.0,  ,  
2019-01-06 17:20:00,-10.9295833333,-12.1049014004,1007.7,  ,  ,0.0,0.0,91.0,0.0,  ,  ,0.0,  ,  
2019-01-06 17:25:00,-11.0925,-12.266134297,1007.7,  ,  ,0.0,0.0,91.0,0.0,  ,  ,0.0,  ,  
2019-01-06 17:30:00,-11.2195833333,-12.5233200463,1007.7,  ,  ,0.0,0.0,90.0375,0.0,  ,  ,0.0,  ,  
2019-01-06 17:35:00,-11.3495833333,-12.6569675504,1007.7,  ,  ,0.0,0.0,90.0,0.0,  ,  ,0.0,  ,  
2019-01-06 17:40:00,-11.5458333333,-12.8378502454,1007.83101392,  ,  ,0.0,0.0,90.0958333333,0.0,  ,  ,0.0,  ,  
2019-01-06 17:45:00,-11.6991631799,-12.866538075,1007.9,  ,  ,0.0,0.0,91.0,0.0,  ,  ,0.0,  ,  
2019-01-06 17:50:00,-11.79,-12.82690745,1007.9,  ,  ,0.0,0.0,91.9625,0.0,  ,  ,0.0,  ,  
2019-01-06 17:55:00,-11.8,-12.7833440549,1007.96552409,  ,  ,0.0,0.0,92.3625,0.0,  ,  ,0.0,  ,  
2019-01-06 18:00:00,-11.7966666667,-12.6781228576,1008.0,  ,  ,0.0,0.0,93.1291666667,0.0,  ,  ,0.0,  ,  
2019-01-06 18:05:00,-11.7004166667,-12.4676631518,1008.0,  ,  ,0.0,0.0,94.0,0.0,  ,  ,0.0,  ,  
2019-01-06 18:10:00,-11.6008333333,-12.36875497,1008.06567312,  ,  ,0.0,0.0,94.0,0.0,  ,  ,0.0,  ,  
2019-01-06 18:15:00,-11.4904166667,-12.3687272875,1008.1,  ,  ,0.0,0.0,93.1708333333,0.0,  ,  ,0.0,  ,  
2019-01-06 18:20:00,-11.4,-12.1830215566,1008.1,  ,  ,0.0,0.0,93.8958333333,0.0,  ,  ,0.0,  ,  
2019-01-06 18:25:00,-11.2841666667,-12.0542371955,1008.16565606,  ,  ,0.0,0.0,94.0,0.0,  ,  ,0.0,  ,  
2019-01-06 18:30:00,-11.1704166667,-12.0423368789,1008.2,  ,  ,0.0,0.0,93.2375,0.0,  ,  ,0.0,  ,  
2019-01-06 18:35:00,-11.1,-12.0041142159,1008.2,  ,  ,0.0,0.0,93.0,0.0,  ,  ,0.0,  ,  
2019-01-06 18:40:00,-11.0704166667,-11.9747664967,1008.33141153,  ,  ,0.0,0.0,93.0,0.0,  ,  ,0.0,  ,  
2019-01-06 18:45:00,-10.9504166667,-11.855722541,1008.4,  ,  ,0.0,0.0,93.0,0.0,  ,  ,0.0,  ,  
2019-01-06 18:50:00,-10.87375,-11.8595532464,1008.4,  ,  ,0.0,1.10000546897,92.4041666667,0.0,  ,  ,0.0,  ,  
2019-01-06 18:55:00,-10.7308333333,-11.8124352375,1008.46570577,  ,  ,0.132500658762,3.10001541254,91.7041666667,0.0,  ,  ,0.0,  ,  
2019-01-06 19:00:00,-10.4145833333,-11.5997944391,1008.5,  ,  ,0.600002983073,1.9000094464,90.9666666667,0.0,  ,  ,0.0,  ,  
2019-01-06 19:05:00,-10.2733333333,-11.5649200855,1008.5,  ,  ,0.467502324311,1.10000546897,90.2041666667,0.0,  ,  ,0.0,  ,  
2019-01-06 19:10:00,-10.2966666667,-11.6162068665,1008.56573287,  ,  ,0.0,0.0,90.0,0.0,  ,  ,0.0,  ,  
2019-01-06 19:15:00,-10.2966666667,-11.6162068665,1008.6,  ,  ,0.0,0.0,90.0,0.0,  ,  ,0.0,  ,  
2019-01-06 19:20:00,-10.2104166667,-11.5309551058,1008.6,  ,  ,0.0,0.0,90.0,0.0,  ,  ,0.0,  ,  
2019-01-06 19:25:00,-10.2,-11.5206590249,1008.6,  ,  ,0.0,0.0,90.0,0.0,  ,  ,0.0,  ,  
2019-01-06 19:30:00,-10.1470833333,-11.4683550181,1008.6,  ,  ,0.0,0.0,90.0,0.0,  ,  ,0.0,  ,  
2019-01-06 19:35:00,-10.1,-11.4218169261,1008.6,  ,  ,0.0,0.0,90.0,0.0,  ,  ,0.0,  ,  
2019-01-06 19:40:00,-10.1,-11.4218169261,1008.73096903,  ,  ,0.0,0.0,90.0,0.0,  ,  ,0.0,  ,  
2019-01-06 19:45:00,-10.06375,-11.3859867899,1008.8,  ,  ,0.0,0.0,90.0,0.0,  ,  ,0.0,  ,  
2019-01-06 19:50:00,-10.0033333333,-11.3262700434,1008.8,  ,  ,0.0,0.0,90.0,0.0,  ,  ,0.0,  ,  
2019-01-06 19:55:00,-10.0,-11.3229753317,1008.8,  ,  ,0.0,0.0,90.0,0.0,  ,  ,0.0,  ,  
2019-01-06 20:00:00,-9.92041666667,-11.2217766789,1008.8,  ,  ,0.0,0.0,90.1625,0.0,  ,  ,0.0,  ,  
2019-01-06 20:05:00,-9.9,-11.0859867479,1008.8,  ,  ,0.0,0.0,91.0,0.0,  ,  ,0.0,  ,  
2019-01-06 20:10:00,-9.9,-11.0859867479,1008.8,  ,  ,0.0,0.0,91.0,0.0,  ,  ,0.0,  ,  
2019-01-06 20:15:00,-9.9,-11.0859867479,1008.8,  ,  ,0.0,0.0,91.0,0.0,  ,  ,0.0,  ,  
2019-01-06 20:20:00,-9.89666666667,-11.0826880329,1008.8,  ,  ,0.0,0.0,91.0,0.0,  ,  ,0.0,  ,  
2019-01-06 20:25:00,-9.9,-11.0859867479,1008.8,  ,  ,0.0,0.0,91.0,0.0,  ,  ,0.0,  ,  
2019-01-06 20:30:00,-9.9,-11.0859867479,1008.8,  ,  ,0.0,0.0,91.0,0.0,  ,  ,0.0,  ,  
2019-01-06 20:35:00,-9.87375,-11.0600093808,1008.8,  ,  ,0.0,0.0,91.0,0.0,  ,  ,0.0,  ,  
2019-01-06 20:40:00,-9.8,-10.9870255162,1008.86562345,  ,  ,0.0,0.0,91.0,0.0,  ,  ,0.0,  ,  
2019-01-06 20:45:00,-9.8,-10.9870255162,1008.9,  ,  ,0.0,0.0,91.0,0.0,  ,  ,0.0,  ,  
2019-01-06 20:50:00,-9.8,-10.9870255162,1008.9,  ,  ,0.0,0.0,91.0,0.0,  ,  ,0.0,  ,  
2019-01-06 20:55:00,-9.8,-11.1247147095,1008.9,  ,  ,0.0,0.0,90.0041666667,0.0,  ,  ,0.0,  ,  
2019-01-06 21:00:00,-9.8,-11.1252936563,1008.9,  ,  ,0.0,0.0,90.0,0.0,  ,  ,0.0,  ,  
2019-01-06 21:05:00,-9.8,-11.0934869355,1008.9,  ,  ,0.0,0.0,90.2291666667,0.0,  ,  ,0.0,  ,  
2019-01-06 21:10:00,-9.8,-10.9870255162,1008.9,  ,  ,0.0,0.0,91.0,0.0,  ,  ,0.0,  ,  
2019-01-06 21:15:00,-9.8,-10.9870255162,1008.9,  ,  ,0.0,0.0,91.0,0.0,  ,  ,0.0,  ,  
2019-01-06 21:20:00,-9.8,-10.9870255162,1008.9,  ,  ,0.0,0.0,91.0,0.0,  ,  ,0.0,  ,  
2019-01-06 21:25:00,-9.8,-10.9870255162,1008.9,  ,  ,0.0,0.0,91.0,0.0,  ,  ,0.0,  ,  
2019-01-06 21:30:00,-9.8,-10.9870255162,1008.9,  ,  ,0.0,0.0,91.0,0.0,  ,  ,0.0,  ,  
2019-01-06 21:35:00,-9.77041666667,-10.9577495718,1008.9,  ,  ,0.0,0.0,91.0,0.0,  ,  ,0.0,  ,  
2019-01-06 21:40:00,-9.7,-10.8605494043,1008.83439364,  ,  ,0.0,1.10000546897,91.2,0.0,  ,  ,0.0,  ,  
2019-01-06 21:45:00,-9.67041666667,-10.9364852515,1008.8,  ,  ,0.0,0.0,90.4375,0.0,  ,  ,0.0,  ,  
2019-01-06 21:50:00,-9.65666666667,-10.9836230301,1008.8,  ,  ,0.0,0.0,90.0,0.0,  ,  ,0.0,  ,  
2019-01-06 21:55:00,-9.60333333333,-10.7929773721,1008.86562345,  ,  ,0.0,0.0,90.9958333333,0.0,  ,  ,0.0,  ,  
2019-01-06 22:00:00,-9.6,-10.9270340411,1008.9,  ,  ,0.0,0.0,90.0041666667,0.0,  ,  ,0.0,  ,  
2019-01-06 22:05:00,-9.60291666667,-11.0189270513,1008.9,  ,  ,0.0,0.0,89.3666666667,0.0,  ,  ,0.0,  ,  
2019-01-06 22:10:00,-9.63333333333,-10.9605604681,1008.9,  ,  ,0.0,0.0,90.0,0.0,  ,  ,0.0,  ,  
2019-01-06 22:15:00,-9.60375,-10.9313204736,1008.9,  ,  ,0.0,0.0,90.0,0.0,  ,  ,0.0,  ,  
2019-01-06 22:20:00,-9.6,-10.8905447807,1008.9,  ,  ,0.0,0.0,90.2666666667,0.0,  ,  ,0.0,  ,  
2019-01-06 22:25:00,-9.6,-10.9276139985,1008.9,  ,  ,0.0,0.600002983073,90.0,0.0,  ,  ,0.0,  ,  
2019-01-06 22:30:00,-9.6,-10.9276139985,1008.9,  ,  ,0.0,0.80000397743,90.0,0.0,  ,  ,0.0,  ,  
2019-01-06 22:35:00,-9.59,-10.9177300686,1008.9,  ,  ,0.0,0.600002983073,90.0,0.0,  ,  ,0.0,  ,  
2019-01-06 22:40:00,-9.55666666667,-10.8940697473,1008.96562345,  ,  ,0.0,0.600002983073,89.9333333333,0.0,  ,  ,0.0,  ,  
2019-01-06 22:45:00,-9.6,-10.9461852589,1009.0,  ,  ,0.0,0.900004474609,89.8666666667,0.0,  ,  ,0.0,  ,  
2019-01-06 22:50:00,-9.59666666667,-10.9243193547,1009.0,  ,  ,0.0,0.0,90.0,0.0,  ,  ,0.0,  ,  
2019-01-06 22:55:00,-9.6,-10.9508319034,1009.06565606,  ,  ,0.0,0.0,89.8333333333,0.0,  ,  ,0.0,  ,  
2019-01-06 23:00:00,-9.50708333333,-10.7801636767,1009.1,  ,  ,0.0,0.0,90.4,0.0,  ,  ,0.0,  ,  
2019-01-06 23:05:00,-9.5,-10.8287749263,1009.1,  ,  ,0.0,0.0,90.0,0.0,  ,  ,0.0,  ,  
2019-01-06 23:10:00,-9.49333333333,-10.8082603418,1009.03439364,  ,  ,0.0,0.0,90.1,0.0,  ,  ,0.0,  ,  
2019-01-06 23:15:00,-9.49666666667,-10.8254802992,1009.0,  ,  ,0.0,0.0,90.0,0.0,  ,  ,0.0,  ,  
2019-01-06 23:20:00,-9.5,-10.8287749263,1009.0,  ,  ,0.0,0.0,90.0,0.0,  ,  ,0.0,  ,  
2019-01-06 23:25:00,-9.5,-10.8287749263,1009.06561562,  ,  ,0.0,0.0,90.0,0.0,  ,  ,0.0,  ,  
2019-01-06 23:30:00,-9.5,-10.8287749263,1009.1,  ,  ,0.0,0.0,90.0,0.0,  ,  ,0.0,  ,  
2019-01-06 23:35:00,-9.5,-10.8287749263,1009.1,  ,  ,0.0,0.0,90.0,0.0,  ,  ,0.0,  ,  
2019-01-06 23:40:00,-9.5,-10.8287749263,1009.1,  ,  ,0.0,0.0,90.0,0.0,  ,  ,0.0,  ,  
2019-01-06 23:45:00,-9.50958333333,-10.8382469822,1009.1,  ,  ,0.0,0.0,90.0,0.0,  ,  ,0.0,  ,  
2019-01-06 23:50:00,-9.55666666667,-10.884783672,1009.1,  ,  ,0.0,0.0,90.0,0.0,  ,  ,0.0,  ,  
  

    

