Time,TemperatureC,DewpointC,PressurehPa,WindDirection,WindDirectionDegrees,WindSpeedKMH,WindSpeedGustKMH,Humidity,HourlyPrecipMM,Conditions,Clouds,dailyrainMM,SoftwareType,DateUTC
                
2019-04-07 00:00:00,3.34041666667,0.0373597218145,756.662222784,  ,  ,0.0,0.0,78.9291666667,0.0,  ,  ,0.0,  ,  
2019-04-07 00:05:00,3.22719665272,-0.0604397443834,756.662222784,  ,  ,0.0,0.0,79.0,0.0,  ,  ,0.0,  ,  
2019-04-07 00:10:00,3.18333333333,-0.0451976684066,756.653424844,  ,  ,0.0,0.0,79.3333333333,0.0,  ,  ,0.0,  ,  
2019-04-07 00:15:00,3.10041666667,-0.0115114931642,756.512210448,  ,  ,0.0,0.0,79.9958333333,0.0,  ,  ,0.0,  ,  
2019-04-07 00:20:00,2.9975,-0.10033047801,756.512210448,  ,  ,0.0,0.0,80.0625,0.0,  ,  ,0.0,  ,  
2019-04-07 00:25:00,2.85708333333,-0.0100643943235,756.516609418,  ,  ,0.0,0.0,81.3958333333,0.0,  ,  ,0.0,  ,  
2019-04-07 00:30:00,2.72708333333,-0.0352733569629,756.587216616,  ,  ,0.0,0.0,82.0,0.0,  ,  ,0.0,  ,  
2019-04-07 00:35:00,2.60375,-0.1557896357,756.587216616,  ,  ,0.0,0.0,82.0,0.0,  ,  ,0.0,  ,  
2019-04-07 00:40:00,2.53375,-0.224191398831,756.578423046,  ,  ,0.0,0.0,82.0,0.0,  ,  ,0.0,  ,  
2019-04-07 00:45:00,2.43375,-0.205863791619,756.43720428,  ,  ,0.0,0.0,82.6958333333,0.0,  ,  ,0.0,  ,  
2019-04-07 00:50:00,2.4,-0.188434642129,756.43720428,  ,  ,0.0,0.0,83.0,0.0,  ,  ,0.0,  ,  
2019-04-07 00:55:00,2.36708333333,-0.149084882405,756.44160325,  ,  ,0.0,0.0,83.4333333333,0.0,  ,  ,0.0,  ,  
2019-04-07 01:00:00,2.3,-0.225751382606,756.512210448,  ,  ,0.0,0.0,83.3666666667,0.0,  ,  ,0.0,  ,  
2019-04-07 01:05:00,2.3,-0.286290573274,756.512210448,  ,  ,0.0,0.0,83.0,0.0,  ,  ,0.0,  ,  
2019-04-07 01:10:00,2.3,-0.286290573274,756.507776402,  ,  ,0.0,0.0,83.0,0.0,  ,  ,0.0,  ,  
2019-04-07 01:15:00,2.3,-0.286290573274,756.43720428,  ,  ,0.0,0.0,83.0,0.0,  ,  ,0.0,  ,  
2019-04-07 01:20:00,2.37625,-0.0852819246585,756.43720428,  ,  ,0.0,0.0,83.7666666667,0.0,  ,  ,0.0,  ,  
2019-04-07 01:25:00,2.54583333333,0.156700900984,756.43280531,  ,  ,0.0,0.0,84.2291666667,0.0,  ,  ,0.0,  ,  
2019-04-07 01:30:00,2.68625,0.186119694204,756.362198112,  ,  ,0.0,0.0,83.5708333333,0.0,  ,  ,0.0,  ,  
2019-04-07 01:35:00,2.78625,0.321150999703,756.362198112,  ,  ,0.0,0.0,83.7958333333,0.0,  ,  ,0.0,  ,  
2019-04-07 01:40:00,2.8,0.325009145666,756.353409207,  ,  ,0.0,0.0,83.7375,0.0,  ,  ,0.0,  ,  
2019-04-07 01:45:00,2.8,0.345597768629,756.212185776,  ,  ,0.0,0.0,83.8625,0.0,  ,  ,0.0,  ,  
2019-04-07 01:50:00,2.8,0.368213943471,756.212185776,  ,  ,0.0,0.0,84.0,0.0,  ,  ,0.0,  ,  
2019-04-07 01:55:00,2.8,0.363419309225,756.207793523,  ,  ,0.0,0.600002983073,83.9708333333,0.0,  ,  ,0.0,  ,  
2019-04-07 02:00:00,2.8,0.202980295017,756.137179608,  ,  ,0.0,0.0,83.0,0.0,  ,  ,0.0,  ,  
2019-04-07 02:05:00,2.79333333333,0.268269034164,756.137179608,  ,  ,0.0,1.80000894922,83.4333333333,0.0,  ,  ,0.0,  ,  
2019-04-07 02:10:00,2.8,0.285815796237,756.132780638,  ,  ,0.0,0.900004474609,83.5,0.0,  ,  ,0.0,  ,  
2019-04-07 02:15:00,2.8,0.202980295017,756.06217344,  ,  ,0.0,0.600002983073,83.0,0.0,  ,  ,0.0,  ,  
2019-04-07 02:20:00,2.83625,0.238451578887,756.06217344,  ,  ,0.0,0.0,83.0,0.0,  ,  ,0.0,  ,  
2019-04-07 02:25:00,2.9,0.300831832503,756.053450059,  ,  ,0.0,1.80000894922,83.0,0.0,  ,  ,0.0,  ,  
2019-04-07 02:30:00,2.84041666667,0.26466860128,755.912161104,  ,  ,0.47250234917,2.40001193229,83.1333333333,0.0,  ,  ,0.0,  ,  
2019-04-07 02:35:00,2.8,0.202980295017,755.912161104,  ,  ,0.600002983073,2.10001044075,83.0,0.0,  ,  ,0.0,  ,  
2019-04-07 02:40:00,2.8,0.202980295017,755.90780158,  ,  ,0.757503766129,1.4000069605,83.0,0.0,  ,  ,0.0,  ,  
2019-04-07 02:45:00,2.73708333333,0.141414919003,755.837154936,  ,  ,0.80000397743,1.4000069605,83.0,0.0,  ,  ,0.0,  ,  
2019-04-07 02:50:00,2.7,0.105127878822,755.837154936,  ,  ,0.170000845204,1.9000094464,83.0,0.0,  ,  ,0.0,  ,  
2019-04-07 02:55:00,2.65708333333,0.0631326140577,755.832793245,  ,  ,0.0,1.60000795486,83.0,0.0,  ,  ,0.0,  ,  
2019-04-07 03:00:00,2.6,0.0562580038178,755.762148768,  ,  ,0.47250234917,1.30000646332,83.2958333333,0.0,  ,  ,0.0,  ,  
2019-04-07 03:05:00,2.6,0.172236398196,755.762148768,  ,  ,0.600002983073,1.60000795486,84.0,0.0,  ,  ,0.0,  ,  
2019-04-07 03:10:00,2.57375,0.146514100701,755.762148768,  ,  ,0.127500633903,0.900004474609,84.0,0.0,  ,  ,0.0,  ,  
2019-04-07 03:15:00,2.48041666667,0.0550565831209,755.762148768,  ,  ,0.0,0.900004474609,84.0,0.0,  ,  ,0.0,  ,  
2019-04-07 03:20:00,2.37041666667,-0.0527335555092,755.762148768,  ,  ,0.0,0.900004474609,84.0,0.0,  ,  ,0.0,  ,  
2019-04-07 03:25:00,2.28708333333,-0.0643103106769,755.766510459,  ,  ,0.0,0.80000397743,84.4291666667,0.0,  ,  ,0.0,  ,  
2019-04-07 03:30:00,2.2,-0.0408551864474,755.837154936,  ,  ,0.0,0.80000397743,85.1,0.0,  ,  ,0.0,  ,  
2019-04-07 03:35:00,2.2,-0.0570316547556,755.837154936,  ,  ,0.0,0.900004474609,85.0,0.0,  ,  ,0.0,  ,  
2019-04-07 03:40:00,2.2,-0.0516376297833,755.832793245,  ,  ,0.0,0.0,85.0333333333,0.0,  ,  ,0.0,  ,  
2019-04-07 03:45:00,2.2,-0.0570316547556,755.762148768,  ,  ,0.0,0.0,85.0,0.0,  ,  ,0.0,  ,  
2019-04-07 03:50:00,2.16041666667,-0.0958737347775,755.762148768,  ,  ,0.0,0.0,85.0,0.0,  ,  ,0.0,  ,  
2019-04-07 03:55:00,2.1,-0.037686770464,755.75342972,  ,  ,0.0,0.0,85.7291666667,0.0,  ,  ,0.0,  ,  
2019-04-07 04:00:00,2.1,0.00572093633596,755.612136432,  ,  ,0.0,0.0,86.0,0.0,  ,  ,0.0,  ,  
2019-04-07 04:05:00,2.08708333333,-0.00697110761104,755.612136432,  ,  ,0.0,0.0,86.0,0.0,  ,  ,0.0,  ,  
2019-04-07 04:10:00,1.99375,-0.09868171553,755.607774741,  ,  ,0.0,0.0,86.0,0.0,  ,  ,0.0,  ,  
2019-04-07 04:15:00,1.97958333333,-0.102612087405,755.537130264,  ,  ,0.0,0.0,86.0625,0.0,  ,  ,0.0,  ,  
2019-04-07 04:20:00,2.0,-0.0439742117315,755.537130264,  ,  ,0.0,0.0,86.3041666667,0.0,  ,  ,0.0,  ,  
2019-04-07 04:25:00,2.01,-0.0673949023606,755.532773371,  ,  ,0.0,0.0,86.0958333333,0.0,  ,  ,0.0,  ,  
2019-04-07 04:30:00,2.05333333333,0.0932836676674,755.462124096,  ,  ,0.0,0.0,86.8375,0.0,  ,  ,0.0,  ,  
2019-04-07 04:35:00,2.02,-0.0249782366735,755.462124096,  ,  ,0.0,0.0,86.3,0.0,  ,  ,0.0,  ,  
2019-04-07 04:40:00,2.0,-0.0287039013468,755.470833521,  ,  ,0.0,0.0,86.4,0.0,  ,  ,0.0,  ,  
2019-04-07 04:45:00,1.91041666667,-0.0539094127159,755.612136432,  ,  ,0.0,0.0,86.7958333333,0.0,  ,  ,0.0,  ,  
2019-04-07 04:50:00,1.84708333333,-0.0838979897956,755.612136432,  ,  ,0.0,0.0,87.0,0.0,  ,  ,0.0,  ,  
2019-04-07 04:55:00,1.8,-0.1302253815,755.603413051,  ,  ,0.0,0.0,87.0,0.0,  ,  ,0.0,  ,  
2019-04-07 05:00:00,1.8,-0.1302253815,755.462124096,  ,  ,0.0,0.0,87.0,0.0,  ,  ,0.0,  ,  
2019-04-07 05:05:00,1.8,-0.1302253815,755.462124096,  ,  ,0.0,0.0,87.0,0.0,  ,  ,0.0,  ,  
2019-04-07 05:10:00,1.74375,-0.102210738727,755.466520881,  ,  ,0.0,0.0,87.5291666667,0.0,  ,  ,0.0,  ,  
2019-04-07 05:15:00,1.7,-0.0715171670216,755.537130264,  ,  ,0.0,0.0,88.0,0.0,  ,  ,0.0,  ,  
2019-04-07 05:20:00,1.7,-0.0715171670216,755.537130264,  ,  ,0.0,0.0,88.0,0.0,  ,  ,0.0,  ,  
2019-04-07 05:25:00,1.7,-0.0715171670216,755.532768573,  ,  ,0.0,0.600002983073,88.0,0.0,  ,  ,0.0,  ,  
2019-04-07 05:30:00,1.7,0.0420450879332,755.462124096,  ,  ,0.0,0.0,88.7291666667,0.0,  ,  ,0.0,  ,  
2019-04-07 05:35:00,1.7,-0.0292401121806,755.462124096,  ,  ,0.0,0.0,88.2708333333,0.0,  ,  ,0.0,  ,  
2019-04-07 05:40:00,1.7,-0.0715171670216,755.462124096,  ,  ,0.0,0.0,88.0,0.0,  ,  ,0.0,  ,  
2019-04-07 05:45:00,1.7,-0.00457739224777,755.462124096,  ,  ,0.0,0.0,88.4291666667,0.0,  ,  ,0.0,  ,  
2019-04-07 05:50:00,1.7,-0.0656565646079,755.462124096,  ,  ,0.0,0.0,88.0375,0.0,  ,  ,0.0,  ,  
2019-04-07 05:55:00,1.7,0.0627214662032,755.462124096,  ,  ,0.0,0.0,88.8625,0.0,  ,  ,0.0,  ,  
2019-04-07 06:00:00,1.7,0.0840152719627,755.462124096,  ,  ,0.0,0.0,89.0,0.0,  ,  ,0.0,  ,  
2019-04-07 06:05:00,1.7,0.0840152719627,755.462124096,  ,  ,0.0,0.0,89.0,0.0,  ,  ,0.0,  ,  
2019-04-07 06:10:00,1.69333333333,0.0774383022308,755.466485787,  ,  ,0.0,0.0,89.0,0.0,  ,  ,0.0,  ,  
2019-04-07 06:15:00,1.65666666667,0.0412649245079,755.537130264,  ,  ,0.0,0.0,89.0,0.0,  ,  ,0.0,  ,  
2019-04-07 06:20:00,1.66708333333,0.0515414598763,755.537130264,  ,  ,0.0,0.0,89.0,0.0,  ,  ,0.0,  ,  
2019-04-07 06:25:00,1.66333333333,0.0478419078391,755.532768573,  ,  ,0.0,0.0,89.0,0.0,  ,  ,0.0,  ,  
2019-04-07 06:30:00,1.67291666667,0.0572963170457,755.462124096,  ,  ,0.0,0.0,89.0,0.0,  ,  ,0.0,  ,  
2019-04-07 06:35:00,1.68333333333,0.0675728429969,755.462124096,  ,  ,0.0,0.0,89.0,0.0,  ,  ,0.0,  ,  
2019-04-07 06:40:00,1.7,0.104636051197,755.462124096,  ,  ,0.0,0.0,89.1333333333,0.0,  ,  ,0.0,  ,  
2019-04-07 06:45:00,1.77958333333,0.162527657201,755.462124096,  ,  ,0.0,1.60000795486,89.0,0.0,  ,  ,0.0,  ,  
2019-04-07 06:50:00,1.86958333333,0.251316108105,755.462124096,  ,  ,0.0,0.900004474609,89.0,0.0,  ,  ,0.0,  ,  
2019-04-07 06:55:00,1.9,0.245758403672,755.462124096,  ,  ,0.0,1.4000069605,88.7708333333,0.0,  ,  ,0.0,  ,  
2019-04-07 07:00:00,1.94625,0.171100058399,755.462124096,  ,  ,0.0,0.600002983073,88.0,0.0,  ,  ,0.0,  ,  
2019-04-07 07:05:00,2.00333333333,0.227340749163,755.462124096,  ,  ,0.0,0.80000397743,88.0,0.0,  ,  ,0.0,  ,  
2019-04-07 07:10:00,2.08625,0.309033077855,755.457731843,  ,  ,0.0,1.4000069605,88.0,0.0,  ,  ,0.0,  ,  
2019-04-07 07:15:00,2.1,0.322580006458,755.387117928,  ,  ,0.0,1.60000795486,88.0,0.0,  ,  ,0.0,  ,  
2019-04-07 07:20:00,2.1129707113,0.335359144984,755.387117928,  ,  ,0.0,1.4000069605,88.0,0.0,  ,  ,0.0,  ,  
2019-04-07 07:25:00,2.19666666667,0.417818694621,755.387117928,  ,  ,0.0,1.10000546897,88.0,0.0,  ,  ,0.0,  ,  
2019-04-07 07:30:00,2.20666666667,0.484469085787,755.387117928,  ,  ,0.0,1.30000646332,88.3625,0.0,  ,  ,0.0,  ,  
2019-04-07 07:35:00,2.28958333333,0.572719159253,755.387117928,  ,  ,0.0,1.60000795486,88.4041666667,0.0,  ,  ,0.0,  ,  
2019-04-07 07:40:00,2.37625,0.594747677827,755.387117928,  ,  ,0.0,1.80000894922,88.0,0.0,  ,  ,0.0,  ,  
2019-04-07 07:45:00,2.43,0.637871013852,755.387117928,  ,  ,0.0,2.30001143511,87.9375,0.0,  ,  ,0.0,  ,  
2019-04-07 07:50:00,2.5525,0.610175356392,755.387117928,  ,  ,0.47250234917,2.10001044075,87.0,0.0,  ,  ,0.0,  ,  
2019-04-07 07:55:00,2.6,0.656910357453,755.382758404,  ,  ,0.600002983073,2.40001193229,87.0,0.0,  ,  ,0.0,  ,  
2019-04-07 08:00:00,2.67291666667,0.728652392944,755.31211176,  ,  ,0.600002983073,2.40001193229,87.0,0.0,  ,  ,0.0,  ,  
2019-04-07 08:05:00,2.73333333333,0.788095527077,755.31211176,  ,  ,0.600002983073,2.30001143511,87.0,0.0,  ,  ,0.0,  ,  
2019-04-07 08:10:00,2.80291666667,0.856557320007,755.31211176,  ,  ,0.757503766129,2.30001143511,87.0,0.0,  ,  ,0.0,  ,  
2019-04-07 08:15:00,2.89625,0.794141311576,755.31211176,  ,  ,0.80000397743,1.60000795486,86.0375,0.0,  ,  ,0.0,  ,  
2019-04-07 08:20:00,2.97583333333,0.866295545008,755.31211176,  ,  ,0.80000397743,1.9000094464,86.0,0.0,  ,  ,0.0,  ,  
2019-04-07 08:25:00,3.10333333333,0.991569668713,755.307714975,  ,  ,0.80000397743,2.10001044075,86.0,0.0,  ,  ,0.0,  ,  
2019-04-07 08:30:00,3.23916666667,1.12503036372,755.237105592,  ,  ,0.170000845204,2.10001044075,86.0,0.0,  ,  ,0.0,  ,  
2019-04-07 08:35:00,3.39583333333,1.14424929721,755.237105592,  ,  ,0.0,1.60000795486,85.1708333333,0.0,  ,  ,0.0,  ,  
2019-04-07 08:40:00,3.5525,1.18322508948,755.237105592,  ,  ,0.47250234917,1.4000069605,84.4708333333,0.0,  ,  ,0.0,  ,  
2019-04-07 08:45:00,3.70291666667,1.25292987838,755.237105592,  ,  ,0.600002983073,2.40001193229,84.0,0.0,  ,  ,0.0,  ,  
2019-04-07 08:50:00,3.81666666667,1.24306365112,755.237105592,  ,  ,0.600002983073,1.9000094464,83.2708333333,0.0,  ,  ,0.0,  ,  
2019-04-07 08:55:00,3.88958333333,1.25303673701,755.237105592,  ,  ,0.600002983073,0.600002983073,82.9041666667,0.0,  ,  ,0.0,  ,  
2019-04-07 09:00:00,3.89041666667,1.23566573083,755.237105592,  ,  ,0.127500633903,0.600002983073,82.7958333333,0.0,  ,  ,0.0,  ,  
2019-04-07 09:05:00,3.84041666667,1.2210010143,755.237105592,  ,  ,0.0,0.0,83.0,0.0,  ,  ,0.0,  ,  
2019-04-07 09:10:00,3.45875,0.941225811841,755.237105592,  ,  ,0.0,1.30000646332,83.5625,0.0,  ,  ,0.0,  ,  
2019-04-07 09:15:00,3.01458333333,0.751772606269,755.237105592,  ,  ,0.0,1.4000069605,85.0583333333,0.0,  ,  ,0.0,  ,  
2019-04-07 09:20:00,2.8075,0.700899168371,755.237105592,  ,  ,0.0,0.80000397743,86.0,0.0,  ,  ,0.0,  ,  
2019-04-07 09:25:00,2.76625,0.660368558797,755.232743901,  ,  ,0.0,0.0,86.0,0.0,  ,  ,0.0,  ,  
2019-04-07 09:30:00,2.77041666667,0.664462565293,755.162099424,  ,  ,0.0,0.0,86.0,0.0,  ,  ,0.0,  ,  
2019-04-07 09:35:00,2.79291666667,0.686570178902,755.162099424,  ,  ,0.0,0.0,86.0,0.0,  ,  ,0.0,  ,  
2019-04-07 09:40:00,2.86958333333,0.761899553219,755.162099424,  ,  ,0.0,0.0,86.0,0.0,  ,  ,0.0,  ,  
2019-04-07 09:45:00,2.95625,0.847053991567,755.162099424,  ,  ,0.0,0.0,86.0,0.0,  ,  ,0.0,  ,  
2019-04-07 09:50:00,3.04625,0.935483031671,755.162099424,  ,  ,0.0,0.0,86.0,0.0,  ,  ,0.0,  ,  
2019-04-07 09:55:00,3.1625,1.0497030172,755.153380376,  ,  ,0.0,0.0,86.0,0.0,  ,  ,0.0,  ,  
2019-04-07 10:00:00,3.41875,1.26435171951,755.012087088,  ,  ,0.0,0.80000397743,85.7708333333,0.0,  ,  ,0.0,  ,  
2019-04-07 10:05:00,3.815,1.48999089293,755.012087088,  ,  ,0.0,1.9000094464,84.7708333333,0.0,  ,  ,0.0,  ,  
2019-04-07 10:10:00,4.23833333333,1.57807822971,755.007725397,  ,  ,0.0,1.9000094464,82.8083333333,0.0,  ,  ,0.0,  ,  
2019-04-07 10:15:00,4.58208333333,1.49209894313,754.93708092,  ,  ,0.0,2.80001392101,80.3416666667,0.0,  ,  ,0.0,  ,  
2019-04-07 10:20:00,4.83875,1.36772561422,754.93708092,  ,  ,0.708753523755,2.30001143511,78.2125,0.0,  ,  ,0.0,  ,  
2019-04-07 10:25:00,5.09916666667,1.48712727503,754.932684135,  ,  ,0.900004474609,2.10001044075,77.4666666667,0.0,  ,  ,0.0,  ,  
2019-04-07 10:30:00,5.30583333333,1.39210516504,754.862074752,  ,  ,0.821254083081,1.80000894922,75.8416666667,0.0,  ,  ,0.0,  ,  
2019-04-07 10:35:00,5.42625,1.31605265743,754.862074752,  ,  ,0.80000397743,0.900004474609,74.8,0.0,  ,  ,0.0,  ,  
2019-04-07 10:40:00,5.62583333333,1.34817424909,754.862074752,  ,  ,0.170000845204,0.80000397743,73.9416666667,0.0,  ,  ,0.0,  ,  
2019-04-07 10:45:00,5.73666666667,1.18831129255,754.862074752,  ,  ,0.0,0.0,72.5375,0.0,  ,  ,0.0,  ,  
2019-04-07 10:50:00,5.74333333333,1.02128512666,754.862074752,  ,  ,0.0,0.0,71.6375,0.0,  ,  ,0.0,  ,  
2019-04-07 10:55:00,5.73,0.929143616584,754.853351371,  ,  ,0.0,0.600002983073,71.2291666667,0.0,  ,  ,0.0,  ,  
2019-04-07 11:00:00,5.55458333333,1.05596477595,754.712062416,  ,  ,0.0,0.600002983073,72.7625,0.0,  ,  ,0.0,  ,  
2019-04-07 11:05:00,5.2775,0.840516388893,754.712062416,  ,  ,0.0,0.0,73.0333333333,0.0,  ,  ,0.0,  ,  
2019-04-07 11:10:00,5.17375,0.771305503661,754.707702892,  ,  ,0.0,0.0,73.1958333333,0.0,  ,  ,0.0,  ,  
2019-04-07 11:15:00,5.2425,0.895865318239,754.637056248,  ,  ,0.0,0.0,73.5041666667,0.0,  ,  ,0.0,  ,  
2019-04-07 11:20:00,5.40583333333,0.976865292283,754.637056248,  ,  ,0.0,0.0,73.1,0.0,  ,  ,0.0,  ,  
2019-04-07 11:25:00,5.62875,1.09077014386,754.628332867,  ,  ,0.0,1.60000795486,72.5708333333,0.0,  ,  ,0.0,  ,  
2019-04-07 11:30:00,5.96208333333,1.2324364559,754.487043912,  ,  ,0.0,1.9000094464,71.6416666667,0.0,  ,  ,0.0,  ,  
2019-04-07 11:35:00,6.23541666667,1.05967174132,754.487043912,  ,  ,0.0,1.30000646332,69.4333333333,0.0,  ,  ,0.0,  ,  
2019-04-07 11:40:00,6.44625,0.789680355384,754.487043912,  ,  ,0.47250234917,1.80000894922,67.1125,0.0,  ,  ,0.0,  ,  
2019-04-07 11:45:00,6.69541666667,0.600184561792,754.487043912,  ,  ,0.600002983073,0.900004474609,65.075,0.0,  ,  ,0.0,  ,  
2019-04-07 11:50:00,6.8,0.577695423804,754.487043912,  ,  ,0.127500633903,1.60000795486,64.5041666667,0.0,  ,  ,0.0,  ,  
2019-04-07 11:55:00,6.78075313808,0.376713456067,754.482680052,  ,  ,0.0,1.60000795486,63.6569037657,0.0,  ,  ,0.0,  ,  
2019-04-07 12:00:00,6.62708333333,0.419708896034,754.412037744,  ,  ,0.47250234917,2.40001193229,64.5333333333,0.0,  ,  ,0.0,  ,  
2019-04-07 12:05:00,6.59666666667,0.313055851713,754.412037744,  ,  ,0.600002983073,1.80000894922,64.1708333333,0.0,  ,  ,0.0,  ,  
2019-04-07 12:10:00,6.69625,0.241699559391,754.407676053,  ,  ,0.600002983073,0.600002983073,63.4041666667,0.0,  ,  ,0.0,  ,  
2019-04-07 12:15:00,6.77291666667,0.189628008492,754.337031576,  ,  ,0.600002983073,2.40001193229,62.8333333333,0.0,  ,  ,0.0,  ,  
2019-04-07 12:20:00,6.82625,0.204418638214,754.337031576,  ,  ,0.600002983073,2.10001044075,62.6708333333,0.0,  ,  ,0.0,  ,  
2019-04-07 12:25:00,6.83666666667,0.204191438009,754.332639323,  ,  ,0.600002983073,1.60000795486,62.625,0.0,  ,  ,0.0,  ,  
2019-04-07 12:30:00,7.08541666667,0.509323629748,754.262025408,  ,  ,0.127500633903,2.10001044075,62.9416666667,0.0,  ,  ,0.0,  ,  
2019-04-07 12:35:00,7.04791666667,0.265690728634,754.262025408,  ,  ,0.0,2.40001193229,62.0,0.0,  ,  ,0.0,  ,  
2019-04-07 12:40:00,6.79708333333,0.160305447248,754.262025408,  ,  ,0.708753523755,1.80000894922,62.5958333333,0.0,  ,  ,0.0,  ,  
2019-04-07 12:45:00,6.69708333333,0.1607043678,754.262025408,  ,  ,0.900004474609,1.30000646332,63.0291666667,0.0,  ,  ,0.0,  ,  
2019-04-07 12:50:00,6.7,0.473790054027,754.262025408,  ,  ,0.663753300024,1.60000795486,64.4625,0.0,  ,  ,0.0,  ,  
2019-04-07 12:55:00,6.70333333333,0.591758971264,754.257633155,  ,  ,0.600002983073,1.10000546897,65.0,0.0,  ,  ,0.0,  ,  
2019-04-07 13:00:00,6.78291666667,0.661199309423,754.18701924,  ,  ,0.127500633903,1.10000546897,64.9708333333,0.0,  ,  ,0.0,  ,  
2019-04-07 13:05:00,6.79,0.666156941731,754.18701924,  ,  ,0.0,1.4000069605,64.9625,0.0,  ,  ,0.0,  ,  
2019-04-07 13:10:00,6.71041666667,0.661324765696,754.182659716,  ,  ,0.0,1.4000069605,65.2958333333,0.0,  ,  ,0.0,  ,  
2019-04-07 13:15:00,6.7,0.792957433763,754.112013072,  ,  ,0.0,0.600002983073,65.9666666667,0.0,  ,  ,0.0,  ,  
2019-04-07 13:20:00,6.66708333333,0.558185527142,754.112013072,  ,  ,0.0,1.30000646332,65.0041666667,0.0,  ,  ,0.0,  ,  
2019-04-07 13:25:00,6.64958333333,0.596401358531,754.107651381,  ,  ,0.0,0.0,65.2625,0.0,  ,  ,0.0,  ,  
2019-04-07 13:30:00,6.71333333333,0.503416049003,754.037006904,  ,  ,0.0,0.0,64.5416666667,0.0,  ,  ,0.0,  ,  
2019-04-07 13:35:00,6.77958333333,0.313431396969,754.037006904,  ,  ,0.0,0.0,63.3708333333,0.0,  ,  ,0.0,  ,  
2019-04-07 13:40:00,6.83958333333,0.390257917253,754.032645213,  ,  ,0.0,0.0,63.4625,0.0,  ,  ,0.0,  ,  
2019-04-07 13:45:00,6.91625,0.637048293784,753.962000736,  ,  ,0.0,0.0,64.2666666667,0.0,  ,  ,0.0,  ,  
2019-04-07 13:50:00,7.17833333333,0.655811352628,753.962000736,  ,  ,0.0,1.60000795486,63.2083333333,0.0,  ,  ,0.0,  ,  
2019-04-07 13:55:00,7.51875,0.710767301599,753.957641212,  ,  ,0.0,1.60000795486,62.0,0.0,  ,  ,0.0,  ,  
2019-04-07 14:00:00,7.72291666667,0.888830782005,753.886994568,  ,  ,0.0,0.80000397743,61.9333333333,0.0,  ,  ,0.0,  ,  
2019-04-07 14:05:00,8.06125,1.14201628051,753.886994568,  ,  ,0.0,1.80000894922,61.6375,0.0,  ,  ,0.0,  ,  
2019-04-07 14:10:00,8.6175,1.277622307,753.882632877,  ,  ,0.0,3.10001541254,59.9375,0.0,  ,  ,0.0,  ,  
2019-04-07 14:15:00,9.10541666667,1.34466873286,753.8119884,  ,  ,0.0,2.40001193229,58.275,0.0,  ,  ,0.0,  ,  
2019-04-07 14:20:00,9.28958333333,1.2419386357,753.8119884,  ,  ,0.630003132226,0.900004474609,57.1333333333,0.0,  ,  ,0.0,  ,  
2019-04-07 14:25:00,9.095,1.24407285144,753.8119884,  ,  ,0.80000397743,2.60001292665,57.8958333333,0.0,  ,  ,0.0,  ,  
2019-04-07 14:30:00,8.93958333333,1.32271583539,753.8119884,  ,  ,0.642503194374,1.9000094464,58.8375,0.0,  ,  ,0.0,  ,  
2019-04-07 14:35:00,8.95041666667,1.1644297049,753.8119884,  ,  ,0.600002983073,1.80000894922,58.1291666667,0.0,  ,  ,0.0,  ,  
2019-04-07 14:40:00,8.71125,1.17697806312,753.807628876,  ,  ,0.600002983073,1.80000894922,59.1291666667,0.0,  ,  ,0.0,  ,  
2019-04-07 14:45:00,8.4675,1.16537892539,753.736982232,  ,  ,0.600002983073,2.60001292665,60.0625,0.0,  ,  ,0.0,  ,  
2019-04-07 14:50:00,8.57541666667,1.45309846637,753.736982232,  ,  ,0.600002983073,4.30002137869,60.8708333333,0.0,  ,  ,0.0,  ,  
2019-04-07 14:55:00,8.8325,1.54862741843,753.732657821,  ,  ,0.600002983073,2.90001441819,60.2333333333,0.0,  ,  ,0.0,  ,  
2019-04-07 15:00:00,9.0425,1.51378168933,753.661976064,  ,  ,0.836254157658,4.60002287023,59.2375,0.0,  ,  ,0.0,  ,  
2019-04-07 15:05:00,8.94458333333,1.34218910593,753.661976064,  ,  ,0.900004474609,2.90001441819,58.9,0.0,  ,  ,0.0,  ,  
2019-04-07 15:10:00,8.81958333333,1.3891790672,753.65334172,  ,  ,1.05750525767,2.40001193229,59.6,0.0,  ,  ,0.0,  ,  
2019-04-07 15:15:00,8.9825,1.39454008409,753.511963728,  ,  ,1.10000546897,1.80000894922,58.9708333333,0.0,  ,  ,0.0,  ,  
2019-04-07 15:20:00,9.18291666667,1.31245480978,753.511963728,  ,  ,0.233751162155,1.4000069605,57.8375,0.0,  ,  ,0.0,  ,  
2019-04-07 15:25:00,9.13333333333,1.07136989304,753.507644394,  ,  ,0.0,1.10000546897,57.0333333333,0.0,  ,  ,0.0,  ,  
2019-04-07 15:30:00,9.19,1.19630028833,753.43695756,  ,  ,0.0,0.0,57.3291666667,0.0,  ,  ,0.0,  ,  
2019-04-07 15:35:00,9.17708333333,1.28993595595,753.43695756,  ,  ,0.0,1.10000546897,57.7666666667,0.0,  ,  ,0.0,  ,  
2019-04-07 15:40:00,9.0775,1.19761544853,753.432633149,  ,  ,0.0,0.0,57.7708333333,0.0,  ,  ,0.0,  ,  
2019-04-07 15:45:00,8.63583333333,0.844516956524,753.361951392,  ,  ,0.0,0.900004474609,58.025,0.0,  ,  ,0.0,  ,  
2019-04-07 15:50:00,8.02833333333,0.667072468474,753.361951392,  ,  ,0.0,0.600002983073,59.6958333333,0.0,  ,  ,0.0,  ,  
2019-04-07 15:55:00,7.83708333333,0.526604959544,753.357629129,  ,  ,0.0,1.4000069605,59.8666666667,0.0,  ,  ,0.0,  ,  
2019-04-07 16:00:00,7.76375,0.708460357428,753.286945224,  ,  ,0.0,0.600002983073,60.9625,0.0,  ,  ,0.0,  ,  
2019-04-07 16:05:00,7.70333333333,0.659977137095,753.286945224,  ,  ,0.0,0.900004474609,61.0,0.0,  ,  ,0.0,  ,  
2019-04-07 16:10:00,7.93416666667,0.64300851603,753.282620813,  ,  ,0.0,4.60002287023,59.975,0.0,  ,  ,0.0,  ,  
2019-04-07 16:15:00,8.65708333333,0.978516689118,753.211939056,  ,  ,0.0,5.00002485894,58.5041666667,0.0,  ,  ,0.0,  ,  
2019-04-07 16:20:00,9.24166666667,1.27093526789,753.211939056,  ,  ,1.65375822209,3.90001938997,57.4375,0.0,  ,  ,0.0,  ,  
2019-04-07 16:25:00,9.44958333333,1.31022364137,753.207579532,  ,  ,2.10001044075,2.10001044075,56.8,0.0,  ,  ,0.0,  ,  
2019-04-07 16:30:00,9.49041666667,1.35759922494,753.136932888,  ,  ,1.15500574242,2.90001441819,56.8375,0.0,  ,  ,0.0,  ,  
2019-04-07 16:35:00,9.33708333333,1.08933382067,753.136932888,  ,  ,0.900004474609,1.80000894922,56.3291666667,0.0,  ,  ,0.0,  ,  
2019-04-07 16:40:00,9.20041666667,1.12601882044,753.132610625,  ,  ,0.821254083081,2.60001292665,57.0,0.0,  ,  ,0.0,  ,  
2019-04-07 16:45:00,9.25625,1.06404024336,753.06192672,  ,  ,0.80000397743,0.80000397743,56.5333333333,0.0,  ,  ,0.0,  ,  
2019-04-07 16:50:00,9.33625,1.10703844212,753.06192672,  ,  ,0.642503194374,0.900004474609,56.4041666667,0.0,  ,  ,0.0,  ,  
2019-04-07 16:55:00,9.50583333333,1.31270714532,753.057602309,  ,  ,0.600002983073,2.80001392101,56.5958333333,0.0,  ,  ,0.0,  ,  
2019-04-07 17:00:00,9.70583333333,1.37811366913,752.986920552,  ,  ,0.600002983073,4.30002137869,56.1041666667,0.0,  ,  ,0.0,  ,  
2019-04-07 17:05:00,9.96541666667,1.44546342805,752.986920552,  ,  ,0.600002983073,4.60002287023,55.4041666667,0.0,  ,  ,0.0,  ,  
2019-04-07 17:10:00,10.09,1.45956278164,752.986920552,  ,  ,1.54500768141,3.60001789844,55.0,0.0,  ,  ,0.0,  ,  
2019-04-07 17:15:00,10.0241666667,1.36443833555,752.986920552,  ,  ,1.80000894922,5.50002734483,54.8666666667,0.0,  ,  ,0.0,  ,  
2019-04-07 17:20:00,9.83375,1.18709705827,752.986920552,  ,  ,2.0362601238,4.80002386458,54.8666666667,0.0,  ,  ,0.0,  ,  
2019-04-07 17:25:00,9.75041666667,1.14320753054,752.982596141,  ,  ,2.10001044075,4.50002237305,55.0,0.0,  ,  ,0.0,  ,  
2019-04-07 17:30:00,9.68041666667,1.19539745745,752.911914384,  ,  ,2.25751122381,3.90001938997,55.4666666667,0.0,  ,  ,0.0,  ,  
2019-04-07 17:35:00,9.60333333333,1.13081493969,752.911914384,  ,  ,2.30001143511,3.60001789844,55.4958333333,0.0,  ,  ,0.0,  ,  
2019-04-07 17:40:00,9.5175,1.01004904047,752.916233718,  ,  ,1.59125791136,3.40001690408,55.3333333333,0.0,  ,  ,0.0,  ,  
2019-04-07 17:45:00,9.33083333333,1.00211869408,752.986920552,  ,  ,1.4000069605,3.80001889279,56.0,0.0,  ,  ,0.0,  ,  
2019-04-07 17:50:00,9.1075,0.923970288181,752.986920552,  ,  ,1.55750774356,4.10002038433,56.5291666667,0.0,  ,  ,0.0,  ,  
2019-04-07 17:55:00,8.86416666667,0.842759679493,752.98260338,  ,  ,1.60000795486,2.30001143511,57.1291666667,0.0,  ,  ,0.0,  ,  
2019-04-07 18:00:00,8.68083333333,0.880739575271,752.911914384,  ,  ,1.20625599722,3.10001541254,58.0,0.0,  ,  ,0.0,  ,  
2019-04-07 18:05:00,8.57333333333,0.795853367979,752.911914384,  ,  ,1.10000546897,2.40001193229,58.0666666667,0.0,  ,  ,0.0,  ,  
2019-04-07 18:10:00,8.57333333333,0.803805468317,752.911914384,  ,  ,0.94250468591,2.60001292665,58.1,0.0,  ,  ,0.0,  ,  
2019-04-07 18:15:00,8.6,0.804942592079,752.911914384,  ,  ,0.900004474609,3.3000164069,58.0,0.0,  ,  ,0.0,  ,  
2019-04-07 18:20:00,8.6,0.725100931232,752.911914384,  ,  ,0.821254083081,3.10001541254,57.6666666667,0.0,  ,  ,0.0,  ,  
2019-04-07 18:25:00,8.6,0.789006761991,752.911914384,  ,  ,0.80000397743,3.3000164069,57.9333333333,0.0,  ,  ,0.0,  ,  
2019-04-07 18:30:00,8.53041666667,0.739693412437,752.911914384,  ,  ,1.03625515202,2.10001044075,58.0,0.0,  ,  ,0.0,  ,  
2019-04-07 18:35:00,8.41708333333,0.63341680155,752.911914384,  ,  ,1.10000546897,1.60000795486,58.0,0.0,  ,  ,0.0,  ,  
2019-04-07 18:40:00,8.33041666667,0.552144363389,752.911914384,  ,  ,0.706253511325,1.60000795486,58.0,0.0,  ,  ,0.0,  ,  
2019-04-07 18:45:00,8.24375,0.541193191792,752.911914384,  ,  ,0.600002983073,0.600002983073,58.2958333333,0.0,  ,  ,0.0,  ,  
2019-04-07 18:50:00,8.18375,0.581395725027,752.911914384,  ,  ,0.127500633903,0.900004474609,58.7041666667,0.0,  ,  ,0.0,  ,  
2019-04-07 18:55:00,8.01416666667,0.47498486825,752.911914384,  ,  ,0.0,0.900004474609,58.9291666667,0.0,  ,  ,0.0,  ,  
2019-04-07 19:00:00,7.89,0.406075886778,752.911914384,  ,  ,0.0,1.80000894922,59.1333333333,0.0,  ,  ,0.0,  ,  
2019-04-07 19:05:00,7.8075,0.513179779466,752.911914384,  ,  ,0.0,0.0,59.9291666667,0.0,  ,  ,0.0,  ,  
2019-04-07 19:10:00,7.68041666667,0.40984748698,752.911914384,  ,  ,0.0,0.0,60.0,0.0,  ,  ,0.0,  ,  
2019-04-07 19:15:00,7.4775,0.385455221519,752.911914384,  ,  ,0.0,0.0,60.7291666667,0.0,  ,  ,0.0,  ,  
2019-04-07 19:20:00,7.27083333333,0.304597607152,752.911914384,  ,  ,0.0,0.0,61.2333333333,0.0,  ,  ,0.0,  ,  
2019-04-07 19:25:00,7.04458333333,0.26161251958,752.911914384,  ,  ,0.0,0.0,61.9958333333,0.0,  ,  ,0.0,  ,  
2019-04-07 19:30:00,6.79416666667,0.201517793367,752.911914384,  ,  ,0.0,0.0,62.7958333333,0.0,  ,  ,0.0,  ,  
2019-04-07 19:35:00,6.51125,0.0282821853978,752.911914384,  ,  ,0.0,0.0,63.2291666667,0.0,  ,  ,0.0,  ,  
2019-04-07 19:40:00,6.20791666667,-0.0149318638925,752.911914384,  ,  ,0.0,0.80000397743,64.3625,0.0,  ,  ,0.0,  ,  
2019-04-07 19:45:00,5.9375,-0.136309279276,752.911914384,  ,  ,0.0,0.0,65.0,0.0,  ,  ,0.0,  ,  
2019-04-07 19:50:00,5.79416666667,-0.272587178104,752.911914384,  ,  ,0.0,0.0,65.0,0.0,  ,  ,0.0,  ,  
2019-04-07 19:55:00,5.65375,-0.273889467354,752.911914384,  ,  ,0.0,0.0,65.6291666667,0.0,  ,  ,0.0,  ,  
2019-04-07 20:00:00,5.4775,-0.364371229501,752.911914384,  ,  ,0.0,0.900004474609,66.0,0.0,  ,  ,0.0,  ,  
2019-04-07 20:05:00,5.30083333333,-0.464467213403,752.911914384,  ,  ,0.0,0.0,66.3291666667,0.0,  ,  ,0.0,  ,  
2019-04-07 20:10:00,5.14708333333,-0.459503326764,752.916238795,  ,  ,0.0,0.600002983073,67.0666666667,0.0,  ,  ,0.0,  ,  
2019-04-07 20:15:00,5.0075,-0.518870583997,752.986920552,  ,  ,0.0,0.80000397743,67.4291666667,0.0,  ,  ,0.0,  ,  
2019-04-07 20:20:00,4.84708333333,-0.556637462114,752.986920552,  ,  ,0.0,0.80000397743,68.0,0.0,  ,  ,0.0,  ,  
2019-04-07 20:25:00,4.8,-0.522136068773,752.991280076,  ,  ,0.0,0.0,68.3958333333,0.0,  ,  ,0.0,  ,  
2019-04-07 20:30:00,4.71041666667,-0.513851826622,753.06192672,  ,  ,0.0,0.600002983073,68.8666666667,0.0,  ,  ,0.0,  ,  
2019-04-07 20:35:00,4.62708333333,-0.68671500457,753.06192672,  ,  ,0.0,0.900004474609,68.4,0.0,  ,  ,0.0,  ,  
2019-04-07 20:40:00,4.54375,-0.646939809951,753.06192672,  ,  ,0.0,1.4000069605,69.0,0.0,  ,  ,0.0,  ,  
2019-04-07 20:45:00,4.40375,-0.781006036052,753.06192672,  ,  ,0.0,1.4000069605,69.0,0.0,  ,  ,0.0,  ,  
2019-04-07 20:50:00,4.4,-0.877349612526,753.06192672,  ,  ,0.0,2.30001143511,68.5333333333,0.0,  ,  ,0.0,  ,  
2019-04-07 20:55:00,4.39041666667,-0.813601598298,753.066208494,  ,  ,0.0,1.10000546897,68.9,0.0,  ,  ,0.0,  ,  
2019-04-07 21:00:00,4.3,-0.906783397188,753.136932888,  ,  ,0.0,1.9000094464,68.8666666667,0.0,  ,  ,0.0,  ,  
2019-04-07 21:05:00,4.23708333333,-0.940613015679,753.136932888,  ,  ,0.0,1.4000069605,69.0,0.0,  ,  ,0.0,  ,  
2019-04-07 21:10:00,4.12708333333,-1.04595620027,753.136932888,  ,  ,0.47250234917,1.60000795486,69.0,0.0,  ,  ,0.0,  ,  
2019-04-07 21:15:00,4.1,-1.07189328371,753.136932888,  ,  ,0.600002983073,1.4000069605,69.0,0.0,  ,  ,0.0,  ,  
2019-04-07 21:20:00,4.04708333333,-1.12257071307,753.136932888,  ,  ,0.600002983073,2.10001044075,69.0,0.0,  ,  ,0.0,  ,  
2019-04-07 21:25:00,4.0,-1.16766205301,753.132622189,  ,  ,0.600002983073,2.30001143511,69.0,0.0,  ,  ,0.0,  ,  
2019-04-07 21:30:00,4.0,-1.09540784607,753.06192672,  ,  ,0.757503766129,2.30001143511,69.3666666667,0.0,  ,  ,0.0,  ,  
2019-04-07 21:35:00,3.95375,-1.21195568184,753.06192672,  ,  ,0.80000397743,2.40001193229,69.0,0.0,  ,  ,0.0,  ,  
2019-04-07 21:40:00,3.9,-1.23714034621,753.06192672,  ,  ,0.80000397743,2.40001193229,69.1333333333,0.0,  ,  ,0.0,  ,  
2019-04-07 21:45:00,3.9,-1.26343251665,753.06192672,  ,  ,0.80000397743,2.90001441819,69.0,0.0,  ,  ,0.0,  ,  
2019-04-07 21:50:00,3.9,-1.26343251665,753.06192672,  ,  ,0.80000397743,2.60001292665,69.0,0.0,  ,  ,0.0,  ,  
2019-04-07 21:55:00,3.9,-1.26343251665,753.053356716,  ,  ,0.80000397743,2.60001292665,69.0,0.0,  ,  ,0.0,  ,  
2019-04-07 22:00:00,3.83041666667,-1.33007379729,752.911914384,  ,  ,1.03625515202,2.90001441819,69.0,0.0,  ,  ,0.0,  ,  
2019-04-07 22:05:00,3.8,-1.35920467466,752.911914384,  ,  ,1.10000546897,2.40001193229,69.0,0.0,  ,  ,0.0,  ,  
2019-04-07 22:10:00,3.75708333333,-1.40030741211,752.911914384,  ,  ,0.94250468591,2.10001044075,69.0,0.0,  ,  ,0.0,  ,  
2019-04-07 22:15:00,3.7,-1.4549785271,752.911914384,  ,  ,0.900004474609,2.60001292665,69.0,0.0,  ,  ,0.0,  ,  
2019-04-07 22:20:00,3.7,-1.43528713584,752.911914384,  ,  ,1.05750525767,2.80001392101,69.1,0.0,  ,  ,0.0,  ,  
2019-04-07 22:25:00,3.7,-1.36411658995,752.911914384,  ,  ,1.10000546897,2.10001044075,69.4625,0.0,  ,  ,0.0,  ,  
2019-04-07 22:30:00,3.67375,-1.28437303934,752.911914384,  ,  ,0.94250468591,2.30001143511,70.0,0.0,  ,  ,0.0,  ,  
2019-04-07 22:35:00,3.6,-1.36160578042,752.911914384,  ,  ,0.900004474609,1.9000094464,69.9666666667,0.0,  ,  ,0.0,  ,  
2019-04-07 22:40:00,3.5275,-1.42467817378,752.907627252,  ,  ,0.900004474609,1.60000795486,70.0,0.0,  ,  ,0.0,  ,  
2019-04-07 22:45:00,3.4,-1.54699832011,752.836908216,  ,  ,0.900004474609,2.60001292665,70.0,0.0,  ,  ,0.0,  ,  
2019-04-07 22:50:00,3.4,-1.54699832011,752.836908216,  ,  ,0.900004474609,2.90001441819,70.0,0.0,  ,  ,0.0,  ,  
2019-04-07 22:55:00,3.4,-1.54699832011,752.836908216,  ,  ,0.900004474609,3.10001541254,70.0,0.0,  ,  ,0.0,  ,  
2019-04-07 23:00:00,3.38333333333,-1.5629880779,752.836908216,  ,  ,1.05750525767,2.30001143511,70.0,0.0,  ,  ,0.0,  ,  
2019-04-07 23:05:00,3.31708333333,-1.62654781363,752.836908216,  ,  ,1.10000546897,2.10001044075,70.0,0.0,  ,  ,0.0,  ,  
2019-04-07 23:10:00,3.30666666667,-1.63654154797,752.832623214,  ,  ,1.10000546897,3.3000164069,70.0,0.0,  ,  ,0.0,  ,  
2019-04-07 23:15:00,3.29041666667,-1.62630007369,752.761902048,  ,  ,1.10000546897,3.10001541254,70.1333333333,0.0,  ,  ,0.0,  ,  
2019-04-07 23:20:00,3.2,-1.66880129111,752.761902048,  ,  ,1.33625664355,3.10001541254,70.3625,0.0,  ,  ,0.0,  ,  
2019-04-07 23:25:00,3.16041666667,-1.5843726499,752.757614916,  ,  ,1.4000069605,3.60001789844,71.0,0.0,  ,  ,0.0,  ,  
2019-04-07 23:30:00,3.1,-1.64243271303,752.68689588,  ,  ,1.32125656897,3.3000164069,71.0,0.0,  ,  ,0.0,  ,  
2019-04-07 23:35:00,3.00708333333,-1.73172620577,752.68689588,  ,  ,1.30000646332,3.60001789844,71.0,0.0,  ,  ,0.0,  ,  
2019-04-07 23:40:00,2.96708333333,-1.77016687166,752.691218143,  ,  ,1.53625763791,3.80001889279,71.0,0.0,  ,  ,0.0,  ,  
2019-04-07 23:45:00,2.89708333333,-1.70519728271,752.761902048,  ,  ,1.60000795486,3.10001541254,71.6958333333,0.0,  ,  ,0.0,  ,  
2019-04-07 23:50:00,2.8,-1.74119858105,752.761902048,  ,  ,1.36375678028,3.3000164069,72.0,0.0,  ,  ,0.0,  ,  
  

    

