Time,TemperatureC,DewpointC,PressurehPa,WindDirection,WindDirectionDegrees,WindSpeedKMH,WindSpeedGustKMH,Humidity,HourlyPrecipMM,Conditions,Clouds,dailyrainMM,SoftwareType,DateUTC
                
2018-12-07 00:00:00,-1.51041666667,-3.15396588634,1004.6,  ,  ,0.0,2.30001143511,88.5333333333,0.0,  ,  ,0.0,  ,  
2018-12-07 00:05:00,-1.6,-3.17188708565,1004.59562407,  ,  ,0.0,0.900004474609,89.0,0.0,  ,  ,0.0,  ,  
2018-12-07 00:10:00,-1.6,-3.17188708565,1004.5,  ,  ,0.0,1.4000069605,89.0,0.0,  ,  ,0.0,  ,  
2018-12-07 00:15:00,-1.6,-3.21271586805,1004.5,  ,  ,0.0,2.40001193229,88.7291666667,0.0,  ,  ,0.0,  ,  
2018-12-07 00:20:00,-1.6,-3.33333169829,1004.5,  ,  ,0.0,2.40001193229,87.9333333333,0.0,  ,  ,0.0,  ,  
2018-12-07 00:25:00,-1.55958333333,-3.42152940151,1004.5,  ,  ,0.343335040314,1.9000094464,87.0958333333,0.0,  ,  ,0.0,  ,  
2018-12-07 00:30:00,-1.5,-3.24939677382,1004.5,  ,  ,0.80000397743,2.40001193229,87.8375,0.0,  ,  ,0.0,  ,  
2018-12-07 00:35:00,-1.52375,-3.30458185454,1004.50437593,  ,  ,0.456668937117,2.30001143511,87.6291666667,0.0,  ,  ,0.0,  ,  
2018-12-07 00:40:00,-1.50291666667,-3.34401053285,1004.6,  ,  ,0.0,2.10001044075,87.2375,0.0,  ,  ,0.0,  ,  
2018-12-07 00:45:00,-1.51041666667,-3.23491052445,1004.6,  ,  ,0.257501280235,0.900004474609,88.0,0.0,  ,  ,0.0,  ,  
2018-12-07 00:50:00,-1.6,-3.27764039812,1004.59559339,  ,  ,0.600002983073,2.30001143511,88.3,0.0,  ,  ,0.0,  ,  
2018-12-07 00:55:00,-1.6,-3.19134552697,1004.5,  ,  ,0.342501702837,1.10000546897,88.8708333333,0.0,  ,  ,0.0,  ,  
2018-12-07 01:00:00,-1.68375,-3.3608359001,1004.5,  ,  ,0.0,1.4000069605,88.2958333333,0.0,  ,  ,0.0,  ,  
2018-12-07 01:05:00,-1.7,-3.42173664506,1004.5,  ,  ,0.0,0.600002983073,88.0,0.0,  ,  ,0.0,  ,  
2018-12-07 01:10:00,-1.7,-3.40149213548,1004.5,  ,  ,0.0,1.80000894922,88.1333333333,0.0,  ,  ,0.0,  ,  
2018-12-07 01:15:00,-1.7,-3.38632655034,1004.5,  ,  ,0.0,0.900004474609,88.2333333333,0.0,  ,  ,0.0,  ,  
2018-12-07 01:20:00,-1.70333333333,-3.30333502573,1004.5,  ,  ,0.0,0.80000397743,88.8041666667,0.0,  ,  ,0.0,  ,  
2018-12-07 01:25:00,-1.73708333333,-3.33223509478,1004.5,  ,  ,0.0,1.30000646332,88.8333333333,0.0,  ,  ,0.0,  ,  
2018-12-07 01:30:00,-1.79666666667,-3.36594484361,1004.5,  ,  ,0.0,2.10001044075,89.0,0.0,  ,  ,0.0,  ,  
2018-12-07 01:35:00,-1.8,-3.45527259429,1004.5,  ,  ,0.0,2.40001193229,88.4291666667,0.0,  ,  ,0.0,  ,  
2018-12-07 01:40:00,-1.79,-3.51042849303,1004.5,  ,  ,0.0,2.40001193229,88.0,0.0,  ,  ,0.0,  ,  
2018-12-07 01:45:00,-1.78,-3.41415024258,1004.5,  ,  ,0.343335040314,2.80001392101,88.5708333333,0.0,  ,  ,0.0,  ,  
2018-12-07 01:50:00,-1.8,-3.27372295746,1004.5,  ,  ,0.80000397743,0.80000397743,89.6375,0.0,  ,  ,0.0,  ,  
2018-12-07 01:55:00,-1.8,-3.21968078967,1004.5,  ,  ,0.714170217352,1.9000094464,90.0,0.0,  ,  ,0.0,  ,  
2018-12-07 02:00:00,-1.8,-3.21968078967,1004.5,  ,  ,0.600002983073,1.60000795486,90.0,0.0,  ,  ,0.0,  ,  
2018-12-07 02:05:00,-1.8,-3.16953870681,1004.50440661,  ,  ,0.342501702837,1.4000069605,90.3375,0.0,  ,  ,0.0,  ,  
2018-12-07 02:10:00,-1.8,-3.16027134932,1004.6,  ,  ,0.0,1.30000646332,90.4,0.0,  ,  ,0.0,  ,  
2018-12-07 02:15:00,-1.80333333333,-3.07488979231,1004.6,  ,  ,0.0,0.80000397743,91.0,0.0,  ,  ,0.0,  ,  
2018-12-07 02:20:00,-1.88375,-3.15444199997,1004.6,  ,  ,0.0,1.10000546897,91.0,0.0,  ,  ,0.0,  ,  
2018-12-07 02:25:00,-1.9,-3.19999447353,1004.6,  ,  ,0.0,1.60000795486,90.8,0.0,  ,  ,0.0,  ,  
2018-12-07 02:30:00,-1.9,-3.17051735206,1004.6,  ,  ,0.0,0.80000397743,91.0,0.0,  ,  ,0.0,  ,  
2018-12-07 02:35:00,-1.9,-3.17051735206,1004.6,  ,  ,0.0,0.80000397743,91.0,0.0,  ,  ,0.0,  ,  
2018-12-07 02:40:00,-1.9,-3.17051735206,1004.6,  ,  ,0.0,0.600002983073,91.0,0.0,  ,  ,0.0,  ,  
2018-12-07 02:45:00,-1.9,-3.17051735206,1004.6,  ,  ,0.0,1.4000069605,91.0,0.0,  ,  ,0.0,  ,  
2018-12-07 02:50:00,-1.9,-3.17051735206,1004.6,  ,  ,0.0,0.600002983073,91.0,0.0,  ,  ,0.0,  ,  
2018-12-07 02:55:00,-1.89666666667,-3.16721984296,1004.6,  ,  ,0.0,0.80000397743,91.0,0.0,  ,  ,0.0,  ,  
2018-12-07 03:00:00,-1.9,-3.17051735206,1004.6,  ,  ,0.0,1.60000795486,91.0,0.0,  ,  ,0.0,  ,  
2018-12-07 03:05:00,-1.9,-3.17542621818,1004.6,  ,  ,0.0,2.40001193229,90.9666666667,0.0,  ,  ,0.0,  ,  
2018-12-07 03:10:00,-1.9,-3.17051735206,1004.6,  ,  ,0.0,2.40001193229,91.0,0.0,  ,  ,0.0,  ,  
2018-12-07 03:15:00,-1.9,-3.22029337274,1004.6,  ,  ,0.343335040314,2.60001292665,90.6625,0.0,  ,  ,0.0,  ,  
2018-12-07 03:20:00,-1.9,-3.3184810342,1004.59113987,  ,  ,0.80000397743,2.10001044075,90.0,0.0,  ,  ,0.0,  ,  
2018-12-07 03:25:00,-1.9,-3.3184810342,1004.4,  ,  ,0.714170217352,2.40001193229,90.0,0.0,  ,  ,0.0,  ,  
2018-12-07 03:30:00,-1.9,-3.3184810342,1004.4,  ,  ,0.600002983073,1.30000646332,90.0,0.0,  ,  ,0.0,  ,  
2018-12-07 03:35:00,-1.9,-3.3184810342,1004.3955956,  ,  ,0.342501702837,1.4000069605,90.0,0.0,  ,  ,0.0,  ,  
2018-12-07 03:40:00,-1.9,-3.313525503,1004.3,  ,  ,0.0,1.9000094464,90.0333333333,0.0,  ,  ,0.0,  ,  
2018-12-07 03:45:00,-1.9,-3.37309944929,1004.3,  ,  ,0.257501280235,2.80001392101,89.6333333333,0.0,  ,  ,0.0,  ,  
2018-12-07 03:50:00,-1.9,-3.3184810342,1004.3,  ,  ,0.600002983073,1.60000795486,90.0,0.0,  ,  ,0.0,  ,  
2018-12-07 03:55:00,-1.9,-3.3184810342,1004.3,  ,  ,0.600002983073,2.30001143511,90.0,0.0,  ,  ,0.0,  ,  
2018-12-07 04:00:00,-1.9,-3.3184810342,1004.3,  ,  ,0.600002983073,1.60000795486,90.0,0.0,  ,  ,0.0,  ,  
2018-12-07 04:05:00,-1.9,-3.30857159672,1004.29557654,  ,  ,0.600002983073,0.600002983073,90.0666666667,0.0,  ,  ,0.0,  ,  
2018-12-07 04:10:00,-1.91375,-3.28752989194,1004.2,  ,  ,0.600002983073,0.900004474609,90.3,0.0,  ,  ,0.0,  ,  
2018-12-07 04:15:00,-1.99,-3.3277517259,1004.2,  ,  ,0.342501702837,1.10000546897,90.5375,0.0,  ,  ,0.0,  ,  
2018-12-07 04:20:00,-2.0,-3.26944285842,1004.19557874,  ,  ,0.0,1.60000795486,91.0,0.0,  ,  ,0.0,  ,  
2018-12-07 04:25:00,-2.04708333333,-3.30132164846,1004.1,  ,  ,0.0,0.600002983073,91.1,0.0,  ,  ,0.0,  ,  
2018-12-07 04:30:00,-2.1,-3.23118691628,1004.1,  ,  ,0.0,0.0,91.9375,0.0,  ,  ,0.0,  ,  
2018-12-07 04:35:00,-2.1,-3.22208557796,1004.1,  ,  ,0.0,0.0,92.0,0.0,  ,  ,0.0,  ,  
2018-12-07 04:40:00,-2.10666666667,-3.22868889444,1004.1,  ,  ,0.0,0.0,92.0,0.0,  ,  ,0.0,  ,  
2018-12-07 04:45:00,-2.18041666667,-3.30173820175,1004.1,  ,  ,0.0,0.900004474609,92.0,0.0,  ,  ,0.0,  ,  
2018-12-07 04:50:00,-2.2,-3.32113551205,1004.1,  ,  ,0.0,0.0,92.0,0.0,  ,  ,0.0,  ,  
2018-12-07 04:55:00,-2.2,-3.32113551205,1004.1,  ,  ,0.0,0.900004474609,92.0,0.0,  ,  ,0.0,  ,  
2018-12-07 05:00:00,-2.21375,-3.3347549093,1004.1,  ,  ,0.0,0.900004474609,92.0,0.0,  ,  ,0.0,  ,  
2018-12-07 05:05:00,-2.29666666667,-3.50007558525,1004.10442126,  ,  ,0.0,1.4000069605,91.4291666667,0.0,  ,  ,0.0,  ,  
2018-12-07 05:10:00,-2.3,-3.56622209012,1004.2,  ,  ,0.0,1.4000069605,91.0,0.0,  ,  ,0.0,  ,  
2018-12-07 05:15:00,-2.3,-3.56622209012,1004.2,  ,  ,0.0,1.10000546897,91.0,0.0,  ,  ,0.0,  ,  
2018-12-07 05:20:00,-2.3,-3.56622209012,1004.19115308,  ,  ,0.0,1.9000094464,91.0,0.0,  ,  ,0.0,  ,  
2018-12-07 05:25:00,-2.32666666667,-3.59260266319,1004.0,  ,  ,0.0,2.30001143511,91.0,0.0,  ,  ,0.0,  ,  
2018-12-07 05:30:00,-2.37708333333,-3.642478522,1004.0,  ,  ,0.0,1.80000894922,91.0,0.0,  ,  ,0.0,  ,  
2018-12-07 05:35:00,-2.4,-3.6651494049,1004.0,  ,  ,0.257501280235,2.40001193229,91.0,0.0,  ,  ,0.0,  ,  
2018-12-07 05:40:00,-2.4,-3.6651494049,1004.0,  ,  ,0.600002983073,2.40001193229,91.0,0.0,  ,  ,0.0,  ,  
2018-12-07 05:45:00,-2.4,-3.6651494049,1004.0,  ,  ,0.342501702837,0.900004474609,91.0,0.0,  ,  ,0.0,  ,  
2018-12-07 05:50:00,-2.4,-3.70920027733,1004.0,  ,  ,0.0,1.4000069605,90.7,0.0,  ,  ,0.0,  ,  
2018-12-07 05:55:00,-2.4,-3.71962001382,1004.0,  ,  ,0.0,1.60000795486,90.6291666667,0.0,  ,  ,0.0,  ,  
2018-12-07 06:00:00,-2.4,-3.81248981861,1004.0,  ,  ,0.0,1.9000094464,90.0,0.0,  ,  ,0.0,  ,  
2018-12-07 06:05:00,-2.40333333333,-3.68739700697,1004.0,  ,  ,0.0,1.10000546897,90.8708333333,0.0,  ,  ,0.0,  ,  
2018-12-07 06:10:00,-2.40333333333,-3.66844698985,1004.0,  ,  ,0.0,0.900004474609,91.0,0.0,  ,  ,0.0,  ,  
2018-12-07 06:15:00,-2.4,-3.6651494049,1004.0,  ,  ,0.0,0.0,91.0,0.0,  ,  ,0.0,  ,  
2018-12-07 06:20:00,-2.4,-3.6651494049,1003.99557874,  ,  ,0.0,0.0,91.0,0.0,  ,  ,0.0,  ,  
2018-12-07 06:25:00,-2.41333333333,-3.59974490574,1003.9,  ,  ,0.0,0.0,91.5375,0.0,  ,  ,0.0,  ,  
2018-12-07 06:30:00,-2.49708333333,-3.61539871997,1003.9,  ,  ,0.0,0.0,92.0,0.0,  ,  ,0.0,  ,  
2018-12-07 06:35:00,-2.50333333333,-3.59260094365,1003.9,  ,  ,0.0,0.0,92.2,0.0,  ,  ,0.0,  ,  
2018-12-07 06:40:00,-2.55375,-3.63230272954,1003.9,  ,  ,0.0,0.0,92.2708333333,0.0,  ,  ,0.0,  ,  
2018-12-07 06:45:00,-2.59333333333,-3.63421650474,1003.9,  ,  ,0.0,0.0,92.5291666667,0.0,  ,  ,0.0,  ,  
2018-12-07 06:50:00,-2.6,-3.71733925304,1003.89557874,  ,  ,0.0,0.80000397743,92.0,0.0,  ,  ,0.0,  ,  
2018-12-07 06:55:00,-2.60708333333,-3.7243554187,1003.8,  ,  ,0.0,0.0,92.0,0.0,  ,  ,0.0,  ,  
2018-12-07 07:00:00,-2.7,-3.81639118947,1003.8,  ,  ,0.0,0.0,92.0,0.0,  ,  ,0.0,  ,  
2018-12-07 07:05:00,-2.7,-3.81639118947,1003.79562842,  ,  ,0.0,0.0,92.0,0.0,  ,  ,0.0,  ,  
2018-12-07 07:10:00,-2.7,-3.81639118947,1003.7,  ,  ,0.0,0.0,92.0,0.0,  ,  ,0.0,  ,  
2018-12-07 07:15:00,-2.7,-3.80673824994,1003.7,  ,  ,0.0,0.0,92.0666666667,0.0,  ,  ,0.0,  ,  
2018-12-07 07:20:00,-2.7,-3.7195397479,1003.69569354,  ,  ,0.0,0.0,92.6708333333,0.0,  ,  ,0.0,  ,  
2018-12-07 07:25:00,-2.7,-3.67224335123,1003.6,  ,  ,0.0,0.0,93.0,0.0,  ,  ,0.0,  ,  
2018-12-07 07:30:00,-2.7,-3.67224335123,1003.6,  ,  ,0.0,0.0,93.0,0.0,  ,  ,0.0,  ,  
2018-12-07 07:35:00,-2.7,-3.67224335123,1003.60432191,  ,  ,0.0,0.0,93.0,0.0,  ,  ,0.0,  ,  
2018-12-07 07:40:00,-2.7,-3.67224335123,1003.7,  ,  ,0.0,0.0,93.0,0.0,  ,  ,0.0,  ,  
2018-12-07 07:45:00,-2.7,-3.67224335123,1003.7,  ,  ,0.0,0.0,93.0,0.0,  ,  ,0.0,  ,  
2018-12-07 07:50:00,-2.7,-3.67224335123,1003.7,  ,  ,0.0,0.0,93.0,0.0,  ,  ,0.0,  ,  
2018-12-07 07:55:00,-2.7,-3.62390332293,1003.7,  ,  ,0.0,0.0,93.3375,0.0,  ,  ,0.0,  ,  
2018-12-07 08:00:00,-2.7,-3.5626570713,1003.7,  ,  ,0.0,0.0,93.7666666667,0.0,  ,  ,0.0,  ,  
2018-12-07 08:05:00,-2.7,-3.58225257108,1003.70427435,  ,  ,0.0,0.0,93.6291666667,0.0,  ,  ,0.0,  ,  
2018-12-07 08:10:00,-2.7,-3.57631185006,1003.8,  ,  ,0.0,0.0,93.6708333333,0.0,  ,  ,0.0,  ,  
2018-12-07 08:15:00,-2.7,-3.52946228115,1003.8,  ,  ,0.0,0.0,94.0,0.0,  ,  ,0.0,  ,  
2018-12-07 08:20:00,-2.7,-3.52946228115,1003.79577745,  ,  ,0.0,0.0,94.0,0.0,  ,  ,0.0,  ,  
2018-12-07 08:25:00,-2.7,-3.52946228115,1003.7,  ,  ,0.0,0.0,94.0,0.0,  ,  ,0.0,  ,  
2018-12-07 08:30:00,-2.7,-3.52946228115,1003.7,  ,  ,0.0,0.0,94.0,0.0,  ,  ,0.0,  ,  
2018-12-07 08:35:00,-2.75041666667,-3.5795237098,1003.7,  ,  ,0.0,0.0,94.0,0.0,  ,  ,0.0,  ,  
2018-12-07 08:40:00,-2.8,-3.62875775077,1003.7,  ,  ,0.0,0.0,94.0,0.0,  ,  ,0.0,  ,  
2018-12-07 08:45:00,-2.8,-3.62875775077,1003.7,  ,  ,0.0,0.80000397743,94.0,0.0,  ,  ,0.0,  ,  
2018-12-07 08:50:00,-2.8,-3.62875775077,1003.70422255,  ,  ,0.0,0.0,94.0,0.0,  ,  ,0.0,  ,  
2018-12-07 08:55:00,-2.8,-3.62875775077,1003.8,  ,  ,0.0,0.0,94.0,0.0,  ,  ,0.0,  ,  
2018-12-07 09:00:00,-2.8,-3.62875775077,1003.8,  ,  ,0.0,1.4000069605,94.0,0.0,  ,  ,0.0,  ,  
2018-12-07 09:05:00,-2.8,-3.62875775077,1003.80417288,  ,  ,0.0,1.4000069605,94.0,0.0,  ,  ,0.0,  ,  
2018-12-07 09:10:00,-2.8,-3.62875775077,1003.9,  ,  ,0.0,1.60000795486,94.0,0.0,  ,  ,0.0,  ,  
2018-12-07 09:15:00,-2.8,-3.62875775077,1003.9,  ,  ,0.0,0.900004474609,94.0,0.0,  ,  ,0.0,  ,  
2018-12-07 09:20:00,-2.81041666667,-3.63910104601,1003.9,  ,  ,0.0,0.600002983073,94.0,0.0,  ,  ,0.0,  ,  
2018-12-07 09:25:00,-2.85666666667,-3.68502531596,1003.9,  ,  ,0.0,1.10000546897,94.0,0.0,  ,  ,0.0,  ,  
2018-12-07 09:30:00,-2.9,-3.70914993262,1003.9,  ,  ,0.0,0.80000397743,94.1333333333,0.0,  ,  ,0.0,  ,  
2018-12-07 09:35:00,-2.86666666667,-3.65244313367,1003.89582712,  ,  ,0.0,1.60000795486,94.3,0.0,  ,  ,0.0,  ,  
2018-12-07 09:40:00,-2.85,-3.67840559744,1003.8,  ,  ,0.0,1.9000094464,94.0,0.0,  ,  ,0.0,  ,  
2018-12-07 09:45:00,-2.89666666667,-3.68165326926,1003.8,  ,  ,0.0,1.9000094464,94.3041666667,0.0,  ,  ,0.0,  ,  
2018-12-07 09:50:00,-2.86958333333,-3.59003713638,1003.79584377,  ,  ,0.0,0.900004474609,94.7625,0.0,  ,  ,0.0,  ,  
2018-12-07 09:55:00,-2.88041666667,-3.70860807397,1003.7,  ,  ,0.0,1.80000894922,94.0,0.0,  ,  ,0.0,  ,  
2018-12-07 10:00:00,-2.9,-3.71387360399,1003.7,  ,  ,0.0,0.900004474609,94.1,0.0,  ,  ,0.0,  ,  
2018-12-07 10:05:00,-2.9,-3.65669880141,1003.7,  ,  ,0.0,0.600002983073,94.5041666667,0.0,  ,  ,0.0,  ,  
2018-12-07 10:10:00,-2.82291666667,-3.51021874959,1003.7,  ,  ,0.0,0.0,95.0,0.0,  ,  ,0.0,  ,  
2018-12-07 10:15:00,-2.8,-3.51148484697,1003.7,  ,  ,0.0,1.60000795486,94.8291666667,0.0,  ,  ,0.0,  ,  
2018-12-07 10:20:00,-2.8,-3.62816615239,1003.70417288,  ,  ,0.0,0.80000397743,94.0041666667,0.0,  ,  ,0.0,  ,  
2018-12-07 10:25:00,-2.82,-3.52138945156,1003.8,  ,  ,0.0,1.60000795486,94.9,0.0,  ,  ,0.0,  ,  
2018-12-07 10:30:00,-2.80333333333,-3.49074986361,1003.8,  ,  ,0.0,0.900004474609,95.0,0.0,  ,  ,0.0,  ,  
2018-12-07 10:35:00,-2.8,-3.48743601163,1003.7916501,  ,  ,0.0,0.600002983073,95.0,0.0,  ,  ,0.0,  ,  
2018-12-07 10:40:00,-2.8,-3.48743601163,1003.6,  ,  ,0.0,0.0,95.0,0.0,  ,  ,0.0,  ,  
2018-12-07 10:45:00,-2.8,-3.48743601163,1003.6,  ,  ,0.0,1.4000069605,95.0,0.0,  ,  ,0.0,  ,  
2018-12-07 10:50:00,-2.8,-3.48743601163,1003.6,  ,  ,0.0,1.4000069605,95.0,0.0,  ,  ,0.0,  ,  
2018-12-07 10:55:00,-2.8,-3.44471202612,1003.6,  ,  ,0.257501280235,1.4000069605,95.3041666667,0.0,  ,  ,0.0,  ,  
2018-12-07 11:00:00,-2.8,-3.43185999144,1003.6,  ,  ,0.600002983073,1.30000646332,95.3958333333,0.0,  ,  ,0.0,  ,  
2018-12-07 11:05:00,-2.78958333333,-3.34112351438,1003.6,  ,  ,0.342501702837,1.4000069605,95.9708333333,0.0,  ,  ,0.0,  ,  
2018-12-07 11:10:00,-2.70333333333,-3.36379074158,1003.6,  ,  ,0.0,0.0,95.1958333333,0.0,  ,  ,0.0,  ,  
2018-12-07 11:15:00,-2.71666666667,-3.40458980143,1003.6,  ,  ,0.0,0.80000397743,95.0,0.0,  ,  ,0.0,  ,  
2018-12-07 11:20:00,-2.73,-3.4178451835,1003.58746892,  ,  ,0.0,1.60000795486,95.0,0.0,  ,  ,0.0,  ,  
2018-12-07 11:25:00,-2.70666666667,-3.39464826776,1003.3,  ,  ,0.0,1.60000795486,95.0,0.0,  ,  ,0.0,  ,  
2018-12-07 11:30:00,-2.79041666667,-3.4779086887,1003.3,  ,  ,0.0,1.80000894922,95.0,0.0,  ,  ,0.0,  ,  
2018-12-07 11:35:00,-2.8,-3.48743601163,1003.29582712,  ,  ,0.0,0.80000397743,95.0,0.0,  ,  ,0.0,  ,  
2018-12-07 11:40:00,-2.8,-3.48743601163,1003.2,  ,  ,0.0,1.4000069605,95.0,0.0,  ,  ,0.0,  ,  
2018-12-07 11:45:00,-2.8,-3.48743601163,1003.2,  ,  ,0.0,1.10000546897,95.0,0.0,  ,  ,0.0,  ,  
2018-12-07 11:50:00,-2.8,-3.48743601163,1003.1916501,  ,  ,0.0,0.0,95.0,0.0,  ,  ,0.0,  ,  
2018-12-07 11:55:00,-2.8,-3.48743601163,1003.0,  ,  ,0.0,0.900004474609,95.0,0.0,  ,  ,0.0,  ,  
2018-12-07 12:00:00,-2.73625,-3.42405864536,1003.0,  ,  ,0.0,1.30000646332,95.0,0.0,  ,  ,0.0,  ,  
2018-12-07 12:05:00,-2.7,-3.38860717868,1003.00417495,  ,  ,0.0,1.30000646332,94.9958333333,0.0,  ,  ,0.0,  ,  
2018-12-07 12:10:00,-2.70666666667,-3.43635116015,1003.1,  ,  ,0.0,1.30000646332,94.7041666667,0.0,  ,  ,0.0,  ,  
2018-12-07 12:15:00,-2.7,-3.46388064385,1003.1,  ,  ,0.0,1.30000646332,94.4625,0.0,  ,  ,0.0,  ,  
2018-12-07 12:20:00,-2.72375,-3.51461441802,1003.1,  ,  ,0.0,1.4000069605,94.2708333333,0.0,  ,  ,0.0,  ,  
2018-12-07 12:25:00,-2.76958333333,-3.45719712497,1003.1,  ,  ,0.0,0.900004474609,95.0,0.0,  ,  ,0.0,  ,  
2018-12-07 12:30:00,-2.7,-3.38802058003,1003.1,  ,  ,0.0,0.900004474609,95.0,0.0,  ,  ,0.0,  ,  
2018-12-07 12:35:00,-2.7,-3.41620305769,1003.08797595,  ,  ,0.0,1.30000646332,94.8,0.0,  ,  ,0.0,  ,  
2018-12-07 12:40:00,-2.7,-3.38802058003,1002.8,  ,  ,0.0,1.9000094464,95.0,0.0,  ,  ,0.0,  ,  
2018-12-07 12:45:00,-2.61333333333,-3.30186073968,1002.8,  ,  ,0.0,0.80000397743,95.0,0.0,  ,  ,0.0,  ,  
2018-12-07 12:50:00,-2.54666666667,-3.23558406603,1002.79185296,  ,  ,0.0,2.10001044075,95.0,0.0,  ,  ,0.0,  ,  
2018-12-07 12:55:00,-2.48666666667,-3.17593515387,1002.6,  ,  ,0.0,1.10000546897,95.0,0.0,  ,  ,0.0,  ,  
2018-12-07 13:00:00,-2.41,-3.09971722921,1002.6,  ,  ,0.0,0.600002983073,95.0,0.0,  ,  ,0.0,  ,  
2018-12-07 13:05:00,-2.38333333333,-3.07320668085,1002.59597416,  ,  ,0.0,1.4000069605,95.0,0.0,  ,  ,0.0,  ,  
2018-12-07 13:10:00,-2.30666666667,-2.99698895244,1002.5,  ,  ,0.0,1.4000069605,95.0,0.0,  ,  ,0.0,  ,  
2018-12-07 13:15:00,-2.29,-3.00398340591,1002.5,  ,  ,0.0,0.0,94.8333333333,0.0,  ,  ,0.0,  ,  
2018-12-07 13:20:00,-2.23333333333,-3.0613324519,1002.49607161,  ,  ,0.0,0.900004474609,94.0333333333,0.0,  ,  ,0.0,  ,  
2018-12-07 13:25:00,-2.20333333333,-3.00778484246,1002.4,  ,  ,0.0,0.80000397743,94.2,0.0,  ,  ,0.0,  ,  
2018-12-07 13:30:00,-2.28333333333,-3.11573436834,1002.4,  ,  ,0.0,1.4000069605,94.0,0.0,  ,  ,0.0,  ,  
2018-12-07 13:35:00,-2.26333333333,-3.06737567706,1002.39205166,  ,  ,0.255001267806,2.30001143511,94.2,0.0,  ,  ,0.0,  ,  
2018-12-07 13:40:00,-2.21,-2.9056015086,1002.2,  ,  ,0.600002983073,1.30000646332,94.9666666667,0.0,  ,  ,0.0,  ,  
2018-12-07 13:45:00,-2.18666666667,-2.91071999853,1002.2,  ,  ,0.345001715267,0.80000397743,94.7666666667,0.0,  ,  ,0.0,  ,  
2018-12-07 13:50:00,-2.13,-2.90647328073,1002.19607356,  ,  ,0.0,0.600002983073,94.4,0.0,  ,  ,0.0,  ,  
2018-12-07 13:55:00,-2.1,-2.93369572721,1002.1,  ,  ,0.0,0.900004474609,94.0,0.0,  ,  ,0.0,  ,  
2018-12-07 14:00:00,-2.07,-2.89438619503,1002.1,  ,  ,0.0,1.60000795486,94.0666666667,0.0,  ,  ,0.0,  ,  
2018-12-07 14:05:00,-2.01,-2.84433167025,1002.1,  ,  ,0.0,0.600002983073,94.0,0.0,  ,  ,0.0,  ,  
2018-12-07 14:10:00,-1.99666666667,-2.83109257124,1002.1,  ,  ,0.0,0.0,94.0,0.0,  ,  ,0.0,  ,  
2018-12-07 14:15:00,-1.96333333333,-2.79799484694,1002.1,  ,  ,0.0,0.0,94.0,0.0,  ,  ,0.0,  ,  
2018-12-07 14:20:00,-1.91666666667,-2.75165808858,1002.10392449,  ,  ,0.0,0.0,94.0,0.0,  ,  ,0.0,  ,  
2018-12-07 14:25:00,-1.94,-2.88487643176,1002.2,  ,  ,0.0,0.0,93.2333333333,0.0,  ,  ,0.0,  ,  
2018-12-07 14:30:00,-1.98,-2.81454370495,1002.2,  ,  ,0.0,0.0,94.0,0.0,  ,  ,0.0,  ,  
2018-12-07 14:35:00,-1.96,-2.84242678413,1002.20392644,  ,  ,0.0,0.0,93.6666666667,0.0,  ,  ,0.0,  ,  
2018-12-07 14:40:00,-2.00666666667,-2.98464346878,1002.3,  ,  ,0.0,0.0,93.0,0.0,  ,  ,0.0,  ,  
2018-12-07 14:45:00,-2.08666666667,-3.00162013278,1002.3,  ,  ,0.0,0.0,93.4333333333,0.0,  ,  ,0.0,  ,  
2018-12-07 14:50:00,-2.1,-2.94322077853,1002.29607551,  ,  ,0.0,0.600002983073,93.9333333333,0.0,  ,  ,0.0,  ,  
2018-12-07 14:55:00,-2.09,-2.92376637561,1002.2,  ,  ,0.0,0.0,94.0,0.0,  ,  ,0.0,  ,  
2018-12-07 15:00:00,-2.00333333333,-2.83771212008,1002.2,  ,  ,0.0,0.0,94.0,0.0,  ,  ,0.0,  ,  
2018-12-07 15:05:00,-1.95666666667,-2.79137530605,1002.19214712,  ,  ,0.0,0.80000397743,94.0,0.0,  ,  ,0.0,  ,  
2018-12-07 15:10:00,-1.9,-2.73510926205,1002.0,  ,  ,0.0,0.0,94.0,0.0,  ,  ,0.0,  ,  
2018-12-07 15:15:00,-1.9,-2.73510926205,1002.0,  ,  ,0.0,0.0,94.0,0.0,  ,  ,0.0,  ,  
2018-12-07 15:20:00,-1.9,-2.73510926205,1002.00392644,  ,  ,0.0,0.0,94.0,0.0,  ,  ,0.0,  ,  
2018-12-07 15:25:00,-1.97666666667,-2.8255386665,1002.1,  ,  ,0.0,0.0,93.9,0.0,  ,  ,0.0,  ,  
2018-12-07 15:30:00,-2.06333333333,-2.89728811928,1002.1,  ,  ,0.0,0.0,94.0,0.0,  ,  ,0.0,  ,  
2018-12-07 15:35:00,-2.1,-2.93369572721,1002.1,  ,  ,0.0,0.0,94.0,0.0,  ,  ,0.0,  ,  
2018-12-07 15:40:00,-2.1,-2.93369572721,1002.1,  ,  ,0.0,0.0,94.0,0.0,  ,  ,0.0,  ,  
2018-12-07 15:45:00,-2.1,-2.93369572721,1002.1,  ,  ,0.0,0.0,94.0,0.0,  ,  ,0.0,  ,  
2018-12-07 15:50:00,-2.1,-2.93369572721,1002.1,  ,  ,0.0,0.0,94.0,0.0,  ,  ,0.0,  ,  
2018-12-07 15:55:00,-2.16333333333,-2.99658168989,1002.1,  ,  ,0.0,0.0,94.0,0.0,  ,  ,0.0,  ,  
2018-12-07 16:00:00,-2.21,-3.04291879159,1002.1,  ,  ,0.0,0.0,94.0,0.0,  ,  ,0.0,  ,  
2018-12-07 16:05:00,-2.29666666667,-3.12897358135,1002.09607356,  ,  ,0.0,0.0,94.0,0.0,  ,  ,0.0,  ,  
2018-12-07 16:10:00,-2.34333333333,-3.16581138198,1002.0,  ,  ,0.0,0.0,94.0666666667,0.0,  ,  ,0.0,  ,  
2018-12-07 16:15:00,-2.4,-3.08977577151,1002.0,  ,  ,0.0,0.0,95.0,0.0,  ,  ,0.0,  ,  
2018-12-07 16:20:00,-2.4,-3.08977577151,1002.00392449,  ,  ,0.0,0.0,95.0,0.0,  ,  ,0.0,  ,  
2018-12-07 16:25:00,-2.45333333333,-3.14279690787,1002.1,  ,  ,0.0,0.0,95.0,0.0,  ,  ,0.0,  ,  
2018-12-07 16:30:00,-2.52,-3.20907342739,1002.1,  ,  ,0.0,0.0,95.0,0.0,  ,  ,0.0,  ,  
2018-12-07 16:35:00,-2.6,-3.28860539615,1002.1,  ,  ,0.0,0.0,95.0,0.0,  ,  ,0.0,  ,  
2018-12-07 16:40:00,-2.6,-3.28860539615,1002.1,  ,  ,0.0,0.0,95.0,0.0,  ,  ,0.0,  ,  
2018-12-07 16:45:00,-2.6,-3.28860539615,1002.1,  ,  ,0.0,0.0,95.0,0.0,  ,  ,0.0,  ,  
2018-12-07 16:50:00,-2.6,-3.28390944492,1002.1,  ,  ,0.0,0.0,95.0333333333,0.0,  ,  ,0.0,  ,  
2018-12-07 16:55:00,-2.6,-3.15301156206,1002.1,  ,  ,0.0,0.0,95.9666666667,0.0,  ,  ,0.0,  ,  
2018-12-07 17:00:00,-2.47,-3.01896342105,1002.1,  ,  ,0.0,0.0,96.0,0.0,  ,  ,0.0,  ,  
2018-12-07 17:05:00,-2.4,-2.94928981046,1002.09214321,  ,  ,0.0,0.0,96.0,0.0,  ,  ,0.0,  ,  
2018-12-07 17:10:00,-2.32666666667,-2.92769082801,1001.9,  ,  ,0.0,0.0,95.6333333333,0.0,  ,  ,0.0,  ,  
2018-12-07 17:15:00,-2.3,-2.99036133076,1001.9,  ,  ,0.0,0.0,95.0,0.0,  ,  ,0.0,  ,  
2018-12-07 17:20:00,-2.26333333333,-2.95390943122,1001.90392644,  ,  ,0.0,0.0,95.0,0.0,  ,  ,0.0,  ,  
2018-12-07 17:25:00,-2.20333333333,-2.89426094016,1002.0,  ,  ,0.0,0.0,95.0,0.0,  ,  ,0.0,  ,  
2018-12-07 17:30:00,-2.29333333333,-2.98373371019,1002.0,  ,  ,0.0,0.0,95.0,0.0,  ,  ,0.0,  ,  
2018-12-07 17:35:00,-2.37666666667,-3.06657904651,1001.99607551,  ,  ,0.0,0.600002983073,95.0,0.0,  ,  ,0.0,  ,  
2018-12-07 17:40:00,-2.53,-3.21901491482,1001.9,  ,  ,0.0,0.0,95.0,0.0,  ,  ,0.0,  ,  
2018-12-07 17:45:00,-2.6,-3.28860539615,1001.9,  ,  ,0.0,0.0,95.0,0.0,  ,  ,0.0,  ,  
2018-12-07 17:50:00,-2.6,-3.1623239312,1001.9,  ,  ,0.0,0.0,95.9,0.0,  ,  ,0.0,  ,  
2018-12-07 17:55:00,-2.6,-3.14835752602,1001.9,  ,  ,0.0,0.600002983073,96.0,0.0,  ,  ,0.0,  ,  
2018-12-07 18:00:00,-2.6,-3.28860539615,1001.9,  ,  ,0.0,1.10000546897,95.0,0.0,  ,  ,0.0,  ,  
2018-12-07 18:05:00,-2.65,-3.33831295712,1001.904004,  ,  ,0.0,0.0,95.0,0.0,  ,  ,0.0,  ,  
2018-12-07 18:10:00,-2.7,-3.26184623455,1002.0,  ,  ,0.0,0.0,95.9,0.0,  ,  ,0.0,  ,  
2018-12-07 18:15:00,-2.63333333333,-3.18153555542,1002.0,  ,  ,0.0,0.900004474609,96.0,0.0,  ,  ,0.0,  ,  
2018-12-07 18:20:00,-2.6,-3.14835752602,1001.99607161,  ,  ,0.0,0.0,96.0,0.0,  ,  ,0.0,  ,  
2018-12-07 18:25:00,-2.6,-3.22299447685,1001.9,  ,  ,0.0,0.0,95.4666666667,0.0,  ,  ,0.0,  ,  
2018-12-07 18:30:00,-2.6,-3.28860539615,1001.9,  ,  ,0.0,0.0,95.0,0.0,  ,  ,0.0,  ,  
2018-12-07 18:35:00,-2.63333333333,-3.30297401542,1001.89607356,  ,  ,0.0,0.0,95.1333333333,0.0,  ,  ,0.0,  ,  
2018-12-07 18:40:00,-2.68666666667,-3.33258510902,1001.8,  ,  ,0.0,0.0,95.3,0.0,  ,  ,0.0,  ,  
2018-12-07 18:45:00,-2.67333333333,-3.29126702428,1001.8,  ,  ,0.0,0.0,95.5,0.0,  ,  ,0.0,  ,  
2018-12-07 18:50:00,-2.7,-3.38802058003,1001.8,  ,  ,0.0,0.900004474609,95.0,0.0,  ,  ,0.0,  ,  
2018-12-07 18:55:00,-2.7,-3.38802058003,1001.8,  ,  ,0.0,0.0,95.0,0.0,  ,  ,0.0,  ,  
2018-12-07 19:00:00,-2.7,-3.37394904533,1001.8,  ,  ,0.0,0.0,95.1,0.0,  ,  ,0.0,  ,  
2018-12-07 19:05:00,-2.7,-3.28047237065,1001.79214712,  ,  ,0.0,0.600002983073,95.7666666667,0.0,  ,  ,0.0,  ,  
2018-12-07 19:10:00,-2.63,-3.3184299253,1001.6,  ,  ,0.0,0.0,95.0,0.0,  ,  ,0.0,  ,  
2018-12-07 19:15:00,-2.6,-3.28860539615,1001.6,  ,  ,0.0,0.600002983073,95.0,0.0,  ,  ,0.0,  ,  
2018-12-07 19:20:00,-2.64333333333,-3.33168527875,1001.60395593,  ,  ,0.0,0.0,95.0,0.0,  ,  ,0.0,  ,  
2018-12-07 19:25:00,-2.65666666667,-3.3449406366,1001.7,  ,  ,0.0,0.0,95.0,0.0,  ,  ,0.0,  ,  
2018-12-07 19:30:00,-2.6,-3.28860539615,1001.7,  ,  ,0.0,0.0,95.0,0.0,  ,  ,0.0,  ,  
2018-12-07 19:35:00,-2.6,-3.32622563863,1001.69607551,  ,  ,0.0,0.0,94.7333333333,0.0,  ,  ,0.0,  ,  
2018-12-07 19:40:00,-2.6,-3.43016710981,1001.6,  ,  ,0.0,0.0,94.0,0.0,  ,  ,0.0,  ,  
2018-12-07 19:45:00,-2.64666666667,-3.47650481932,1001.6,  ,  ,0.0,0.0,94.0,0.0,  ,  ,0.0,  ,  
2018-12-07 19:50:00,-2.7,-3.52946228115,1001.6,  ,  ,0.0,0.0,94.0,0.0,  ,  ,0.0,  ,  
2018-12-07 19:55:00,-2.7,-3.52946228115,1001.6,  ,  ,0.0,0.0,94.0,0.0,  ,  ,0.0,  ,  
2018-12-07 20:00:00,-2.7,-3.52946228115,1001.6,  ,  ,0.0,0.600002983073,94.0,0.0,  ,  ,0.0,  ,  
2018-12-07 20:05:00,-2.65666666667,-3.48643433695,1001.59602583,  ,  ,0.0,0.900004474609,94.0,0.0,  ,  ,0.0,  ,  
2018-12-07 20:10:00,-2.6,-3.43016710981,1001.5,  ,  ,0.0,0.0,94.0,0.0,  ,  ,0.0,  ,  
2018-12-07 20:15:00,-2.6,-3.4776508848,1001.5,  ,  ,0.0,0.0,93.6666666667,0.0,  ,  ,0.0,  ,  
2018-12-07 20:20:00,-2.6,-3.5635001981,1001.50392449,  ,  ,0.0,0.0,93.0666666667,0.0,  ,  ,0.0,  ,  
2018-12-07 20:25:00,-2.67,-3.58996744367,1001.6,  ,  ,0.0,0.0,93.3666666667,0.0,  ,  ,0.0,  ,  
2018-12-07 20:30:00,-2.7,-3.52946228115,1001.6,  ,  ,0.0,0.0,94.0,0.0,  ,  ,0.0,  ,  
2018-12-07 20:35:00,-2.7,-3.52946228115,1001.59604407,  ,  ,0.0,0.0,94.0,0.0,  ,  ,0.0,  ,  
2018-12-07 20:40:00,-2.73,-3.55925089072,1001.5,  ,  ,0.0,0.600002983073,94.0,0.0,  ,  ,0.0,  ,  
2018-12-07 20:45:00,-2.78333333333,-3.61220848512,1001.5,  ,  ,0.0,0.0,94.0,0.0,  ,  ,0.0,  ,  
2018-12-07 20:50:00,-2.8,-3.62875775077,1001.49597615,  ,  ,0.0,0.900004474609,94.0,0.0,  ,  ,0.0,  ,  
2018-12-07 20:55:00,-2.78666666667,-3.63446390656,1001.4,  ,  ,0.0,0.600002983073,93.8666666667,0.0,  ,  ,0.0,  ,  
2018-12-07 21:00:00,-2.79666666667,-3.65861548179,1001.4,  ,  ,0.0,0.0,93.7666666667,0.0,  ,  ,0.0,  ,  
2018-12-07 21:05:00,-2.8,-3.68090961203,1001.4,  ,  ,0.0,0.0,93.6333333333,0.0,  ,  ,0.0,  ,  
2018-12-07 21:10:00,-2.8,-3.62875775077,1001.4,  ,  ,0.0,0.80000397743,94.0,0.0,  ,  ,0.0,  ,  
2018-12-07 21:15:00,-2.8,-3.62875775077,1001.4,  ,  ,0.0,0.900004474609,94.0,0.0,  ,  ,0.0,  ,  
2018-12-07 21:20:00,-2.8,-3.62875775077,1001.39597416,  ,  ,0.0,0.600002983073,94.0,0.0,  ,  ,0.0,  ,  
2018-12-07 21:25:00,-2.8,-3.62875775077,1001.3,  ,  ,0.0,0.600002983073,94.0,0.0,  ,  ,0.0,  ,  
2018-12-07 21:30:00,-2.70666666667,-3.63111348534,1001.3,  ,  ,0.0,0.0,93.3333333333,0.0,  ,  ,0.0,  ,  
2018-12-07 21:35:00,-2.79333333333,-3.76480615578,1001.3,  ,  ,0.0,0.0,93.0,0.0,  ,  ,0.0,  ,  
2018-12-07 21:40:00,-2.8,-3.64770117684,1001.3,  ,  ,0.0,0.0,93.8666666667,0.0,  ,  ,0.0,  ,  
2018-12-07 21:45:00,-2.8,-3.70943239305,1001.3,  ,  ,0.0,0.0,93.4333333333,0.0,  ,  ,0.0,  ,  
2018-12-07 21:50:00,-2.81631799163,-3.67349997686,1001.3,  ,  ,0.0,0.0,93.7991631799,0.0,  ,  ,0.0,  ,  
2018-12-07 21:55:00,-2.9,-3.72805351867,1001.3,  ,  ,0.0,0.0,94.0,0.0,  ,  ,0.0,  ,  
2018-12-07 22:00:00,-2.81708333333,-3.59375634853,1001.3,  ,  ,0.0,0.0,94.3666666667,0.0,  ,  ,0.0,  ,  
2018-12-07 22:05:00,-2.81625,-3.64903456107,1001.29205166,  ,  ,0.0,0.0,93.9708333333,0.0,  ,  ,0.0,  ,  
2018-12-07 22:10:00,-2.92291666667,-3.81299145212,1001.1,  ,  ,0.0,0.600002983073,93.5625,0.0,  ,  ,0.0,  ,  
2018-12-07 22:15:00,-2.97375,-3.8012843386,1001.1,  ,  ,0.0,0.0,94.0,0.0,  ,  ,0.0,  ,  
2018-12-07 22:20:00,-2.9,-3.72805351867,1001.1,  ,  ,0.0,0.600002983073,94.0,0.0,  ,  ,0.0,  ,  
2018-12-07 22:25:00,-2.9,-3.72805351867,1001.1,  ,  ,0.0,0.0,94.0,0.0,  ,  ,0.0,  ,  
2018-12-07 22:30:00,-2.80375,-3.63248133669,1001.1,  ,  ,0.0,0.0,94.0,0.0,  ,  ,0.0,  ,  
2018-12-07 22:35:00,-2.78375,-3.61262221666,1001.1,  ,  ,0.0,0.0,94.0,0.0,  ,  ,0.0,  ,  
2018-12-07 22:40:00,-2.7,-3.62390332293,1001.1,  ,  ,0.0,0.0,93.3375,0.0,  ,  ,0.0,  ,  
2018-12-07 22:45:00,-2.7,-3.6102053722,1001.1,  ,  ,0.0,0.0,93.4333333333,0.0,  ,  ,0.0,  ,  
2018-12-07 22:50:00,-2.7,-3.67224335123,1001.09607551,  ,  ,0.0,0.0,93.0,0.0,  ,  ,0.0,  ,  
2018-12-07 22:55:00,-2.7,-3.67224335123,1001.0,  ,  ,0.0,0.0,93.0,0.0,  ,  ,0.0,  ,  
2018-12-07 23:00:00,-2.7,-3.67224335123,1001.0,  ,  ,0.0,0.0,93.0,0.0,  ,  ,0.0,  ,  
2018-12-07 23:05:00,-2.7,-3.67224335123,1000.99604407,  ,  ,0.0,0.0,93.0,0.0,  ,  ,0.0,  ,  
2018-12-07 23:10:00,-2.7,-3.67224335123,1000.9,  ,  ,0.0,0.600002983073,93.0,0.0,  ,  ,0.0,  ,  
2018-12-07 23:15:00,-2.79291666667,-3.7643929283,1000.9,  ,  ,0.0,0.0,93.0,0.0,  ,  ,0.0,  ,  
2018-12-07 23:20:00,-2.8,-3.88111226911,1000.9,  ,  ,0.0,0.0,92.2375,0.0,  ,  ,0.0,  ,  
2018-12-07 23:25:00,-2.88958333333,-4.00417825158,1000.9,  ,  ,0.0,0.900004474609,92.0,0.0,  ,  ,0.0,  ,  
2018-12-07 23:30:00,-3.02916666667,-4.20999590343,1000.9,  ,  ,0.0,0.0,91.5333333333,0.0,  ,  ,0.0,  ,  
2018-12-07 23:35:00,-3.10333333333,-4.32637503504,1000.89607551,  ,  ,0.0,1.30000646332,91.2375,0.0,  ,  ,0.0,  ,  
2018-12-07 23:40:00,-3.19958333333,-4.59210487702,1000.8,  ,  ,0.0,2.10001044075,90.0708333333,0.0,  ,  ,0.0,  ,  
2018-12-07 23:45:00,-3.28291666667,-4.68485777445,1000.8,  ,  ,0.46291896819,3.40001690408,90.0,0.0,  ,  ,0.0,  ,  
2018-12-07 23:50:00,-3.3,-4.81420248567,1000.80392644,  ,  ,1.10000546897,2.40001193229,89.2375,0.0,  ,  ,0.0,  ,  
  

    

