Time,TemperatureC,DewpointC,PressurehPa,WindDirection,WindDirectionDegrees,WindSpeedKMH,WindSpeedGustKMH,Humidity,HourlyPrecipMM,Conditions,Clouds,dailyrainMM,SoftwareType,DateUTC
                
2020-01-08 00:00:00,0.0504166666667,-0.510359701977,756.212185776,  ,  ,1.53250761927,3.90001938997,96.0,0.0,  ,  ,0.0,  ,  
2020-01-08 00:05:00,0.1,-0.461010019176,756.212185776,  ,  ,1.60000795486,4.30002137869,96.0,0.0,  ,  ,0.0,  ,  
2020-01-08 00:10:00,0.1,-0.461010019176,756.212185776,  ,  ,1.60000795486,4.10002038433,96.0,0.0,  ,  ,0.0,  ,  
2020-01-08 00:15:00,0.1,-0.461010019176,756.185246154,  ,  ,1.60000795486,4.50002237305,96.0,0.0,  ,  ,0.0,  ,  
2020-01-08 00:20:00,0.1,-0.461010019176,756.137179608,  ,  ,1.73250861362,3.80001889279,96.0,0.0,  ,  ,0.0,  ,  
2020-01-08 00:25:00,0.11,-0.451057147856,756.137179608,  ,  ,1.80000894922,3.80001889279,96.0,0.0,  ,  ,0.0,  ,  
2020-01-08 00:30:00,0.143333333333,-0.432174385464,756.137179608,  ,  ,1.66750829046,3.80001889279,95.9,0.0,  ,  ,0.0,  ,  
2020-01-08 00:35:00,0.197083333333,-0.392997316913,756.137179608,  ,  ,1.60000795486,4.80002386458,95.8,0.0,  ,  ,0.0,  ,  
2020-01-08 00:40:00,0.2,-0.361481394839,756.137179608,  ,  ,1.798758943,3.80001889279,96.0,0.0,  ,  ,0.0,  ,  
2020-01-08 00:45:00,0.2,-0.361481394839,756.16411923,  ,  ,1.9000094464,3.3000164069,96.0,0.0,  ,  ,0.0,  ,  
2020-01-08 00:50:00,0.2,-0.361481394839,756.212185776,  ,  ,1.70125845825,5.00002485894,96.0,0.0,  ,  ,0.0,  ,  
2020-01-08 00:55:00,0.2,-0.361481394839,756.212185776,  ,  ,1.60000795486,3.60001789844,96.0,0.0,  ,  ,0.0,  ,  
2020-01-08 01:00:00,0.2,-0.361481394839,756.185283415,  ,  ,1.73250861362,4.10002038433,96.0,0.0,  ,  ,0.0,  ,  
2020-01-08 01:05:00,0.2,-0.361481394839,756.137179608,  ,  ,1.80000894922,3.60001789844,96.0,0.0,  ,  ,0.0,  ,  
2020-01-08 01:10:00,0.2,-0.361481394839,756.137179608,  ,  ,1.66750829046,4.60002287023,96.0,0.0,  ,  ,0.0,  ,  
2020-01-08 01:15:00,0.2,-0.361481394839,756.16409534,  ,  ,1.60000795486,4.10002038433,96.0,0.0,  ,  ,0.0,  ,  
2020-01-08 01:20:00,0.2,-0.361481394839,756.212185776,  ,  ,1.73250861362,3.40001690408,96.0,0.0,  ,  ,0.0,  ,  
2020-01-08 01:25:00,0.2,-0.361481394839,756.212185776,  ,  ,1.80000894922,4.30002137869,96.0,0.0,  ,  ,0.0,  ,  
2020-01-08 01:30:00,0.2,-0.361481394839,756.158417646,  ,  ,1.66750829046,3.90001938997,96.0,0.0,  ,  ,0.0,  ,  
2020-01-08 01:35:00,0.2,-0.361481394839,756.06217344,  ,  ,1.60000795486,5.30002635048,96.0,0.0,  ,  ,0.0,  ,  
2020-01-08 01:40:00,0.206666666667,-0.354846160238,756.06217344,  ,  ,1.93125960177,3.80001889279,96.0,0.0,  ,  ,0.0,  ,  
2020-01-08 01:45:00,0.236666666667,-0.324987615395,756.035243334,  ,  ,2.10001044075,3.60001789844,96.0,0.0,  ,  ,0.0,  ,  
2020-01-08 01:50:00,0.27375,-0.288079160917,755.987167272,  ,  ,1.63625813509,2.60001292665,96.0,0.0,  ,  ,0.0,  ,  
2020-01-08 01:55:00,0.293333333333,-0.268588190296,755.987167272,  ,  ,1.4000069605,5.00002485894,96.0,0.0,  ,  ,0.0,  ,  
2020-01-08 02:00:00,0.296666666667,-0.265270579029,755.960238156,  ,  ,1.33375663112,5.30002635048,96.0,0.0,  ,  ,0.0,  ,  
2020-01-08 02:05:00,0.3,-0.261952967982,755.912161104,  ,  ,1.30000646332,4.30002137869,96.0,0.0,  ,  ,0.0,  ,  
2020-01-08 02:10:00,0.3,-0.261952967982,755.912161104,  ,  ,1.63125811023,3.80001889279,96.0,0.0,  ,  ,0.0,  ,  
2020-01-08 02:15:00,0.3,-0.261952967982,755.912161104,  ,  ,1.80000894922,4.30002137869,96.0,0.0,  ,  ,0.0,  ,  
2020-01-08 02:20:00,0.303333333333,-0.258635357155,755.912161104,  ,  ,1.66750829046,4.30002137869,96.0,0.0,  ,  ,0.0,  ,  
2020-01-08 02:25:00,0.31,-0.252000136158,755.912161104,  ,  ,1.60000795486,2.80001392101,96.0,0.0,  ,  ,0.0,  ,  
2020-01-08 02:30:00,0.370416666667,-0.191868485894,755.885245372,  ,  ,1.40125696672,3.40001690408,96.0,0.0,  ,  ,0.0,  ,  
2020-01-08 02:35:00,0.396652719665,-0.180739650307,755.837154936,  ,  ,1.30000646332,4.80002386458,95.8953974895,0.0,  ,  ,0.0,  ,  
2020-01-08 02:40:00,0.4,-0.214413094682,755.837154936,  ,  ,1.36625679271,4.30002137869,95.6375,0.0,  ,  ,0.0,  ,  
2020-01-08 02:45:00,0.4,-0.162424738606,755.837154936,  ,  ,1.4000069605,5.00002485894,96.0,0.0,  ,  ,0.0,  ,  
2020-01-08 02:50:00,0.4,-0.162424738606,755.837154936,  ,  ,1.4000069605,2.80001392101,96.0,0.0,  ,  ,0.0,  ,  
2020-01-08 02:55:00,0.4,-0.162424738606,755.837154936,  ,  ,1.4000069605,3.60001789844,96.0,0.0,  ,  ,0.0,  ,  
2020-01-08 03:00:00,0.4,-0.0856571824092,755.756447852,  ,  ,1.4000069605,3.60001789844,96.5375,0.0,  ,  ,0.0,  ,  
2020-01-08 03:05:00,0.4,-0.0199033030167,755.612136432,  ,  ,1.4000069605,3.3000164069,97.0,0.0,  ,  ,0.0,  ,  
2020-01-08 03:10:00,0.396666666667,-0.0232248897418,755.612136432,  ,  ,1.20125597236,2.40001193229,97.0,0.0,  ,  ,0.0,  ,  
2020-01-08 03:15:00,0.342916666667,-0.0767854983302,755.612136432,  ,  ,1.10000546897,3.90001938997,97.0,0.0,  ,  ,0.0,  ,  
2020-01-08 03:20:00,0.313333333333,-0.106264611175,755.612136432,  ,  ,1.23250612773,2.60001292665,97.0,0.0,  ,  ,0.0,  ,  
2020-01-08 03:25:00,0.303333333333,-0.116229384636,755.612136432,  ,  ,1.30000646332,2.80001392101,97.0,0.0,  ,  ,0.0,  ,  
2020-01-08 03:30:00,0.303333333333,-0.116229384636,755.558228095,  ,  ,1.0350051458,3.60001789844,97.0,0.0,  ,  ,0.0,  ,  
2020-01-08 03:35:00,0.3,-0.119550976117,755.462124096,  ,  ,0.900004474609,3.10001541254,97.0,0.0,  ,  ,0.0,  ,  
2020-01-08 03:40:00,0.303333333333,-0.116229384636,755.462124096,  ,  ,1.03250513337,2.10001044075,97.0,0.0,  ,  ,0.0,  ,  
2020-01-08 03:45:00,0.32375,0.0364694831024,755.489054202,  ,  ,1.10000546897,2.30001143511,97.9375,0.0,  ,  ,0.0,  ,  
2020-01-08 03:50:00,0.349583333333,0.0710261191259,755.537130264,  ,  ,0.901254480824,2.80001392101,98.0,0.0,  ,  ,0.0,  ,  
2020-01-08 03:55:00,0.32,0.0415119757361,755.537130264,  ,  ,0.80000397743,3.40001690408,98.0,0.0,  ,  ,0.0,  ,  
2020-01-08 04:00:00,0.367083333333,0.0884851858228,755.564045996,  ,  ,0.866254306811,2.90001441819,98.0,0.0,  ,  ,0.0,  ,  
2020-01-08 04:05:00,0.38,0.101371637887,755.612136432,  ,  ,0.900004474609,1.60000795486,98.0,0.0,  ,  ,0.0,  ,  
2020-01-08 04:10:00,0.356666666667,0.0780928845794,755.612136432,  ,  ,0.701253486466,3.80001889279,98.0,0.0,  ,  ,0.0,  ,  
2020-01-08 04:15:00,0.38,0.101371637887,755.612136432,  ,  ,0.600002983073,2.30001143511,98.0,0.0,  ,  ,0.0,  ,  
2020-01-08 04:20:00,0.4,0.121324850757,755.612136432,  ,  ,0.732503641835,2.60001292665,98.0,0.0,  ,  ,0.0,  ,  
2020-01-08 04:25:00,0.4,0.121324850757,755.612136432,  ,  ,0.80000397743,2.60001292665,98.0,0.0,  ,  ,0.0,  ,  
2020-01-08 04:30:00,0.4,0.121324850757,755.612136432,  ,  ,0.667503318669,2.80001392101,98.0,0.0,  ,  ,0.0,  ,  
2020-01-08 04:35:00,0.4,0.121324850757,755.612136432,  ,  ,0.600002983073,2.80001392101,98.0,0.0,  ,  ,0.0,  ,  
2020-01-08 04:40:00,0.4,0.121324850757,755.612136432,  ,  ,0.798753971216,2.60001292665,98.0,0.0,  ,  ,0.0,  ,  
2020-01-08 04:45:00,0.4,0.121324850757,755.58519681,  ,  ,0.900004474609,2.30001143511,98.0,0.0,  ,  ,0.0,  ,  
2020-01-08 04:50:00,0.4,0.131280118572,755.537130264,  ,  ,0.833754145228,2.40001193229,98.0708333333,0.0,  ,  ,0.0,  ,  
2020-01-08 04:55:00,0.4,0.261284575364,755.537130264,  ,  ,0.80000397743,1.60000795486,99.0,0.0,  ,  ,0.0,  ,  
2020-01-08 05:00:00,0.4,0.261284575364,755.483325541,  ,  ,0.80000397743,2.60001292665,99.0,0.0,  ,  ,0.0,  ,  
2020-01-08 05:05:00,0.4,0.261284575364,755.387117928,  ,  ,0.80000397743,1.4000069605,99.0,0.0,  ,  ,0.0,  ,  
2020-01-08 05:10:00,0.4,0.261284575364,755.387117928,  ,  ,0.667503318669,1.9000094464,99.0,0.0,  ,  ,0.0,  ,  
2020-01-08 05:15:00,0.4,0.261284575364,755.36025508,  ,  ,0.600002983073,2.90001441819,99.0,0.0,  ,  ,0.0,  ,  
2020-01-08 05:20:00,0.4,0.261284575364,755.31211176,  ,  ,0.931254629978,2.30001143511,99.0,0.0,  ,  ,0.0,  ,  
2020-01-08 05:25:00,0.4,0.261284575364,755.31211176,  ,  ,1.10000546897,3.40001690408,99.0,0.0,  ,  ,0.0,  ,  
2020-01-08 05:30:00,0.4,0.261284575364,755.285157591,  ,  ,0.901254480824,3.40001690408,99.0,0.0,  ,  ,0.0,  ,  
2020-01-08 05:35:00,0.4,0.261284575364,755.237105592,  ,  ,0.80000397743,3.60001789844,99.0,0.0,  ,  ,0.0,  ,  
2020-01-08 05:40:00,0.4,0.261284575364,755.237105592,  ,  ,0.998754965573,2.60001292665,99.0,0.0,  ,  ,0.0,  ,  
2020-01-08 05:45:00,0.4,0.261284575364,755.237105592,  ,  ,1.10000546897,2.40001193229,99.0,0.0,  ,  ,0.0,  ,  
2020-01-08 05:50:00,0.4,0.261284575364,755.237105592,  ,  ,1.23250612773,2.80001392101,99.0,0.0,  ,  ,0.0,  ,  
2020-01-08 05:55:00,0.4,0.261284575364,755.237105592,  ,  ,1.30000646332,2.80001392101,99.0,0.0,  ,  ,0.0,  ,  
2020-01-08 06:00:00,0.4,0.261284575364,755.183274127,  ,  ,0.96875481642,2.30001143511,99.0,0.0,  ,  ,0.0,  ,  
2020-01-08 06:05:00,0.4,0.261284575364,755.087093256,  ,  ,0.80000397743,3.3000164069,99.0,0.0,  ,  ,0.0,  ,  
2020-01-08 06:10:00,0.4,0.261284575364,755.087093256,  ,  ,0.667503318669,2.80001392101,99.0,0.0,  ,  ,0.0,  ,  
2020-01-08 06:15:00,0.4,0.261284575364,755.087093256,  ,  ,0.600002983073,2.60001292665,99.0,0.0,  ,  ,0.0,  ,  
2020-01-08 06:20:00,0.4,0.261284575364,755.087093256,  ,  ,0.798753971216,3.40001690408,99.0,0.0,  ,  ,0.0,  ,  
2020-01-08 06:25:00,0.4,0.261284575364,755.087093256,  ,  ,0.900004474609,4.10002038433,99.0,0.0,  ,  ,0.0,  ,  
2020-01-08 06:30:00,0.4,0.261284575364,755.060177524,  ,  ,1.16500579213,3.10001541254,99.0,0.0,  ,  ,0.0,  ,  
2020-01-08 06:35:00,0.4,0.261284575364,755.012087088,  ,  ,1.30000646332,3.40001690408,99.0,0.0,  ,  ,0.0,  ,  
2020-01-08 06:40:00,0.4,0.261284575364,755.012087088,  ,  ,1.36625679271,3.60001789844,99.0,0.0,  ,  ,0.0,  ,  
2020-01-08 06:45:00,0.4,0.261284575364,755.012087088,  ,  ,1.4000069605,3.10001541254,99.0,0.0,  ,  ,0.0,  ,  
2020-01-08 06:50:00,0.4,0.261284575364,755.012087088,  ,  ,1.4000069605,3.10001541254,99.0,0.0,  ,  ,0.0,  ,  
2020-01-08 06:55:00,0.420416666667,0.281677458722,755.012087088,  ,  ,1.4000069605,2.60001292665,99.0,0.0,  ,  ,0.0,  ,  
2020-01-08 07:00:00,0.409583333333,0.270856745357,755.038976799,  ,  ,1.20125597236,3.60001789844,99.0,0.0,  ,  ,0.0,  ,  
2020-01-08 07:05:00,0.4,0.261284575364,755.087093256,  ,  ,1.10000546897,3.3000164069,99.0,0.0,  ,  ,0.0,  ,  
2020-01-08 07:10:00,0.4,0.261284575364,755.087093256,  ,  ,1.29875645711,4.60002287023,99.0,0.0,  ,  ,0.0,  ,  
2020-01-08 07:15:00,0.4,0.261284575364,755.06016315,  ,  ,1.4000069605,3.40001690408,99.0,0.0,  ,  ,0.0,  ,  
2020-01-08 07:20:00,0.4,0.261284575364,755.012087088,  ,  ,1.20125597236,3.3000164069,99.0,0.0,  ,  ,0.0,  ,  
2020-01-08 07:25:00,0.4,0.261284575364,755.012087088,  ,  ,1.10000546897,2.80001392101,99.0,0.0,  ,  ,0.0,  ,  
2020-01-08 07:30:00,0.4,0.261284575364,755.012087088,  ,  ,1.10000546897,3.80001889279,99.0,0.0,  ,  ,0.0,  ,  
2020-01-08 07:35:00,0.4,0.261284575364,755.012087088,  ,  ,1.10000546897,3.60001789844,99.0,0.0,  ,  ,0.0,  ,  
2020-01-08 07:40:00,0.4,0.261284575364,755.012087088,  ,  ,1.23250612773,4.80002386458,99.0,0.0,  ,  ,0.0,  ,  
2020-01-08 07:45:00,0.4,0.261284575364,754.958255623,  ,  ,1.30000646332,3.90001938997,99.0,0.0,  ,  ,0.0,  ,  
2020-01-08 07:50:00,0.4,0.261284575364,754.862074752,  ,  ,1.30000646332,2.90001441819,99.0,0.0,  ,  ,0.0,  ,  
2020-01-08 07:55:00,0.4,0.261284575364,754.862074752,  ,  ,1.30000646332,3.40001690408,99.0,0.0,  ,  ,0.0,  ,  
2020-01-08 08:00:00,0.4,0.261284575364,754.83515902,  ,  ,1.0350051458,3.40001690408,99.0,0.0,  ,  ,0.0,  ,  
2020-01-08 08:05:00,0.4,0.261284575364,754.787068584,  ,  ,0.900004474609,2.60001292665,99.0,0.0,  ,  ,0.0,  ,  
2020-01-08 08:10:00,0.4,0.261284575364,754.787068584,  ,  ,0.900004474609,2.60001292665,99.0,0.0,  ,  ,0.0,  ,  
2020-01-08 08:15:00,0.4,0.261284575364,754.787068584,  ,  ,0.900004474609,2.80001392101,99.0,0.0,  ,  ,0.0,  ,  
2020-01-08 08:20:00,0.4,0.261284575364,754.787068584,  ,  ,0.701253486466,3.3000164069,99.0,0.0,  ,  ,0.0,  ,  
2020-01-08 08:25:00,0.4,0.261284575364,754.787068584,  ,  ,0.600002983073,3.80001889279,99.0,0.0,  ,  ,0.0,  ,  
2020-01-08 08:30:00,0.4,0.261284575364,754.787068584,  ,  ,0.732503641835,3.40001690408,99.0,0.0,  ,  ,0.0,  ,  
2020-01-08 08:35:00,0.4,0.261284575364,754.787068584,  ,  ,0.80000397743,3.80001889279,99.0,0.0,  ,  ,0.0,  ,  
2020-01-08 08:40:00,0.4,0.261284575364,754.787068584,  ,  ,0.80000397743,2.80001392101,99.0,0.0,  ,  ,0.0,  ,  
2020-01-08 08:45:00,0.4,0.261284575364,754.814008206,  ,  ,0.80000397743,4.50002237305,99.0,0.0,  ,  ,0.0,  ,  
2020-01-08 08:50:00,0.443333333333,0.304567427411,754.862074752,  ,  ,0.866254306811,3.3000164069,99.0,0.0,  ,  ,0.0,  ,  
2020-01-08 08:55:00,0.477083333333,0.338278103897,754.862074752,  ,  ,0.900004474609,2.40001193229,99.0,0.0,  ,  ,0.0,  ,  
2020-01-08 09:00:00,0.5,0.361168066239,754.835238713,  ,  ,0.701253486466,3.80001889279,99.0,0.0,  ,  ,0.0,  ,  
2020-01-08 09:05:00,0.5,0.361168066239,754.787068584,  ,  ,0.600002983073,3.60001789844,99.0,0.0,  ,  ,0.0,  ,  
2020-01-08 09:10:00,0.5,0.361168066239,754.787068584,  ,  ,0.931254629978,2.90001441819,99.0,0.0,  ,  ,0.0,  ,  
2020-01-08 09:15:00,0.5,0.361168066239,754.81399869,  ,  ,1.10000546897,4.50002237305,99.0,0.0,  ,  ,0.0,  ,  
2020-01-08 09:20:00,0.5,0.361168066239,754.862074752,  ,  ,0.901254480824,3.10001541254,99.0,0.0,  ,  ,0.0,  ,  
2020-01-08 09:25:00,0.503333333333,0.364497515093,754.862074752,  ,  ,0.80000397743,4.10002038433,99.0,0.0,  ,  ,0.0,  ,  
2020-01-08 09:30:00,0.537083333333,0.398208181681,754.808195508,  ,  ,0.866254306811,3.90001938997,99.0,0.0,  ,  ,0.0,  ,  
2020-01-08 09:35:00,0.593333333333,0.454392613622,754.712062416,  ,  ,0.900004474609,3.60001789844,99.0,0.0,  ,  ,0.0,  ,  
2020-01-08 09:40:00,0.6,0.461051508235,754.712062416,  ,  ,0.900004474609,3.90001938997,99.0,0.0,  ,  ,0.0,  ,  
2020-01-08 09:45:00,0.6,0.461051508235,754.685146684,  ,  ,0.900004474609,3.3000164069,99.0,0.0,  ,  ,0.0,  ,  
2020-01-08 09:50:00,0.6,0.461051508235,754.637056248,  ,  ,1.03250513337,4.30002137869,99.0,0.0,  ,  ,0.0,  ,  
2020-01-08 09:55:00,0.6,0.461051508235,754.637056248,  ,  ,1.10000546897,2.80001392101,99.0,0.0,  ,  ,0.0,  ,  
2020-01-08 10:00:00,0.6,0.461051508235,754.583224783,  ,  ,0.967504810205,4.50002237305,99.0,0.0,  ,  ,0.0,  ,  
2020-01-08 10:05:00,0.6,0.461051508235,754.487043912,  ,  ,0.900004474609,2.90001441819,99.0,0.0,  ,  ,0.0,  ,  
2020-01-08 10:10:00,0.6,0.461051508235,754.487043912,  ,  ,1.03250513337,4.10002038433,99.0,0.0,  ,  ,0.0,  ,  
2020-01-08 10:15:00,0.680416666667,0.541374407381,754.46010429,  ,  ,1.10000546897,2.60001292665,99.0,0.0,  ,  ,0.0,  ,  
2020-01-08 10:20:00,0.7,0.56093490135,754.412037744,  ,  ,1.10000546897,3.40001690408,99.0,0.0,  ,  ,0.0,  ,  
2020-01-08 10:25:00,0.7,0.56093490135,754.412037744,  ,  ,1.10000546897,3.90001938997,99.0,0.0,  ,  ,0.0,  ,  
2020-01-08 10:30:00,0.7,0.56093490135,754.385122012,  ,  ,1.29875645711,4.10002038433,99.0,0.0,  ,  ,0.0,  ,  
2020-01-08 10:35:00,0.7,0.56093490135,754.337031576,  ,  ,1.4000069605,4.10002038433,99.0,0.0,  ,  ,0.0,  ,  
2020-01-08 10:40:00,0.7,0.56093490135,754.337031576,  ,  ,1.33375663112,4.50002237305,99.0,0.0,  ,  ,0.0,  ,  
2020-01-08 10:45:00,0.716666666667,0.572924626943,754.337031576,  ,  ,1.30000646332,5.00002485894,98.9666666667,0.0,  ,  ,0.0,  ,  
2020-01-08 10:50:00,0.780416666667,0.504963934821,754.337031576,  ,  ,1.30000646332,3.60001789844,98.0291666667,0.0,  ,  ,0.0,  ,  
2020-01-08 10:55:00,0.8,0.520388284268,754.337031576,  ,  ,1.30000646332,3.40001690408,98.0,0.0,  ,  ,0.0,  ,  
2020-01-08 11:00:00,0.8,0.520388284268,754.310131262,  ,  ,1.30000646332,3.40001690408,98.0,0.0,  ,  ,0.0,  ,  
2020-01-08 11:05:00,0.8,0.520388284268,754.262025408,  ,  ,1.30000646332,3.80001889279,98.0,0.0,  ,  ,0.254,  ,  
2020-01-08 11:10:00,0.8,0.520388284268,754.262025408,  ,  ,1.30000646332,4.10002038433,98.0,0.0,  ,  ,0.254,  ,  
2020-01-08 11:15:00,0.8,0.520388284268,754.208165195,  ,  ,1.30000646332,7.1000352997,98.0,0.0,  ,  ,0.254,  ,  
2020-01-08 11:20:00,0.8,0.520388284268,754.112013072,  ,  ,1.63125811023,5.50002734483,98.0,0.0,  ,  ,0.254,  ,  
2020-01-08 11:25:00,0.8,0.39232153043,754.112013072,  ,  ,1.80000894922,7.00003480252,97.0958333333,0.0,  ,  ,0.254,  ,  
2020-01-08 11:30:00,0.84375,0.422281465491,754.030871736,  ,  ,1.99875993736,5.60002784201,97.0,0.0,  ,  ,0.254,  ,  
2020-01-08 11:35:00,0.896666666667,0.475011286161,753.886994568,  ,  ,2.10001044075,5.60002784201,97.0,0.0,  ,  ,0.254,  ,  
2020-01-08 11:40:00,0.9,0.478332848284,753.886994568,  ,  ,1.76875879385,4.80002386458,97.0,0.0,  ,  ,0.254,  ,  
2020-01-08 11:45:00,0.9,0.478332848284,753.860078836,  ,  ,1.60000795486,5.00002485894,97.0,0.0,  ,  ,0.254,  ,  
2020-01-08 11:50:00,0.9,0.478332848284,753.8119884,  ,  ,1.73250861362,5.60002784201,97.0,0.0,  ,  ,0.254,  ,  
2020-01-08 11:55:00,0.9,0.478332848284,753.8119884,  ,  ,1.80000894922,4.30002137869,97.0,0.0,  ,  ,0.254,  ,  
2020-01-08 12:00:00,0.9,0.382468495935,753.758156936,  ,  ,1.8662592786,3.60001789844,96.3291666667,0.0,  ,  ,0.254,  ,  
2020-01-08 12:05:00,0.9,0.335213446101,753.661976064,  ,  ,1.9000094464,5.00002485894,96.0,0.0,  ,  ,0.254,  ,  
2020-01-08 12:10:00,0.9,0.335213446101,753.661976064,  ,  ,1.56875779949,4.60002287023,96.0,0.0,  ,  ,0.254,  ,  
2020-01-08 12:15:00,0.9,0.335213446101,753.635036442,  ,  ,1.4000069605,4.80002386458,96.0,0.0,  ,  ,0.254,  ,  
2020-01-08 12:20:00,0.9,0.219162332622,753.586969896,  ,  ,1.86375926617,6.00002983073,95.1958333333,0.0,  ,  ,0.254,  ,  
2020-01-08 12:25:00,0.9,0.190769987745,753.586969896,  ,  ,2.10001044075,6.00002983073,95.0,0.0,  ,  ,0.254,  ,  
2020-01-08 12:30:00,0.95375,0.244200886951,753.533138431,  ,  ,2.10001044075,6.6000328138,95.0,0.0,  ,  ,0.254,  ,  
2020-01-08 12:35:00,0.972916666667,0.238428548493,753.43695756,  ,  ,2.10001044075,5.60002784201,94.8291666667,0.0,  ,  ,0.254,  ,  
2020-01-08 12:40:00,0.913333333333,0.0582139249424,753.43695756,  ,  ,2.10001044075,4.60002287023,94.0,0.0,  ,  ,0.254,  ,  
2020-01-08 12:45:00,0.967083333333,0.111579324057,753.410017938,  ,  ,2.10001044075,5.00002485894,94.0,0.0,  ,  ,0.254,  ,  
2020-01-08 12:50:00,0.973333333333,0.117784597432,753.361951392,  ,  ,1.90125945261,4.50002237305,94.0,0.0,  ,  ,0.254,  ,  
2020-01-08 12:55:00,0.986666666667,0.00777185465918,753.361951392,  ,  ,1.80000894922,5.10002535612,93.1625,0.0,  ,  ,0.254,  ,  
2020-01-08 13:00:00,0.996666666667,-0.00633972995633,753.361951392,  ,  ,1.80000894922,5.50002734483,93.0,0.0,  ,  ,0.254,  ,  
2020-01-08 13:05:00,0.993333333333,-0.00964510892277,753.361951392,  ,  ,1.80000894922,6.00002983073,93.0,0.0,  ,  ,0.254,  ,  
2020-01-08 13:10:00,0.952916666667,-0.129442071156,753.361951392,  ,  ,1.8662592786,7.60003778559,92.4625,0.0,  ,  ,0.254,  ,  
2020-01-08 13:15:00,0.903333333333,-0.247472500957,753.33503566,  ,  ,1.9000094464,5.30002635048,92.0,0.0,  ,  ,0.254,  ,  
2020-01-08 13:20:00,0.9,-0.250773758107,753.286945224,  ,  ,2.03251010516,4.80002386458,92.0,0.0,  ,  ,0.254,  ,  
2020-01-08 13:25:00,0.9,-0.250773758107,753.286945224,  ,  ,2.10001044075,6.50003231662,92.0,0.0,  ,  ,0.254,  ,  
2020-01-08 13:30:00,0.9,-0.250773758107,753.259991056,  ,  ,2.10001044075,6.30003132226,92.0,0.0,  ,  ,0.254,  ,  
2020-01-08 13:35:00,0.9,-0.301241218801,753.211939056,  ,  ,2.10001044075,6.6000328138,91.6625,0.0,  ,  ,0.254,  ,  
2020-01-08 13:40:00,0.896666666667,-0.404083800986,753.211939056,  ,  ,2.23251109952,5.10002535612,91.0,0.0,  ,  ,0.254,  ,  
2020-01-08 13:45:00,0.9,-0.385719992363,753.158078843,  ,  ,2.30001143511,5.60002784201,91.1,0.0,  ,  ,0.254,  ,  
2020-01-08 13:50:00,0.9,-0.290012043478,753.06192672,  ,  ,2.16751077635,5.60002784201,91.7375,0.0,  ,  ,0.254,  ,  
2020-01-08 13:55:00,0.9,-0.250773758107,753.06192672,  ,  ,2.10001044075,5.30002635048,92.0,0.0,  ,  ,0.254,  ,  
2020-01-08 14:00:00,0.9,-0.165786651392,753.007859462,  ,  ,2.56376274642,5.30002635048,92.5708333333,0.0,  ,  ,0.254,  ,  
2020-01-08 14:05:00,0.862916666667,-0.138968365481,752.911914384,  ,  ,2.80001392101,5.30002635048,93.0,0.0,  ,  ,0.254,  ,  
2020-01-08 14:10:00,0.8,-0.131948901645,752.911914384,  ,  ,2.20376095658,2.90001441819,93.4708333333,0.0,  ,  ,0.254,  ,  
2020-01-08 14:15:00,0.76625,-0.0878174138823,752.885012023,  ,  ,1.9000094464,3.40001690408,94.0,0.0,  ,  ,0.254,  ,  
2020-01-08 14:20:00,0.7,-0.153593780079,752.836908216,  ,  ,1.37000681135,3.3000164069,94.0,0.0,  ,  ,0.254,  ,  
2020-01-08 14:25:00,0.64625,-0.0705275765106,752.836908216,  ,  ,1.10000546897,4.60002287023,94.9375,0.0,  ,  ,0.254,  ,  
2020-01-08 14:30:00,0.6,-0.219431258986,752.783076751,  ,  ,1.23250612773,4.60002287023,94.2291666667,0.0,  ,  ,0.254,  ,  
2020-01-08 14:35:00,0.589583333333,-0.151009771427,752.68689588,  ,  ,1.30000646332,4.80002386458,94.7708333333,0.0,  ,  ,0.254,  ,  
2020-01-08 14:40:00,0.503333333333,-0.203543977137,752.68689588,  ,  ,1.63125811023,3.10001541254,95.0,0.0,  ,  ,0.254,  ,  
2020-01-08 14:45:00,0.49625,-0.210585333356,752.659956258,  ,  ,1.80000894922,3.90001938997,95.0,0.0,  ,  ,0.254,  ,  
2020-01-08 14:50:00,0.416666666667,-0.289697126877,752.611889712,  ,  ,1.46875730231,2.90001441819,95.0,0.0,  ,  ,0.254,  ,  
2020-01-08 14:55:00,0.4,-0.306265061617,752.611889712,  ,  ,1.30000646332,3.60001789844,95.0,0.0,  ,  ,0.254,  ,  
2020-01-08 15:00:00,0.4,-0.306265061617,752.611889712,  ,  ,1.36625679271,3.80001889279,95.0,0.0,  ,  ,0.254,  ,  
2020-01-08 15:05:00,0.4,-0.306265061617,752.611889712,  ,  ,1.4000069605,4.10002038433,95.0,0.0,  ,  ,0.254,  ,  
2020-01-08 15:10:00,0.4,-0.306265061617,752.611889712,  ,  ,1.73125860741,5.50002734483,95.0,0.0,  ,  ,0.254,  ,  
2020-01-08 15:15:00,0.329583333333,-0.376264661835,752.531142515,  ,  ,1.9000094464,8.0000397743,95.0,0.0,  ,  ,0.254,  ,  
2020-01-08 15:20:00,0.3,-0.405672814539,752.386871208,  ,  ,2.36376175206,7.50003728841,95.0,0.0,  ,  ,0.254,  ,  
2020-01-08 15:25:00,0.306666666667,-0.481691265329,752.386871208,  ,  ,2.60001292665,5.80002883637,94.4291666667,0.0,  ,  ,0.254,  ,  
2020-01-08 15:30:00,0.39375,-0.457656041891,752.386871208,  ,  ,2.60001292665,6.00002983073,94.0,0.0,  ,  ,0.254,  ,  
2020-01-08 15:35:00,0.4,-0.45145066165,752.386871208,  ,  ,2.60001292665,5.30002635048,94.0,0.0,  ,  ,0.254,  ,  
2020-01-08 15:40:00,0.4,-0.45145066165,752.386871208,  ,  ,2.13626062098,3.40001690408,94.0,0.0,  ,  ,0.254,  ,  
2020-01-08 15:45:00,0.4,-0.481260532396,752.386871208,  ,  ,1.9000094464,4.60002287023,93.7958333333,0.0,  ,  ,0.254,  ,  
2020-01-08 15:50:00,0.4,-0.598008744952,752.386871208,  ,  ,1.9000094464,4.30002137869,93.0,0.0,  ,  ,0.254,  ,  
2020-01-08 15:55:00,0.4,-0.598008744952,752.386871208,  ,  ,1.9000094464,5.80002883637,93.0,0.0,  ,  ,0.254,  ,  
2020-01-08 16:00:00,0.410416666667,-0.587679221186,752.386871208,  ,  ,1.9000094464,4.50002237305,93.0,0.0,  ,  ,0.254,  ,  
2020-01-08 16:05:00,0.5,-0.588142474731,752.386871208,  ,  ,1.9000094464,5.10002535612,92.3958333333,0.0,  ,  ,0.254,  ,  
2020-01-08 16:10:00,0.500416666667,-0.676923668636,752.386871208,  ,  ,2.16501076392,7.30003629405,91.7958333333,0.0,  ,  ,0.254,  ,  
2020-01-08 16:15:00,0.596666666667,-0.700823748807,752.359968847,  ,  ,2.30001143511,5.60002784201,91.0,0.0,  ,  ,0.254,  ,  
2020-01-08 16:20:00,0.6,-0.697526615926,752.31186504,  ,  ,2.30001143511,7.00003480252,91.0,0.0,  ,  ,0.254,  ,  
2020-01-08 16:25:00,0.6,-0.697526615926,752.31186504,  ,  ,2.30001143511,5.10002535612,91.0,0.0,  ,  ,0.254,  ,  
2020-01-08 16:30:00,0.6,-0.697526615926,752.258033576,  ,  ,2.03501011759,5.60002784201,91.0,0.0,  ,  ,0.254,  ,  
2020-01-08 16:35:00,0.6,-0.697526615926,752.161852704,  ,  ,1.9000094464,6.80003380816,91.0,0.0,  ,  ,0.254,  ,  
2020-01-08 16:40:00,0.6,-0.697526615926,752.161852704,  ,  ,2.03251010516,6.50003231662,91.0,0.0,  ,  ,0.254,  ,  
2020-01-08 16:45:00,0.61,-0.687635220297,752.134913082,  ,  ,2.10001044075,7.1000352997,91.0,0.0,  ,  ,0.254,  ,  
2020-01-08 16:50:00,0.650416666667,-0.647657542347,752.086846536,  ,  ,2.2987614289,6.10003032791,91.0,0.0,  ,  ,0.254,  ,  
2020-01-08 16:55:00,0.673333333333,-0.650086104006,752.086846536,  ,  ,2.40001193229,6.00002983073,90.8333333333,0.0,  ,  ,0.254,  ,  
2020-01-08 17:00:00,0.686666666667,-0.611801337308,752.086846536,  ,  ,2.06876028539,3.90001938997,91.0,0.0,  ,  ,0.254,  ,  
2020-01-08 17:05:00,0.683333333333,-0.701229978538,752.086846536,  ,  ,1.9000094464,5.60002784201,90.4291666667,0.0,  ,  ,0.254,  ,  
2020-01-08 17:10:00,0.699583333333,-0.689582581617,752.086846536,  ,  ,2.03251010516,3.80001889279,90.4,0.0,  ,  ,0.254,  ,  
2020-01-08 17:15:00,0.660416666667,-0.788941882388,752.033015071,  ,  ,2.10001044075,4.80002386458,90.0,0.0,  ,  ,0.254,  ,  
2020-01-08 17:20:00,0.65625,-0.793058032431,751.9368342,  ,  ,2.10001044075,6.00002983073,90.0,0.0,  ,  ,0.254,  ,  
2020-01-08 17:25:00,0.65375,-0.795527722878,751.9368342,  ,  ,2.10001044075,5.30002635048,90.0,0.0,  ,  ,0.254,  ,  
2020-01-08 17:30:00,0.69,-0.759717242239,751.909894578,  ,  ,2.10001044075,5.80002883637,90.0,0.0,  ,  ,0.254,  ,  
2020-01-08 17:35:00,0.7,-0.749838500615,751.861828032,  ,  ,2.10001044075,5.30002635048,90.0,0.0,  ,  ,0.254,  ,  
2020-01-08 17:40:00,0.7,-0.898082064501,751.861828032,  ,  ,2.23251109952,4.10002038433,89.0291666667,0.0,  ,  ,0.254,  ,  
2020-01-08 17:45:00,0.7,-0.902557819878,751.834911404,  ,  ,2.30001143511,5.10002535612,89.0,0.0,  ,  ,0.254,  ,  
2020-01-08 17:50:00,0.7,-0.902557819878,751.786821864,  ,  ,2.16751077635,6.50003231662,89.0,0.0,  ,  ,0.254,  ,  
2020-01-08 17:55:00,0.7,-0.902557819878,751.786821864,  ,  ,2.10001044075,5.60002784201,89.0,0.0,  ,  ,0.254,  ,  
2020-01-08 18:00:00,0.7,-1.02131849406,751.759867696,  ,  ,2.23251109952,7.60003778559,88.2291666667,0.0,  ,  ,0.254,  ,  
2020-01-08 18:05:00,0.71,-1.04694958003,751.711815696,  ,  ,2.30001143511,6.10003032791,88.0,0.0,  ,  ,0.254,  ,  
2020-01-08 18:10:00,0.74,-1.01739014493,751.711815696,  ,  ,2.6975134114,6.00002983073,88.0,0.0,  ,  ,0.254,  ,  
2020-01-08 18:15:00,0.763333333333,-0.968571077307,751.631108612,  ,  ,2.90001441819,5.30002635048,88.1666666667,0.0,  ,  ,0.254,  ,  
2020-01-08 18:20:00,0.726666666667,-1.03052766488,751.486797192,  ,  ,2.8337640888,4.60002287023,88.0,0.0,  ,  ,0.254,  ,  
2020-01-08 18:25:00,0.7,-1.05680273725,751.486797192,  ,  ,2.80001392101,5.50002734483,88.0,0.0,  ,  ,0.254,  ,  
2020-01-08 18:30:00,0.7,-1.05680273725,751.45988146,  ,  ,2.66751326224,4.80002386458,88.0,0.0,  ,  ,0.254,  ,  
2020-01-08 18:35:00,0.7,-1.05680273725,751.411791024,  ,  ,2.60001292665,6.10003032791,88.0,0.0,  ,  ,0.254,  ,  
2020-01-08 18:40:00,0.7,-1.05680273725,751.411791024,  ,  ,2.60001292665,5.00002485894,88.0,0.0,  ,  ,0.254,  ,  
2020-01-08 18:45:00,0.7,-1.07748575255,751.384912571,  ,  ,2.60001292665,5.00002485894,87.8666666667,0.0,  ,  ,0.254,  ,  
2020-01-08 18:50:00,0.7,-1.12412425106,751.336784856,  ,  ,2.46779469607,5.00002485894,87.5666666667,0.0,  ,  ,0.254,  ,  
2020-01-08 18:55:00,0.7,-1.05680273725,751.336784856,  ,  ,2.40001193229,4.30002137869,88.0,0.0,  ,  ,0.254,  ,  
2020-01-08 19:00:00,0.7,-1.05680273725,751.309980962,  ,  ,2.33417827165,5.30002635048,88.0,0.0,  ,  ,0.254,  ,  
2020-01-08 19:05:00,0.726666666667,-1.13424442483,751.261778688,  ,  ,2.30001143511,8.80004375174,87.3333333333,0.0,  ,  ,0.254,  ,  
2020-01-08 19:10:00,0.736666666667,-1.15565414213,751.261778688,  ,  ,2.69501339897,5.10002535612,87.1333333333,0.0,  ,  ,0.254,  ,  
2020-01-08 19:15:00,0.736666666667,-1.17652557214,751.154563112,  ,  ,2.90001441819,6.6000328138,87.0,0.0,  ,  ,0.254,  ,  
2020-01-08 19:20:00,0.763333333333,-1.15028515353,750.961754016,  ,  ,3.03168173947,6.50003231662,87.0,0.0,  ,  ,0.254,  ,  
2020-01-08 19:25:00,0.703333333333,-1.20932616162,750.961754016,  ,  ,3.10001541254,6.50003231662,87.0,0.0,  ,  ,0.254,  ,  
2020-01-08 19:30:00,0.7,-1.21260622462,750.881270497,  ,  ,3.23168273383,6.50003231662,87.0,0.0,  ,  ,0.254,  ,  
2020-01-08 19:35:00,0.7,-1.21260622462,750.736735512,  ,  ,3.3000164069,4.80002386458,87.0,0.0,  ,  ,0.254,  ,  
2020-01-08 19:40:00,0.7,-1.21260622462,750.736735512,  ,  ,3.16834908562,5.60002784201,87.0,0.0,  ,  ,0.254,  ,  
2020-01-08 19:45:00,0.7,-1.21260622462,750.683181108,  ,  ,3.10001541254,5.30002635048,87.0,0.0,  ,  ,0.254,  ,  
2020-01-08 19:50:00,0.7,-1.21260622462,750.586723176,  ,  ,2.96834809126,4.50002237305,87.0,0.0,  ,  ,0.254,  ,  
2020-01-08 19:55:00,0.7,-1.21260622462,750.586723176,  ,  ,2.90001441819,6.10003032791,87.0,0.0,  ,  ,0.254,  ,  
2020-01-08 20:00:00,0.7,-1.21260622462,750.506198536,  ,  ,2.83418075754,7.1000352997,87.0,0.0,  ,  ,0.254,  ,  
2020-01-08 20:05:00,0.7,-1.21260622462,750.361704672,  ,  ,2.80001392101,7.00003480252,87.0,0.0,  ,  ,0.254,  ,  
2020-01-08 20:10:00,0.7,-1.21260622462,750.361704672,  ,  ,3.12918222422,7.60003778559,87.0,0.0,  ,  ,0.254,  ,  
2020-01-08 20:15:00,0.7,-1.21260622462,750.307909725,  ,  ,3.3000164069,6.80003380816,87.0,0.0,  ,  ,0.254,  ,  
2020-01-08 20:20:00,0.7,-1.21260622462,750.211692336,  ,  ,3.3000164069,5.60002784201,87.0,0.0,  ,  ,0.254,  ,  
2020-01-08 20:25:00,0.7,-1.21260622462,750.211692336,  ,  ,3.3000164069,6.30003132226,87.0,0.0,  ,  ,0.254,  ,  
2020-01-08 20:30:00,0.7,-1.21260622462,750.158084548,  ,  ,2.97084810369,7.00003480252,87.0,0.0,  ,  ,0.254,  ,  
2020-01-08 20:35:00,0.7,-1.21260622462,750.06168,  ,  ,2.80001392101,7.30003629405,87.0,0.0,  ,  ,0.254,  ,  
2020-01-08 20:40:00,0.7,-1.21260622462,750.06168,  ,  ,2.80001392101,7.30003629405,87.0,0.0,  ,  ,0.254,  ,  
2020-01-08 20:45:00,0.7,-1.21260622462,749.981196481,  ,  ,2.80001392101,6.10003032791,87.0,0.0,  ,  ,0.254,  ,  
2020-01-08 20:50:00,0.7,-1.21260622462,749.836661496,  ,  ,2.99751490293,7.30003629405,87.0,0.0,  ,  ,0.254,  ,  
2020-01-08 20:55:00,0.7,-1.21260622462,749.836661496,  ,  ,3.10001541254,5.50002734483,87.0,0.0,  ,  ,0.254,  ,  
2020-01-08 21:00:00,0.7,-1.21260622462,749.756249814,  ,  ,2.5733461274,5.50002734483,87.0,0.0,  ,  ,0.254,  ,  
2020-01-08 21:05:00,0.7,-1.15529518226,749.611642992,  ,  ,2.30001143511,6.80003380816,87.3666666667,0.0,  ,  ,0.254,  ,  
2020-01-08 21:10:00,0.7,-1.09301624416,749.611642992,  ,  ,2.82668072025,6.30003132226,87.7666666667,0.0,  ,  ,0.254,  ,  
2020-01-08 21:15:00,0.72,-1.19292585768,749.558035204,  ,  ,3.10001541254,7.30003629405,87.0,0.0,  ,  ,0.254,  ,  
2020-01-08 21:20:00,0.713333333333,-1.11099418348,749.461630656,  ,  ,2.90251443061,5.60002784201,87.5666666667,0.0,  ,  ,0.254,  ,  
2020-01-08 21:25:00,0.733333333333,-1.04982418893,749.461630656,  ,  ,2.80001392101,5.50002734483,87.8333333333,0.0,  ,  ,0.254,  ,  
2020-01-08 21:30:00,0.713333333333,-1.06435050739,749.407974977,  ,  ,2.66834659972,5.10002535612,87.8666666667,0.0,  ,  ,0.254,  ,  
2020-01-08 21:35:00,0.713333333333,-1.04366519565,749.31161832,  ,  ,2.60001292665,5.50002734483,88.0,0.0,  ,  ,0.254,  ,  
2020-01-08 21:40:00,0.7,-1.05680273725,749.31161832,  ,  ,2.60001292665,7.1000352997,88.0,0.0,  ,  ,0.254,  ,  
2020-01-08 21:45:00,0.7,-1.06714077664,749.231206638,  ,  ,2.60001292665,7.30003629405,87.9333333333,0.0,  ,  ,0.254,  ,  
2020-01-08 21:50:00,0.7,-1.05680273725,749.086599816,  ,  ,3.12668221179,7.30003629405,88.0,0.0,  ,  ,0.254,  ,  
2020-01-08 21:55:00,0.73,-1.02724328388,749.086599816,  ,  ,3.40001690408,5.50002734483,88.0,0.0,  ,  ,0.254,  ,  
2020-01-08 22:00:00,0.763333333333,-0.99439951109,749.006075176,  ,  ,3.00501494022,6.00002983073,88.0,0.0,  ,  ,0.254,  ,  
2020-01-08 22:05:00,0.713333333333,-1.04366519565,748.861581312,  ,  ,2.80001392101,7.30003629405,88.0,0.0,  ,  ,0.254,  ,  
2020-01-08 22:10:00,0.7,-1.05680273725,748.861581312,  ,  ,2.66834659972,7.1000352997,88.0,0.0,  ,  ,0.254,  ,  
2020-01-08 22:15:00,0.7,-1.05680273725,748.834777306,  ,  ,2.60001292665,7.30003629405,88.0,0.0,  ,  ,0.254,  ,  
2020-01-08 22:20:00,0.7,-1.05680273725,748.786575144,  ,  ,2.46834560536,6.50003231662,88.0,0.0,  ,  ,0.254,  ,  
2020-01-08 22:25:00,0.71,-1.04694958003,748.786575144,  ,  ,2.40001193229,6.50003231662,88.0,0.0,  ,  ,0.254,  ,  
2020-01-08 22:30:00,0.77,-0.987830764655,748.75977125,  ,  ,2.86084755679,6.6000328138,88.0,0.0,  ,  ,0.254,  ,  
2020-01-08 22:35:00,0.746666666667,-0.99532129217,748.711568976,  ,  ,3.10001541254,5.80002883637,88.1,0.0,  ,  ,0.254,  ,  
2020-01-08 22:40:00,0.713333333333,-0.92013245571,748.711568976,  ,  ,2.90251443061,6.50003231662,88.8,0.0,  ,  ,0.254,  ,  
2020-01-08 22:45:00,0.773333333333,-0.891757898967,748.684741136,  ,  ,2.80001392101,7.30003629405,88.6,0.0,  ,  ,0.254,  ,  
2020-01-08 22:50:00,0.8,-0.803898007055,748.636562808,  ,  ,2.99751490293,8.10004027148,89.0,0.0,  ,  ,0.254,  ,  
2020-01-08 22:55:00,0.8,-0.803898007055,748.636562808,  ,  ,3.10001541254,7.60003778559,89.0,0.0,  ,  ,0.254,  ,  
2020-01-08 23:00:00,0.8,-0.803898007055,748.58295502,  ,  ,3.23168273383,6.00002983073,89.0,0.0,  ,  ,0.254,  ,  
2020-01-08 23:05:00,0.8,-0.803898007055,748.486550472,  ,  ,3.3000164069,7.1000352997,89.0,0.0,  ,  ,0.254,  ,  
2020-01-08 23:10:00,0.8,-0.803898007055,748.486550472,  ,  ,2.70751346112,6.6000328138,89.0,0.0,  ,  ,0.254,  ,  
2020-01-08 23:15:00,0.793333333333,-0.8104753106,748.459746578,  ,  ,2.40001193229,7.1000352997,89.0,0.0,  ,  ,0.254,  ,  
2020-01-08 23:20:00,0.8,-0.803898007055,748.411544304,  ,  ,2.66334657486,5.60002784201,89.0,0.0,  ,  ,0.254,  ,  
2020-01-08 23:25:00,0.79,-0.726972711317,748.411544304,  ,  ,2.80001392101,5.80002883637,89.5666666667,0.0,  ,  ,0.254,  ,  
2020-01-08 23:30:00,0.776666666667,-0.735047307317,748.357888625,  ,  ,2.33917829651,7.60003778559,89.6,0.0,  ,  ,0.254,  ,  
2020-01-08 23:35:00,0.71,-0.877350486125,748.261531968,  ,  ,2.10001044075,5.80002883637,89.1,0.0,  ,  ,0.254,  ,  
2020-01-08 23:40:00,0.73,-0.791301302746,748.261531968,  ,  ,2.42917874397,9.00004474609,89.5333333333,0.0,  ,  ,0.254,  ,  
2020-01-08 23:45:00,0.7,-0.749838500615,748.154316392,  ,  ,2.60001292665,7.1000352997,90.0,0.0,  ,  ,0.254,  ,  
2020-01-08 23:50:00,0.7,-0.749838500615,747.961507296,  ,  ,2.73168024793,5.80002883637,90.0,0.0,  ,  ,0.254,  ,  
  

    

