Time,TemperatureC,DewpointC,PressurehPa,WindDirection,WindDirectionDegrees,WindSpeedKMH,WindSpeedGustKMH,Humidity,HourlyPrecipMM,Conditions,Clouds,dailyrainMM,SoftwareType,DateUTC
                
2019-03-08 00:00:00,-1.32,-5.78519018309,998.3,  ,  ,3.12584887431,9.50004723199,71.5791666667,0.0,  ,  ,0.0,  ,  
2019-03-08 00:05:00,-1.38125,-5.76735766386,998.3,  ,  ,3.10001541254,7.80003877995,72.0,0.0,  ,  ,0.0,  ,  
2019-03-08 00:10:00,-1.38666666667,-5.77257513055,998.274962742,  ,  ,3.7096017766,8.5000422602,72.0,0.0,  ,  ,0.0,  ,  
2019-03-08 00:15:00,-1.33541666667,-5.66642282802,998.0,  ,  ,3.80001889279,7.30003629405,72.3125,0.0,  ,  ,0.0,  ,  
2019-03-08 00:20:00,-1.32,-5.52738041833,998.0,  ,  ,4.06127019167,5.60002784201,73.0,0.0,  ,  ,0.0,  ,  
2019-03-08 00:25:00,-1.38117154812,-5.58639400607,998.0,  ,  ,4.10002038433,5.50002734483,73.0,0.0,  ,  ,0.0,  ,  
2019-03-08 00:30:00,-1.4,-5.60455835249,998.0,  ,  ,2.96793142252,6.80003380816,73.0,0.0,  ,  ,0.0,  ,  
2019-03-08 00:35:00,-1.4,-5.45328841344,998.0,  ,  ,2.80001392101,7.60003778559,73.8458333333,0.0,  ,  ,0.0,  ,  
2019-03-08 00:40:00,-1.4,-5.4258827438,997.991699801,  ,  ,3.32251651877,8.10004027148,74.0,0.0,  ,  ,0.0,  ,  
2019-03-08 00:45:00,-1.4,-5.41182923314,997.9,  ,  ,3.40001690408,6.30003132226,74.0791666667,0.0,  ,  ,0.0,  ,  
2019-03-08 00:50:00,-1.39666666667,-5.32235807152,997.9,  ,  ,3.31293313779,8.5000422602,74.5666666667,0.0,  ,  ,0.0,  ,  
2019-03-08 00:55:00,-1.33208333333,-5.18361409361,997.874924925,  ,  ,3.3000164069,8.0000397743,75.0,0.0,  ,  ,0.0,  ,  
2019-03-08 01:00:00,-1.3,-5.15256788324,997.6,  ,  ,3.73543523837,6.80003380816,75.0,0.0,  ,  ,0.0,  ,  
2019-03-08 01:05:00,-1.3,-5.06282043127,997.6,  ,  ,3.80001889279,6.6000328138,75.5125,0.0,  ,  ,0.0,  ,  
2019-03-08 01:10:00,-1.3,-4.97795070776,997.591645823,  ,  ,3.62585136021,7.50003728841,76.0,0.0,  ,  ,0.0,  ,  
2019-03-08 01:15:00,-1.3,-4.97795070776,997.5,  ,  ,3.60001789844,7.1000352997,76.0,0.0,  ,  ,0.0,  ,  
2019-03-08 01:20:00,-1.21541666667,-4.89597928005,997.5,  ,  ,3.33876659956,6.00002983073,76.0,0.0,  ,  ,0.0,  ,  
2019-03-08 01:25:00,-1.2,-4.84633109994,997.491654247,  ,  ,3.3000164069,7.30003629405,76.2,0.0,  ,  ,0.0,  ,  
2019-03-08 01:30:00,-1.2,-4.72906933702,997.4,  ,  ,3.12584887431,6.10003032791,76.8791666667,0.0,  ,  ,0.0,  ,  
2019-03-08 01:35:00,-1.2,-4.70830310629,997.4,  ,  ,3.10001541254,8.10004027148,77.0,0.0,  ,  ,0.0,  ,  
2019-03-08 01:40:00,-1.15541666667,-4.66503280491,997.374950298,  ,  ,3.36126671142,6.10003032791,77.0,0.0,  ,  ,0.0,  ,  
2019-03-08 01:45:00,-1.1,-4.56905390955,997.1,  ,  ,3.40001690408,5.00002485894,77.2458333333,0.0,  ,  ,0.0,  ,  
2019-03-08 01:50:00,-1.1,-4.44034790084,997.1,  ,  ,2.70334677373,8.10004027148,78.0,0.0,  ,  ,0.0,  ,  
2019-03-08 01:55:00,-1.1,-4.44034790084,997.083399602,  ,  ,2.60001292665,5.80002883637,78.0,0.0,  ,  ,0.0,  ,  
2019-03-08 02:00:00,-1.1,-4.44034790084,996.9,  ,  ,2.77418045924,6.30003132226,78.0,0.0,  ,  ,0.0,  ,  
2019-03-08 02:05:00,-1.01875,-4.3309413273,996.9,  ,  ,2.80001392101,6.6000328138,78.1791666667,0.0,  ,  ,0.0,  ,  
2019-03-08 02:10:00,-1.0,-4.17404173709,996.874962742,  ,  ,2.80001392101,5.30002635048,79.0,0.0,  ,  ,0.0,  ,  
2019-03-08 02:15:00,-0.982083333333,-4.15660237549,996.6,  ,  ,2.80001392101,8.0000397743,79.0,0.0,  ,  ,0.0,  ,  
2019-03-08 02:20:00,-0.96,-4.06587843868,996.6,  ,  ,2.45167885583,6.6000328138,79.4125,0.0,  ,  ,0.0,  ,  
2019-03-08 02:25:00,-0.953333333333,-3.96132939894,996.583274912,  ,  ,2.40001193229,6.80003380816,80.0,0.0,  ,  ,0.0,  ,  
2019-03-08 02:30:00,-0.9,-3.8463686495,996.4,  ,  ,2.74834699746,9.10004524327,80.3791666667,0.0,  ,  ,0.0,  ,  
2019-03-08 02:35:00,-0.91,-3.69676804238,996.4,  ,  ,2.80001392101,6.6000328138,81.3458333333,0.0,  ,  ,0.0,  ,  
2019-03-08 02:40:00,-0.994583333333,-3.55707614738,996.366583292,  ,  ,3.06126521989,5.00002485894,82.7125,0.0,  ,  ,0.0,  ,  
2019-03-08 02:45:00,-1.08458333333,-3.48465576591,996.0,  ,  ,3.10001541254,6.6000328138,83.7125,0.0,  ,  ,0.0,  ,  
2019-03-08 02:50:00,-1.1,-3.36206197473,996.0,  ,  ,2.49042904849,4.80002386458,84.5791666667,0.0,  ,  ,0.0,  ,  
2019-03-08 02:55:00,-1.10666666667,-3.28448842282,995.983308495,  ,  ,2.40001193229,6.10003032791,85.1125,0.0,  ,  ,0.0,  ,  
2019-03-08 03:00:00,-1.17791666667,-3.21557532619,995.8,  ,  ,2.312928166,6.30003132226,86.0,0.0,  ,  ,0.0,  ,  
2019-03-08 03:05:00,-1.2,-3.23727981627,995.8,  ,  ,2.30001143511,5.30002635048,86.0,0.0,  ,  ,0.0,  ,  
2019-03-08 03:10:00,-1.2,-3.12673857331,995.783399602,  ,  ,2.38709520141,7.50003728841,86.7125,0.0,  ,  ,0.0,  ,  
2019-03-08 03:15:00,-1.2,-3.06503245355,995.6,  ,  ,2.40001193229,6.6000328138,87.1125,0.0,  ,  ,0.0,  ,  
2019-03-08 03:20:00,-1.2,-2.92901314301,995.6,  ,  ,2.40001193229,7.50003728841,88.0,0.0,  ,  ,0.0,  ,  
2019-03-08 03:25:00,-1.20333333333,-2.79371181608,995.56661699,  ,  ,2.40001193229,6.80003380816,88.9125,0.0,  ,  ,0.0,  ,  
2019-03-08 03:30:00,-1.29458333333,-2.87052623249,995.2,  ,  ,2.74834699746,5.50002734483,89.0,0.0,  ,  ,0.0,  ,  
2019-03-08 03:35:00,-1.29333333333,-2.76212891294,995.2,  ,  ,2.80001392101,5.50002734483,89.7125,0.0,  ,  ,0.0,  ,  
2019-03-08 03:40:00,-1.25208333333,-2.67834673103,995.183300199,  ,  ,2.45167885583,8.0000397743,90.0,0.0,  ,  ,0.0,  ,  
2019-03-08 03:45:00,-1.21,-2.63676960784,995.0,  ,  ,2.40001193229,6.80003380816,90.0,0.0,  ,  ,0.0,  ,  
2019-03-08 03:50:00,-1.2,-2.62688990853,995.0,  ,  ,3.00959829634,6.80003380816,90.0,0.0,  ,  ,0.0,  ,  
2019-03-08 03:55:00,-1.18875,-2.61577525283,994.983375063,  ,  ,3.10001541254,6.80003380816,90.0,0.0,  ,  ,0.0,  ,  
2019-03-08 04:00:00,-1.14333333333,-2.45970562084,994.8,  ,  ,2.92584787996,6.30003132226,90.7458333333,0.0,  ,  ,0.0,  ,  
2019-03-08 04:05:00,-1.10666666667,-2.38572435489,994.8,  ,  ,2.90001441819,6.6000328138,91.0,0.0,  ,  ,0.0,  ,  
2019-03-08 04:10:00,-1.1,-2.37912957631,994.783216783,  ,  ,2.90001441819,6.6000328138,91.0,0.0,  ,  ,0.0,  ,  
2019-03-08 04:15:00,-1.1,-2.29351629602,994.6,  ,  ,2.90001441819,7.30003629405,91.5791666667,0.0,  ,  ,0.0,  ,  
2019-03-08 04:20:00,-1.10666666667,-2.23821131147,994.6,  ,  ,3.33543324965,6.00002983073,92.0,0.0,  ,  ,0.0,  ,  
2019-03-08 04:25:00,-1.1,-2.23160826195,994.574950298,  ,  ,3.40001690408,6.30003132226,92.0,0.0,  ,  ,0.0,  ,  
2019-03-08 04:30:00,-1.1,-2.23160826195,994.3,  ,  ,2.70334677373,5.00002485894,92.0,0.0,  ,  ,0.0,  ,  
2019-03-08 04:35:00,-1.1,-2.23160826195,994.3,  ,  ,2.60001292665,6.00002983073,92.0,0.0,  ,  ,0.0,  ,  
2019-03-08 04:40:00,-1.1,-2.18092072093,994.274962742,  ,  ,2.60001292665,7.60003778559,92.3458333333,0.0,  ,  ,0.0,  ,  
2019-03-08 04:45:00,-1.1,-2.085499719,994.0,  ,  ,2.60001292665,5.30002635048,93.0,0.0,  ,  ,0.0,  ,  
2019-03-08 04:50:00,-1.1,-2.085499719,994.0,  ,  ,3.03543175812,8.60004275738,93.0,0.0,  ,  ,0.0,  ,  
2019-03-08 04:55:00,-1.1,-2.085499719,993.991654247,  ,  ,3.10001541254,7.00003480252,93.0,0.0,  ,  ,0.0,  ,  
2019-03-08 05:00:00,-1.1,-2.085499719,993.9,  ,  ,3.10001541254,8.0000397743,93.0,0.0,  ,  ,0.0,  ,  
2019-03-08 05:05:00,-1.04541666667,-2.03137019788,993.9,  ,  ,3.10001541254,6.6000328138,93.0,0.0,  ,  ,0.0,  ,  
2019-03-08 05:10:00,-1.0,-1.98633120997,993.875099404,  ,  ,3.10001541254,6.10003032791,93.0,0.0,  ,  ,0.0,  ,  
2019-03-08 05:15:00,-0.97875,-1.9168146652,993.6,  ,  ,3.10001541254,6.80003380816,93.3333333333,0.0,  ,  ,0.0,  ,  
2019-03-08 05:20:00,-0.9,-1.80303514452,993.6,  ,  ,2.92584787996,6.30003132226,93.5791666667,0.0,  ,  ,0.0,  ,  
2019-03-08 05:25:00,-0.9,-1.74219483206,993.583283283,  ,  ,2.90001441819,7.60003778559,94.0,0.0,  ,  ,0.0,  ,  
2019-03-08 05:30:00,-0.89875,-1.74095370769,993.4,  ,  ,2.81293065189,7.80003877995,94.0,0.0,  ,  ,0.0,  ,  
2019-03-08 05:35:00,-0.803333333333,-1.64621468475,993.4,  ,  ,2.80001392101,7.1000352997,94.0,0.0,  ,  ,0.0,  ,  
2019-03-08 05:40:00,-0.8,-1.64290502947,993.391637456,  ,  ,3.23543275247,7.30003629405,94.0,0.0,  ,  ,0.0,  ,  
2019-03-08 05:45:00,-0.72875,-1.57216122708,993.3,  ,  ,3.3000164069,9.00004474609,94.0,0.0,  ,  ,0.0,  ,  
2019-03-08 05:50:00,-0.7,-1.54361552514,993.3,  ,  ,3.12584887431,7.60003778559,94.0,0.0,  ,  ,0.0,  ,  
2019-03-08 05:55:00,-0.7,-1.54361552514,993.275099404,  ,  ,3.10001541254,6.00002983073,94.0,0.0,  ,  ,0.0,  ,  
2019-03-08 06:00:00,-0.7,-1.54361552514,993.0,  ,  ,2.92584787996,7.00003480252,94.0,0.0,  ,  ,0.0,  ,  
2019-03-08 06:05:00,-0.61875,-1.46294302247,993.0,  ,  ,2.90001441819,8.0000397743,94.0,0.0,  ,  ,0.0,  ,  
2019-03-08 06:10:00,-0.6,-1.44432631905,992.983308495,  ,  ,3.24834948336,7.60003778559,94.0,0.0,  ,  ,0.0,  ,  
2019-03-08 06:15:00,-0.6,-1.44432631905,992.8,  ,  ,3.3000164069,7.60003778559,94.0,0.0,  ,  ,0.0,  ,  
2019-03-08 06:20:00,-0.6,-1.44432631905,992.8,  ,  ,3.12584887431,8.10004027148,94.0,0.0,  ,  ,0.0,  ,  
2019-03-08 06:25:00,-0.504166666667,-1.40900644385,992.791650099,  ,  ,3.10001541254,7.50003728841,93.5875,0.0,  ,  ,0.0,  ,  
2019-03-08 06:30:00,-0.4,-1.39132748818,992.7,  ,  ,3.27418294513,8.30004126584,93.0,0.0,  ,  ,0.0,  ,  
2019-03-08 06:35:00,-0.395815899582,-1.38717827345,992.7,  ,  ,3.3000164069,7.50003728841,93.0,0.0,  ,  ,0.0,  ,  
2019-03-08 06:40:00,-0.3,-1.29216142326,992.683407849,  ,  ,3.73543523837,9.00004474609,93.0,0.0,  ,  ,0.0,  ,  
2019-03-08 06:45:00,-0.2825,-1.2748073978,992.5,  ,  ,3.80001889279,6.50003231662,93.0,0.0,  ,  ,0.0,  ,  
2019-03-08 06:50:00,-0.2,-1.19299570749,992.5,  ,  ,3.62668469768,6.6000328138,93.0,0.0,  ,  ,0.0,  ,  
2019-03-08 06:55:00,-0.2,-1.19299570749,992.5,  ,  ,3.60001789844,8.0000397743,93.0,0.0,  ,  ,0.0,  ,  
2019-03-08 07:00:00,-0.169166666667,-1.16241968222,992.5,  ,  ,3.34001660577,7.80003877995,93.0,0.0,  ,  ,0.0,  ,  
2019-03-08 07:05:00,-0.1,-1.09383034088,992.5,  ,  ,3.3000164069,6.10003032791,93.0,0.0,  ,  ,0.0,  ,  
2019-03-08 07:10:00,-0.1,-1.09383034088,992.483575363,  ,  ,2.95334801668,7.50003728841,93.0,0.0,  ,  ,0.0,  ,  
2019-03-08 07:15:00,-0.0758333333333,-1.06986542966,992.3,  ,  ,2.90001441819,8.10004027148,93.0,0.0,  ,  ,0.0,  ,  
2019-03-08 07:20:00,0.0075,-0.987227961168,992.3,  ,  ,3.33334990596,7.30003629405,93.0,0.0,  ,  ,0.0,  ,  
2019-03-08 07:25:00,0.0933333333333,-0.902111622103,992.291733068,  ,  ,3.40001690408,9.10004524327,93.0,0.0,  ,  ,0.0,  ,  
2019-03-08 07:30:00,0.1,-0.895500655077,992.2,  ,  ,3.57335109919,9.00004474609,93.0,0.0,  ,  ,0.0,  ,  
2019-03-08 07:35:00,0.1,-0.895500655077,992.2,  ,  ,3.60001789844,7.80003877995,93.0,0.0,  ,  ,0.0,  ,  
2019-03-08 07:40:00,0.1,-0.895500655077,992.191749503,  ,  ,2.99334821555,6.6000328138,93.0,0.0,  ,  ,0.0,  ,  
2019-03-08 07:45:00,0.1,-0.895500655077,992.1,  ,  ,2.90001441819,8.80004375174,93.0,0.0,  ,  ,0.0,  ,  
2019-03-08 07:50:00,0.1,-0.895500655077,992.1,  ,  ,2.90001441819,8.10004027148,93.0,0.0,  ,  ,0.0,  ,  
2019-03-08 07:55:00,0.1,-0.85516020024,992.091799205,  ,  ,2.90001441819,7.50003728841,93.275,0.0,  ,  ,0.0,  ,  
2019-03-08 08:00:00,0.1,-0.749310227338,992.0,  ,  ,3.24668280841,10.3000512094,94.0,0.0,  ,  ,0.0,  ,  
2019-03-08 08:05:00,0.1,-0.749310227338,992.0,  ,  ,3.3000164069,9.10004524327,94.0,0.0,  ,  ,0.0,  ,  
2019-03-08 08:10:00,0.113333333333,-0.736071967422,991.983507203,  ,  ,3.56001769957,8.0000397743,94.0,0.0,  ,  ,0.0,  ,  
2019-03-08 08:15:00,0.190833333333,-0.659124686634,991.8,  ,  ,3.60001789844,9.10004524327,94.0,0.0,  ,  ,0.0,  ,  
2019-03-08 08:20:00,0.2,-0.650023407205,991.8,  ,  ,3.60001789844,9.10004524327,94.0,0.0,  ,  ,0.0,  ,  
2019-03-08 08:25:00,0.2475,-0.602862272118,991.783499006,  ,  ,3.60001789844,7.80003877995,94.0,0.0,  ,  ,0.0,  ,  
2019-03-08 08:30:00,0.320833333333,-0.618984173501,991.6,  ,  ,3.42668370333,8.0000397743,93.3916666667,0.0,  ,  ,0.0,  ,  
2019-03-08 08:35:00,0.4,-0.598008744952,991.6,  ,  ,3.40001690408,11.5000571756,93.0,0.0,  ,  ,0.0,  ,  
2019-03-08 08:40:00,0.403333333333,-0.594703296935,991.583507203,  ,  ,3.7466852943,8.30004126584,93.0,0.0,  ,  ,0.0,  ,  
2019-03-08 08:45:00,0.474166666667,-0.52446261828,991.4,  ,  ,3.80001889279,9.00004474609,93.0,0.0,  ,  ,0.0,  ,  
2019-03-08 08:50:00,0.5675,-0.431910462119,991.4,  ,  ,3.45335050257,10.5000522038,93.0,0.0,  ,  ,0.0,  ,  
2019-03-08 08:55:00,0.61,-0.409447074985,991.391745873,  ,  ,3.40001690408,9.00004474609,92.8666666667,0.0,  ,  ,0.0,  ,  
2019-03-08 09:00:00,0.701666666667,-0.364205819482,991.3,  ,  ,3.57335109919,8.30004126584,92.5583333333,0.0,  ,  ,0.0,  ,  
2019-03-08 09:05:00,0.786666666667,-0.363016765896,991.3,  ,  ,3.60001789844,7.30003629405,92.0,0.0,  ,  ,0.0,  ,  
2019-03-08 09:10:00,0.8875,-0.26315347638,991.3,  ,  ,3.34001660577,9.80004872352,92.0,0.0,  ,  ,0.0,  ,  
2019-03-08 09:15:00,0.914166666667,-0.337854881626,991.3,  ,  ,3.3000164069,8.0000397743,91.325,0.0,  ,  ,0.0,  ,  
2019-03-08 09:20:00,1.06416666667,-0.238405766548,991.3,  ,  ,3.56001769957,8.80004375174,91.0,0.0,  ,  ,0.0,  ,  
2019-03-08 09:25:00,1.1475,-0.15597935615,991.291749503,  ,  ,3.60001789844,7.00003480252,91.0,0.0,  ,  ,0.0,  ,  
2019-03-08 09:30:00,1.2,-0.104050878766,991.2,  ,  ,2.99334821555,7.1000352997,91.0,0.0,  ,  ,0.0,  ,  
2019-03-08 09:35:00,1.2575,-0.047176975053,991.2,  ,  ,2.90001441819,8.0000397743,91.0,0.0,  ,  ,0.0,  ,  
2019-03-08 09:40:00,1.3,-0.138043881016,991.183499006,  ,  ,2.90001441819,10.0000497179,90.125,0.0,  ,  ,0.0,  ,  
2019-03-08 09:45:00,1.34416666667,-0.113493513429,991.0,  ,  ,2.90001441819,10.3000512094,90.0,0.0,  ,  ,0.0,  ,  
2019-03-08 09:50:00,1.4,-0.0583391113261,991.0,  ,  ,3.24668280841,7.00003480252,90.0,0.0,  ,  ,0.0,  ,  
2019-03-08 09:55:00,1.4,-0.0583391113261,991.0,  ,  ,3.3000164069,8.30004126584,90.0,0.0,  ,  ,0.0,  ,  
2019-03-08 10:00:00,1.4,-0.0227136375375,991.0,  ,  ,2.86668091913,6.50003231662,90.2333333333,0.0,  ,  ,0.0,  ,  
2019-03-08 10:05:00,1.4,0.0596753551768,991.0,  ,  ,2.80001392101,9.00004474609,90.775,0.0,  ,  ,0.0,  ,  
2019-03-08 10:10:00,1.4,0.0937707509241,991.008246398,  ,  ,2.80001392101,9.00004474609,91.0,0.0,  ,  ,0.0,  ,  
2019-03-08 10:15:00,1.39916666667,0.0929464978846,991.1,  ,  ,2.80001392101,6.80003380816,91.0,0.0,  ,  ,0.0,  ,  
2019-03-08 10:20:00,1.39416666667,0.0880009789888,991.1,  ,  ,2.6266797259,6.50003231662,91.0,0.0,  ,  ,0.0,  ,  
2019-03-08 10:25:00,1.4,0.115200003115,991.1,  ,  ,2.60001292665,6.00002983073,91.1416666667,0.0,  ,  ,0.0,  ,  
2019-03-08 10:30:00,1.39666666667,0.241108652059,991.1,  ,  ,2.16667743887,4.60002287023,92.0,0.0,  ,  ,0.0,  ,  
2019-03-08 10:35:00,1.4,0.244409842923,991.1,  ,  ,2.10001044075,7.50003728841,92.0,0.0,  ,  ,0.254,  ,  
2019-03-08 10:40:00,1.41,0.254313412847,991.1,  ,  ,2.27334463586,3.80001889279,92.0,0.0,  ,  ,0.254,  ,  
2019-03-08 10:45:00,1.48083333333,0.45021830935,991.1,  ,  ,2.30001143511,3.90001938997,92.8416666667,0.126999999741,  ,  ,0.508,  ,  
2019-03-08 10:50:00,1.55333333333,0.454945024262,991.1,  ,  ,1.26000626445,4.80002386458,92.3916666667,1.26999999741,  ,  ,0.508,  ,  
2019-03-08 10:55:00,1.59416666667,0.522805697276,991.083507203,  ,  ,1.10000546897,2.90001441819,92.575,1.26999999741,  ,  ,0.508,  ,  
2019-03-08 11:00:00,1.6275,0.619196256046,990.9,  ,  ,1.36000676163,2.80001392101,93.0,1.26999999741,  ,  ,1.016,  ,  
2019-03-08 11:05:00,1.7,0.691086555876,990.9,  ,  ,1.4000069605,4.60002287023,93.0,1.26999999741,  ,  ,1.016,  ,  
2019-03-08 11:10:00,1.75083333333,0.741492288847,990.9,  ,  ,1.14000566784,6.6000328138,93.0,1.26999999741,  ,  ,1.016,  ,  
2019-03-08 11:15:00,1.80083333333,0.660165326292,990.9,  ,  ,1.10000546897,9.80004872352,92.125,1.07526666447,  ,  ,1.27,  ,  
2019-03-08 11:20:00,1.87,0.734936727857,990.9,  ,  ,2.14001063963,4.10002038433,92.1666666667,1.01599999793,  ,  ,1.27,  ,  
2019-03-08 11:25:00,1.91416666667,0.753613207204,990.9,  ,  ,2.30001143511,3.40001690408,92.0,1.01599999793,  ,  ,1.27,  ,  
2019-03-08 11:30:00,2.00416666667,0.842743339686,990.9,  ,  ,1.43334045956,6.30003132226,92.0,1.01599999793,  ,  ,1.27,  ,  
2019-03-08 11:35:00,2.07666666667,0.914542377238,990.9,  ,  ,1.30000646332,3.90001938997,92.0,0.221672726821,  ,  ,1.524,  ,  
2019-03-08 11:40:00,2.11,0.890900816263,990.908258258,  ,  ,1.30000646332,4.10002038433,91.625,0.0,  ,  ,1.524,  ,  
2019-03-08 11:45:00,2.1975,0.882566521384,991.0,  ,  ,1.30000646332,5.00002485894,91.0,0.0,  ,  ,1.524,  ,  
2019-03-08 11:50:00,2.2375,0.922129188547,991.0,  ,  ,1.38667356088,7.60003778559,91.0,0.0,  ,  ,1.524,  ,  
2019-03-08 11:55:00,2.29333333333,0.977351957212,990.991791792,  ,  ,1.4000069605,5.80002883637,91.0,0.0,  ,  ,1.524,  ,  
2019-03-08 12:00:00,2.3,0.983945711219,990.9,  ,  ,2.00667664339,4.50002237305,91.0,0.0,  ,  ,1.524,  ,  
2019-03-08 12:05:00,2.3,0.983945711219,990.9,  ,  ,2.10001044075,4.10002038433,91.0,0.0,  ,  ,1.524,  ,  
2019-03-08 12:10:00,2.3,0.983945711219,990.9,  ,  ,1.40667366032,4.50002237305,91.0,0.0,  ,  ,1.524,  ,  
2019-03-08 12:15:00,2.3575,1.10299605308,990.9,  ,  ,1.30000646332,5.30002635048,91.4083333333,0.0,  ,  ,1.524,  ,  
2019-03-08 12:20:00,2.40333333333,1.23804807416,990.9,  ,  ,1.30000646332,3.40001690408,92.0,0.0,  ,  ,1.524,  ,  
2019-03-08 12:25:00,2.41083333333,1.2454754507,990.9,  ,  ,1.30000646332,3.10001541254,92.0,0.0,  ,  ,1.524,  ,  
2019-03-08 12:30:00,2.43666666667,1.27105861934,990.9,  ,  ,1.12667226821,5.30002635048,92.0,0.0,  ,  ,1.524,  ,  
2019-03-08 12:35:00,2.43,1.26445651386,990.9,  ,  ,1.10000546897,3.40001690408,92.0,0.0,  ,  ,1.524,  ,  
2019-03-08 12:40:00,2.4125,1.24208583911,990.88359841,  ,  ,1.36000676163,5.30002635048,91.9666666667,0.0,  ,  ,1.524,  ,  
2019-03-08 12:45:00,2.4,1.1943848188,990.7,  ,  ,1.4000069605,5.80002883637,91.7333333333,0.0,  ,  ,1.524,  ,  
2019-03-08 12:50:00,2.40333333333,1.23804807416,990.7,  ,  ,1.57334115561,4.80002386458,92.0,0.0,  ,  ,1.524,  ,  
2019-03-08 12:55:00,2.41,1.24465018675,990.7,  ,  ,1.60000795486,4.50002237305,92.0,0.0,  ,  ,1.524,  ,  
2019-03-08 13:00:00,2.42,1.25455335231,990.7,  ,  ,1.16667246709,6.00002983073,92.0,0.0,  ,  ,1.524,  ,  
2019-03-08 13:05:00,2.4575,1.21968851849,990.7,  ,  ,1.10000546897,7.1000352997,91.525,0.0,  ,  ,1.524,  ,  
2019-03-08 13:10:00,2.53083333333,1.2122532048,990.691803279,  ,  ,1.70667515185,8.0000397743,91.0,0.0,  ,  ,1.524,  ,  
2019-03-08 13:15:00,2.58333333333,1.26417839969,990.6,  ,  ,1.80000894922,3.10001541254,91.0,0.0,  ,  ,1.524,  ,  
2019-03-08 13:20:00,2.61333333333,1.2938498837,990.6,  ,  ,1.453340559,6.10003032791,91.0,0.0,  ,  ,1.524,  ,  
2019-03-08 13:25:00,2.64416666667,1.3243455332,990.58359841,  ,  ,1.4000069605,5.60002784201,91.0,0.0,  ,  ,1.524,  ,  
2019-03-08 13:30:00,2.63916666667,1.31940029566,990.4,  ,  ,1.57334115561,5.60002784201,91.0,0.0,  ,  ,1.524,  ,  
2019-03-08 13:35:00,2.65416666667,1.36479689584,990.4,  ,  ,1.60000795486,2.90001441819,91.2,0.0,  ,  ,1.778,  ,  
2019-03-08 13:40:00,2.7,1.37956727567,990.4,  ,  ,1.16667246709,4.50002237305,91.0,0.0,  ,  ,1.778,  ,  
2019-03-08 13:45:00,2.70416666667,1.43079777525,990.4,  ,  ,1.10000546897,3.60001789844,91.3083333333,0.0,  ,  ,1.778,  ,  
2019-03-08 13:50:00,2.73333333333,1.49775926821,990.4,  ,  ,1.10000546897,2.90001441819,91.5583333333,0.0,  ,  ,1.778,  ,  
2019-03-08 13:55:00,2.79333333333,1.47187793354,990.391799205,  ,  ,1.10000546897,4.80002386458,91.0,0.0,  ,  ,1.778,  ,  
2019-03-08 14:00:00,2.79666666667,1.47517473546,990.3,  ,  ,1.27333966408,5.00002485894,91.0,0.0,  ,  ,1.778,  ,  
2019-03-08 14:05:00,2.8,1.47847153689,990.3,  ,  ,1.30000646332,3.60001789844,91.0,0.0,  ,  ,1.778,  ,  
2019-03-08 14:10:00,2.80333333333,1.48176833781,990.291799205,  ,  ,1.38667356088,2.80001392101,91.0,0.0,  ,  ,1.778,  ,  
2019-03-08 14:15:00,2.82,1.43045998773,990.2,  ,  ,1.4000069605,5.60002784201,90.5583333333,0.0,  ,  ,1.778,  ,  
2019-03-08 14:20:00,2.8,1.45420612613,990.2,  ,  ,1.31333986295,3.3000164069,90.8416666667,0.0,  ,  ,1.778,  ,  
2019-03-08 14:25:00,2.8,1.47847153689,990.2,  ,  ,1.30000646332,4.60002287023,91.0,0.0,  ,  ,1.778,  ,  
2019-03-08 14:30:00,2.79666666667,1.47517473546,990.2,  ,  ,1.38667356088,3.3000164069,91.0,0.0,  ,  ,1.778,  ,  
2019-03-08 14:35:00,2.8,1.47847153689,990.2,  ,  ,1.4000069605,3.10001541254,91.0,0.0,  ,  ,1.778,  ,  
2019-03-08 14:40:00,2.8,1.48485097157,990.191799205,  ,  ,0.966671472728,2.40001193229,91.0416666667,0.0,  ,  ,1.778,  ,  
2019-03-08 14:45:00,2.80333333333,1.60887307431,990.1,  ,  ,0.900004474609,2.30001143511,91.8333333333,0.0,  ,  ,1.778,  ,  
2019-03-08 14:50:00,2.79333333333,1.62426866844,990.1,  ,  ,0.900004474609,2.90001441819,92.0,0.0,  ,  ,2.032,  ,  
2019-03-08 14:55:00,2.70916666667,1.54091815802,990.1,  ,  ,0.900004474609,4.30002137869,92.0,0.0,  ,  ,2.032,  ,  
2019-03-08 15:00:00,2.69666666667,1.62547686715,990.1,  ,  ,1.24667286483,3.3000164069,92.6416666667,0.0,  ,  ,2.032,  ,  
2019-03-08 15:05:00,2.60583333333,1.58928667196,990.1,  ,  ,1.30000646332,3.40001690408,93.0,0.0,  ,  ,2.032,  ,  
2019-03-08 15:10:00,2.6,1.58350258622,990.083606557,  ,  ,1.12667226821,3.10001541254,93.0,0.0,  ,  ,2.54,  ,  
2019-03-08 15:15:00,2.59916666667,1.58267628816,989.9,  ,  ,1.10000546897,3.40001690408,93.0,0.0,  ,  ,2.54,  ,  
2019-03-08 15:20:00,2.5675,1.69679137857,989.9,  ,  ,1.27333966408,2.40001193229,93.975,0.0,  ,  ,2.54,  ,  
2019-03-08 15:25:00,2.50583333333,1.63928246676,989.9,  ,  ,1.30000646332,2.30001143511,94.0,0.0,  ,  ,2.54,  ,  
2019-03-08 15:30:00,2.5,1.63349114491,989.9,  ,  ,0.953338073105,3.10001541254,94.0,0.0,  ,  ,2.794,  ,  
2019-03-08 15:35:00,2.49,1.65939306606,989.9,  ,  ,0.900004474609,3.10001541254,94.2416666667,0.0,  ,  ,2.794,  ,  
2019-03-08 15:40:00,2.48333333333,1.6564741304,989.883483483,  ,  ,1.07333866972,5.10002535612,94.2666666667,0.0,  ,  ,2.794,  ,  
2019-03-08 15:45:00,2.47583333333,1.74741312801,989.7,  ,  ,1.10000546897,2.60001292665,94.9333333333,0.0,  ,  ,2.794,  ,  
2019-03-08 15:50:00,2.45333333333,1.73485270941,989.7,  ,  ,0.926671273857,3.40001690408,95.0,0.0,  ,  ,2.794,  ,  
2019-03-08 15:55:00,2.40333333333,1.68025254305,989.683575363,  ,  ,0.900004474609,2.30001143511,94.9666666667,0.0,  ,  ,3.048,  ,  
2019-03-08 16:00:00,2.4,1.68183798433,989.5,  ,  ,0.900004474609,2.60001292665,95.0,0.0,  ,  ,3.048,  ,  
2019-03-08 16:05:00,2.4,1.68183798433,989.5,  ,  ,0.900004474609,2.40001193229,95.0,0.0,  ,  ,3.048,  ,  
2019-03-08 16:10:00,2.38916666667,1.67106935969,989.5,  ,  ,0.813337377054,2.80001392101,95.0,0.0,  ,  ,3.048,  ,  
2019-03-08 16:15:00,2.30666666667,1.58906204592,989.5,  ,  ,0.80000397743,3.3000164069,95.0,0.0,  ,  ,3.302,  ,  
2019-03-08 16:20:00,2.30333333333,1.58574861556,989.5,  ,  ,1.0600052701,2.40001193229,95.0,0.0,  ,  ,3.302,  ,  
2019-03-08 16:25:00,2.3,1.58243518492,989.483407849,  ,  ,1.10000546897,2.80001392101,95.0,0.0,  ,  ,3.302,  ,  
2019-03-08 16:30:00,2.3,1.58243518492,989.3,  ,  ,0.926671273857,3.3000164069,95.0,0.0,  ,  ,3.302,  ,  
2019-03-08 16:35:00,2.3,1.58243518492,989.3,  ,  ,0.900004474609,3.60001789844,95.0,0.0,  ,  ,3.302,  ,  
2019-03-08 16:40:00,2.3,1.58365861299,989.291699801,  ,  ,1.07333866972,1.80000894922,95.0083333333,0.0,  ,  ,3.302,  ,  
2019-03-08 16:45:00,2.3,1.66419602391,989.2,  ,  ,1.10000546897,3.10001541254,95.5583333333,0.0,  ,  ,3.302,  ,  
2019-03-08 16:50:00,2.3,1.58243518492,989.2,  ,  ,0.840004176302,2.80001392101,95.0,0.0,  ,  ,3.556,  ,  
2019-03-08 16:55:00,2.3,1.71887344123,989.166799205,  ,  ,0.80000397743,2.90001441819,95.9333333333,0.0,  ,  ,3.556,  ,  
2019-03-08 17:00:00,2.3,1.71523415919,988.8,  ,  ,0.886671074985,3.40001690408,95.9083333333,0.0,  ,  ,3.556,  ,  
2019-03-08 17:05:00,2.3,1.70795308048,988.8,  ,  ,0.900004474609,2.90001441819,95.8583333333,0.0,  ,  ,3.556,  ,  
2019-03-08 17:10:00,2.3,1.58243518492,988.8,  ,  ,1.07333866972,5.30002635048,95.0,0.0,  ,  ,3.556,  ,  
2019-03-08 17:15:00,2.3,1.66054412714,988.8,  ,  ,1.10000546897,4.10002038433,95.5333333333,0.0,  ,  ,3.556,  ,  
2019-03-08 17:20:00,2.3,1.61299248435,988.8,  ,  ,1.53334095674,4.80002386458,95.2083333333,0.0,  ,  ,3.556,  ,  
2019-03-08 17:25:00,2.3,1.61543451575,988.783399602,  ,  ,1.60000795486,2.90001441819,95.225,0.0,  ,  ,3.556,  ,  
2019-03-08 17:30:00,2.3,1.58243518492,988.6,  ,  ,1.42667375975,4.10002038433,95.0,0.0,  ,  ,3.556,  ,  
2019-03-08 17:35:00,2.3,1.59594394513,988.6,  ,  ,1.4000069605,4.10002038433,95.0920502092,0.0,  ,  ,3.556,  ,  
2019-03-08 17:40:00,2.3,1.58243518492,988.6,  ,  ,1.14000566784,3.80001889279,95.0,0.0,  ,  ,3.556,  ,  
2019-03-08 17:45:00,2.3,1.58243518492,988.6,  ,  ,1.10000546897,2.30001143511,95.0,0.0,  ,  ,3.556,  ,  
2019-03-08 17:50:00,2.3,1.61665538986,988.6,  ,  ,0.926671273857,4.60002287023,95.2333333333,0.0,  ,  ,3.556,  ,  
2019-03-08 17:55:00,2.3,1.58243518492,988.591699801,  ,  ,0.900004474609,3.3000164069,95.0,0.0,  ,  ,3.556,  ,  
2019-03-08 18:00:00,2.3,1.61299248435,988.5,  ,  ,1.07333866972,3.40001690408,95.2083333333,0.0,  ,  ,3.556,  ,  
2019-03-08 18:05:00,2.3,1.62641898667,988.5,  ,  ,1.10000546897,3.60001789844,95.3,0.0,  ,  ,3.556,  ,  
2019-03-08 18:10:00,2.3,1.5958876826,988.508300199,  ,  ,1.10000546897,4.10002038433,95.0916666667,0.0,  ,  ,3.556,  ,  
2019-03-08 18:15:00,2.2825,1.56503966956,988.6,  ,  ,1.10000546897,2.10001044075,95.0,0.0,  ,  ,3.556,  ,  
2019-03-08 18:20:00,2.2,1.50257936895,988.6,  ,  ,1.10000546897,2.80001392101,95.1333333333,0.0,  ,  ,3.556,  ,  
2019-03-08 18:25:00,2.2,1.56107618671,988.616575137,  ,  ,1.10000546897,4.80002386458,95.5333333333,0.0,  ,  ,4.064,  ,  
2019-03-08 18:30:00,2.2,1.59509948115,988.8,  ,  ,1.27333966408,3.80001889279,95.7666666667,0.0,  ,  ,4.064,  ,  
2019-03-08 18:35:00,2.2,1.4879212168,988.8,  ,  ,1.30000646332,5.10002535612,95.0333333333,0.0,  ,  ,4.064,  ,  
2019-03-08 18:40:00,2.2,1.60480697128,988.8,  ,  ,1.30000646332,1.9000094464,95.8333333333,0.0,  ,  ,4.064,  ,  
2019-03-08 18:45:00,2.2,1.58174192992,988.8,  ,  ,1.30000646332,5.10002535612,95.675,0.0,  ,  ,4.064,  ,  
2019-03-08 18:50:00,2.2,1.62904962179,988.8,  ,  ,0.953338073105,2.60001292665,96.0,0.0,  ,  ,4.064,  ,  
2019-03-08 18:55:00,2.2,1.62904962179,988.8,  ,  ,0.900004474609,4.60002287023,96.0,0.0,  ,  ,4.064,  ,  
2019-03-08 19:00:00,2.2,1.62904962179,988.8,  ,  ,1.07333866972,4.10002038433,96.0,0.0,  ,  ,4.064,  ,  
2019-03-08 19:05:00,2.2,1.58538601931,988.8,  ,  ,1.10000546897,3.40001690408,95.7,0.0,  ,  ,4.064,  ,  
2019-03-08 19:10:00,2.2,1.54647229704,988.775111774,  ,  ,1.36000676163,4.50002237305,95.4333333333,0.0,  ,  ,4.064,  ,  
2019-03-08 19:15:00,2.2,1.5841714163,988.5,  ,  ,1.4000069605,4.10002038433,95.6916666667,0.0,  ,  ,4.064,  ,  
2019-03-08 19:20:00,2.2,1.48303213784,988.5,  ,  ,1.4000069605,5.80002883637,95.0,0.0,  ,  ,4.064,  ,  
2019-03-08 19:25:00,2.2075,1.49048737496,988.491699801,  ,  ,1.4000069605,3.10001541254,95.0,0.0,  ,  ,4.064,  ,  
2019-03-08 19:30:00,2.29333333333,1.57580832282,988.4,  ,  ,1.57334115561,3.10001541254,95.0,0.0,  ,  ,4.064,  ,  
2019-03-08 19:35:00,2.3,1.58243518492,988.4,  ,  ,1.60000795486,4.30002137869,95.0,0.0,  ,  ,4.064,  ,  
2019-03-08 19:40:00,2.3,1.58243518492,988.391654247,  ,  ,1.42667375975,4.80002386458,95.0,0.0,  ,  ,4.064,  ,  
2019-03-08 19:45:00,2.3,1.58243518492,988.3,  ,  ,1.4000069605,1.60000795486,95.0,0.0,  ,  ,4.064,  ,  
2019-03-08 19:50:00,2.3,1.58243518492,988.3,  ,  ,0.880004375174,2.30001143511,95.0,0.0,  ,  ,4.064,  ,  
2019-03-08 19:55:00,2.3,1.58243518492,988.308300199,  ,  ,0.80000397743,1.60000795486,95.0,0.0,  ,  ,4.064,  ,  
2019-03-08 20:00:00,2.3,1.58243518492,988.4,  ,  ,0.626669782321,1.9000094464,95.0,0.0,  ,  ,4.064,  ,  
2019-03-08 20:05:00,2.3,1.58243518492,988.4,  ,  ,0.600002983073,3.3000164069,95.0,0.0,  ,  ,4.064,  ,  
2019-03-08 20:10:00,2.3,1.58243518492,988.375099404,  ,  ,0.773337178183,3.3000164069,95.0,0.0,  ,  ,4.064,  ,  
2019-03-08 20:15:00,2.27583333333,1.55841280457,988.1,  ,  ,0.80000397743,2.90001441819,95.0,0.0,  ,  ,4.064,  ,  
2019-03-08 20:20:00,2.22,1.50291276707,988.1,  ,  ,1.0600052701,2.60001292665,95.0,0.0,  ,  ,4.064,  ,  
2019-03-08 20:25:00,2.24666666667,1.5294202573,988.091703925,  ,  ,1.10000546897,4.30002137869,95.0,0.0,  ,  ,4.064,  ,  
2019-03-08 20:30:00,2.25333333333,1.5360471271,988.0,  ,  ,1.10000546897,3.40001690408,95.0,0.0,  ,  ,4.064,  ,  
2019-03-08 20:35:00,2.2,1.48303213784,988.0,  ,  ,1.10000546897,4.30002137869,95.0,0.0,  ,  ,4.064,  ,  
2019-03-08 20:40:00,2.2,1.48303213784,987.991699801,  ,  ,1.27333966408,3.80001889279,95.0,0.0,  ,  ,4.064,  ,  
2019-03-08 20:45:00,2.24416666667,1.52693518084,987.9,  ,  ,1.30000646332,5.80002883637,95.0,0.0,  ,  ,4.064,  ,  
2019-03-08 20:50:00,2.3,1.47316851039,987.9,  ,  ,1.7333419511,4.10002038433,94.2583333333,0.0,  ,  ,4.064,  ,  
2019-03-08 20:55:00,2.3475,1.482089085,987.883391348,  ,  ,1.80000894922,5.10002535612,94.0,0.0,  ,  ,4.064,  ,  
2019-03-08 21:00:00,2.4,1.53421118391,987.7,  ,  ,1.453340559,5.30002635048,94.0,0.0,  ,  ,4.064,  ,  
2019-03-08 21:05:00,2.43416666667,1.56813187079,987.7,  ,  ,1.4000069605,6.50003231662,94.0,0.0,  ,  ,4.064,  ,  
2019-03-08 21:10:00,2.5,1.59385685016,987.7,  ,  ,1.74667535072,6.30003132226,93.7333333333,0.0,  ,  ,4.064,  ,  
2019-03-08 21:15:00,2.59083333333,1.63801987387,987.7,  ,  ,1.80000894922,3.3000164069,93.425,0.0,  ,  ,4.064,  ,  
2019-03-08 21:20:00,2.6,1.58350258622,987.7,  ,  ,1.80000894922,4.80002386458,93.0,0.0,  ,  ,4.064,  ,  
2019-03-08 21:25:00,2.6,1.58350258622,987.683375063,  ,  ,1.80000894922,5.50002734483,93.0,0.0,  ,  ,4.064,  ,  
2019-03-08 21:30:00,2.6,1.58350258622,987.5,  ,  ,1.80000894922,5.10002535612,93.0,0.0,  ,  ,4.064,  ,  
2019-03-08 21:35:00,2.60333333333,1.58680777822,987.5,  ,  ,1.80000894922,4.50002237305,93.0,0.0,  ,  ,4.064,  ,  
2019-03-08 21:40:00,2.6,1.58350258622,987.508349901,  ,  ,1.62667475411,5.80002883637,93.0,0.0,  ,  ,4.064,  ,  
2019-03-08 21:45:00,2.59333333333,1.57689220106,987.6,  ,  ,1.60000795486,3.90001938997,93.0,0.0,  ,  ,4.064,  ,  
2019-03-08 21:50:00,2.51583333333,1.50004635974,987.6,  ,  ,1.42667375975,4.60002287023,93.0,0.0,  ,  ,4.064,  ,  
2019-03-08 21:55:00,2.42916666667,1.41411097701,987.591699801,  ,  ,1.4000069605,3.3000164069,93.0,0.0,  ,  ,4.064,  ,  
2019-03-08 22:00:00,2.4,1.38519035654,987.5,  ,  ,1.31333986295,3.90001938997,93.0,0.0,  ,  ,4.064,  ,  
2019-03-08 22:05:00,2.4275,1.41245837092,987.5,  ,  ,1.30000646332,5.00002485894,93.0,0.0,  ,  ,4.064,  ,  
2019-03-08 22:10:00,2.5,1.48434664593,987.508300199,  ,  ,1.7333419511,6.00002983073,93.0,0.0,  ,  ,4.064,  ,  
2019-03-08 22:15:00,2.59416666667,1.57771849929,987.6,  ,  ,1.80000894922,3.10001541254,93.0,0.0,  ,  ,4.064,  ,  
2019-03-08 22:20:00,2.6,1.5472167765,987.6,  ,  ,1.62667475411,4.30002137869,92.7583333333,0.0,  ,  ,4.064,  ,  
2019-03-08 22:25:00,2.6,1.43280964776,987.575111774,  ,  ,1.60000795486,2.90001441819,92.0,0.0,  ,  ,4.064,  ,  
2019-03-08 22:30:00,2.6,1.43280964776,987.3,  ,  ,1.42667375975,5.00002485894,92.0,0.0,  ,  ,4.064,  ,  
2019-03-08 22:35:00,2.6,1.43280964776,987.3,  ,  ,1.4000069605,2.80001392101,92.0,0.0,  ,  ,4.064,  ,  
2019-03-08 22:40:00,2.6,1.43280964776,987.291699801,  ,  ,1.31333986295,2.60001292665,92.0,0.0,  ,  ,4.064,  ,  
2019-03-08 22:45:00,2.56583333333,1.39897406179,987.2,  ,  ,1.30000646332,2.60001292665,92.0,0.0,  ,  ,4.064,  ,  
2019-03-08 22:50:00,2.49666666667,1.39213159964,987.2,  ,  ,0.953338073105,2.40001193229,92.4083333333,0.0,  ,  ,4.064,  ,  
2019-03-08 22:55:00,2.48953974895,1.42373960036,987.191699801,  ,  ,0.900004474609,4.60002287023,92.6652719665,0.0,  ,  ,4.064,  ,  
2019-03-08 23:00:00,2.49375,1.40743968606,987.1,  ,  ,1.07333866972,2.30001143511,92.5291666667,0.0,  ,  ,4.064,  ,  
2019-03-08 23:05:00,2.48291666667,1.32694199901,987.1,  ,  ,1.10000546897,2.60001292665,92.0666666667,0.0,  ,  ,4.064,  ,  
2019-03-08 23:10:00,2.40666666667,1.26149259239,987.091753602,  ,  ,0.840004176302,1.9000094464,92.1333333333,0.0,  ,  ,4.064,  ,  
2019-03-08 23:15:00,2.4,1.31014831591,987.0,  ,  ,0.80000397743,2.30001143511,92.5,0.0,  ,  ,4.064,  ,  
2019-03-08 23:20:00,2.4,1.33582789938,987.0,  ,  ,0.80000397743,1.4000069605,92.6708333333,0.0,  ,  ,4.064,  ,  
2019-03-08 23:25:00,2.4,1.38519035654,986.991795127,  ,  ,0.80000397743,2.30001143511,93.0,0.0,  ,  ,4.064,  ,  
2019-03-08 23:30:00,2.39666666667,1.38188514088,986.9,  ,  ,0.80000397743,2.80001392101,93.0,0.0,  ,  ,4.064,  ,  
2019-03-08 23:35:00,2.35,1.33561208093,986.9,  ,  ,0.80000397743,2.30001143511,93.0,0.0,  ,  ,4.064,  ,  
2019-03-08 23:40:00,2.30625,1.29223101818,986.8836,  ,  ,0.80000397743,2.40001193229,93.0,0.0,  ,  ,4.064,  ,  
2019-03-08 23:45:00,2.3,1.28603371805,986.7,  ,  ,0.80000397743,2.30001143511,93.0,0.0,  ,  ,4.064,  ,  
2019-03-08 23:50:00,2.30333333333,1.28933894496,986.7,  ,  ,0.80000397743,1.80000894922,93.0,0.0,  ,  ,4.064,  ,  
  

    

