Time,TemperatureC,DewpointC,PressurehPa,WindDirection,WindDirectionDegrees,WindSpeedKMH,WindSpeedGustKMH,Humidity,HourlyPrecipMM,Conditions,Clouds,dailyrainMM,SoftwareType,DateUTC
                
2019-03-09 00:00:00,2.34708333333,1.33272001216,986.5,  ,  ,0.80000397743,1.9000094464,93.0,0.0,  ,  ,0.0,  ,  
2019-03-09 00:05:00,2.30669456067,1.29267183027,986.5,  ,  ,0.80000397743,2.40001193229,93.0,0.0,  ,  ,0.0,  ,  
2019-03-09 00:10:00,2.37666666667,1.36205383878,986.5,  ,  ,0.80000397743,2.40001193229,93.0,0.0,  ,  ,0.0,  ,  
2019-03-09 00:15:00,2.4,1.38519035654,986.5,  ,  ,0.80000397743,2.80001392101,93.0,0.0,  ,  ,0.0,  ,  
2019-03-09 00:20:00,2.42041666667,1.40543479399,986.5,  ,  ,0.80000397743,3.90001938997,93.0,0.0,  ,  ,0.0,  ,  
2019-03-09 00:25:00,2.61416666667,1.59754964953,986.515996026,  ,  ,0.80000397743,2.80001392101,93.0,0.0,  ,  ,0.0,  ,  
2019-03-09 00:30:00,2.72041666667,1.70290240104,986.7,  ,  ,1.05875526388,1.60000795486,93.0,0.0,  ,  ,0.0,  ,  
2019-03-09 00:35:00,2.8,1.66054403783,986.7,  ,  ,1.10000546897,1.10000546897,92.1958333333,0.0,  ,  ,0.0,  ,  
2019-03-09 00:40:00,2.79958333333,1.63045805147,986.683996024,  ,  ,0.668753324883,2.30001143511,92.0,0.0,  ,  ,0.0,  ,  
2019-03-09 00:45:00,2.72666666667,1.55824848552,986.5,  ,  ,0.600002983073,2.60001292665,92.0,0.0,  ,  ,0.0,  ,  
2019-03-09 00:50:00,2.67958333333,1.53244117515,986.5,  ,  ,0.772503840706,2.60001292665,92.1375,0.0,  ,  ,0.0,  ,  
2019-03-09 00:55:00,2.6,1.58350258622,986.49195231,  ,  ,0.80000397743,2.60001292665,93.0,0.0,  ,  ,0.0,  ,  
2019-03-09 01:00:00,2.6,1.58350258622,986.4,  ,  ,1.05875526388,3.80001889279,93.0,0.0,  ,  ,0.0,  ,  
2019-03-09 01:05:00,2.58958333333,1.57317385873,986.4,  ,  ,1.10000546897,2.10001044075,93.0,0.0,  ,  ,0.0,  ,  
2019-03-09 01:10:00,2.49625,1.48062829138,986.392001987,  ,  ,0.927504611333,2.10001044075,93.0,0.0,  ,  ,0.0,  ,  
2019-03-09 01:15:00,2.40666666667,1.44225570048,986.3,  ,  ,0.900004474609,2.40001193229,93.3375,0.0,  ,  ,0.0,  ,  
2019-03-09 01:20:00,2.41708333333,1.5511715317,986.3,  ,  ,0.813754045793,2.80001392101,94.0,0.0,  ,  ,0.0,  ,  
2019-03-09 01:25:00,2.53708333333,1.67030738798,986.283996024,  ,  ,0.80000397743,2.30001143511,94.0,0.0,  ,  ,0.0,  ,  
2019-03-09 01:30:00,2.6,1.7327708077,986.1,  ,  ,0.886254406247,3.10001541254,94.0,0.0,  ,  ,0.0,  ,  
2019-03-09 01:35:00,2.68375,1.81096089799,986.1,  ,  ,0.900004474609,2.90001441819,93.9666666667,0.0,  ,  ,0.0,  ,  
2019-03-09 01:40:00,2.7,1.69203664848,986.08390462,  ,  ,1.24500618988,3.40001690408,93.0625,0.0,  ,  ,0.0,  ,  
2019-03-09 01:45:00,2.70708333333,1.68968168522,985.9,  ,  ,1.30000646332,2.60001292665,93.0,0.0,  ,  ,0.0,  ,  
2019-03-09 01:50:00,2.70958333333,1.69216056991,985.9,  ,  ,1.12750560569,3.10001541254,93.0,0.0,  ,  ,0.0,  ,  
2019-03-09 01:55:00,2.7,1.68265817741,985.875994036,  ,  ,1.10000546897,4.50002237305,93.0,0.0,  ,  ,0.0,  ,  
2019-03-09 02:00:00,2.75375,1.73595416343,985.6,  ,  ,1.10000546897,2.40001193229,93.0,0.0,  ,  ,0.0,  ,  
2019-03-09 02:05:00,2.8,1.78181341951,985.6,  ,  ,1.10000546897,2.10001044075,93.0,0.0,  ,  ,0.0,  ,  
2019-03-09 02:10:00,2.8,1.78181341951,985.575963946,  ,  ,0.927504611333,3.10001541254,93.0,0.0,  ,  ,0.0,  ,  
2019-03-09 02:15:00,2.8,1.78181341951,985.3,  ,  ,0.900004474609,2.80001392101,93.0,0.0,  ,  ,0.0,  ,  
2019-03-09 02:20:00,2.8,1.78181341951,985.3,  ,  ,1.07250533224,1.9000094464,93.0,0.0,  ,  ,0.0,  ,  
2019-03-09 02:25:00,2.8,1.78181341951,985.291991992,  ,  ,1.10000546897,2.90001441819,93.0,0.0,  ,  ,0.0,  ,  
2019-03-09 02:30:00,2.8,1.78181341951,985.2,  ,  ,0.841254182517,3.90001938997,93.0,0.0,  ,  ,0.0,  ,  
2019-03-09 02:35:00,2.88375,1.86485566616,985.2,  ,  ,0.80000397743,2.60001292665,93.0,0.0,  ,  ,0.0,  ,  
2019-03-09 02:40:00,2.91041666667,1.89129692713,985.175963946,  ,  ,0.886254406247,6.80003380816,93.0,0.0,  ,  ,0.0,  ,  
2019-03-09 02:45:00,3.07708333333,2.05655424577,984.9,  ,  ,0.900004474609,6.10003032791,93.0,0.0,  ,  ,0.0,  ,  
2019-03-09 02:50:00,3.18041666667,2.03229894324,984.9,  ,  ,1.50375747633,6.10003032791,92.1625,0.0,  ,  ,0.0,  ,  
2019-03-09 02:55:00,3.20333333333,2.03028888147,984.88390462,  ,  ,1.60000795486,5.50002734483,92.0,0.0,  ,  ,0.0,  ,  
2019-03-09 03:00:00,3.29041666667,2.11652604805,984.7,  ,  ,1.85875924131,5.00002485894,92.0,0.0,  ,  ,0.0,  ,  
2019-03-09 03:05:00,3.3,2.12601624401,984.7,  ,  ,1.9000094464,7.30003629405,92.0,0.0,  ,  ,0.0,  ,  
2019-03-09 03:10:00,3.35375,2.17924379669,984.692001987,  ,  ,2.07251030403,7.30003629405,92.0,0.0,  ,  ,0.0,  ,  
2019-03-09 03:15:00,3.4,2.13779845809,984.6,  ,  ,2.10001044075,3.80001889279,91.4291666667,0.0,  ,  ,0.0,  ,  
2019-03-09 03:20:00,3.4,2.10263742726,984.6,  ,  ,1.66875829667,4.50002237305,91.2,0.0,  ,  ,0.0,  ,  
2019-03-09 03:25:00,3.4,2.18498342056,984.6,  ,  ,1.60000795486,4.80002386458,91.7375,0.0,  ,  ,0.0,  ,  
2019-03-09 03:30:00,3.44708333333,2.22522272432,984.6,  ,  ,1.60000795486,6.00002983073,91.6958333333,0.0,  ,  ,0.0,  ,  
2019-03-09 03:35:00,3.57375,2.24372798098,984.6,  ,  ,1.60000795486,7.1000352997,91.0,0.0,  ,  ,0.0,  ,  
2019-03-09 03:40:00,3.68041666667,2.34922163148,984.576005961,  ,  ,1.85875924131,5.10002535612,91.0,0.0,  ,  ,0.0,  ,  
2019-03-09 03:45:00,3.7,2.36858955051,984.3,  ,  ,1.9000094464,3.90001938997,91.0,0.0,  ,  ,0.0,  ,  
2019-03-09 03:50:00,3.72708333333,2.39537494189,984.3,  ,  ,1.64125815995,4.50002237305,91.0,0.0,  ,  ,0.0,  ,  
2019-03-09 03:55:00,3.8,2.46748929237,984.3,  ,  ,1.60000795486,5.00002485894,91.0,0.0,  ,  ,0.0,  ,  
2019-03-09 04:00:00,3.82708333333,2.49427456136,984.3,  ,  ,1.42750709723,7.1000352997,91.0,0.0,  ,  ,0.0,  ,  
2019-03-09 04:05:00,3.91375,2.50705260151,984.3,  ,  ,1.4000069605,4.30002137869,90.5291666667,0.0,  ,  ,0.0,  ,  
2019-03-09 04:10:00,4.05041666667,2.55966785499,984.291998012,  ,  ,1.74500867577,4.60002287023,90.0,0.0,  ,  ,0.0,  ,  
2019-03-09 04:15:00,4.1,2.59235133618,984.2,  ,  ,1.80000894922,6.00002983073,89.8958333333,0.0,  ,  ,0.0,  ,  
2019-03-09 04:20:00,4.17708333333,2.5328637659,984.2,  ,  ,1.36875680513,4.80002386458,89.0333333333,0.0,  ,  ,0.0,  ,  
2019-03-09 04:25:00,4.21375,2.56376769559,984.2,  ,  ,1.30000646332,6.6000328138,89.0,0.0,  ,  ,0.0,  ,  
2019-03-09 04:30:00,4.3,2.5158704282,984.2,  ,  ,1.73125860741,4.60002287023,88.1625,0.0,  ,  ,0.0,  ,  
2019-03-09 04:35:00,4.3,2.48994027929,984.2,  ,  ,1.80000894922,4.50002237305,88.0,0.0,  ,  ,0.0,  ,  
2019-03-09 04:40:00,4.3,2.53844178998,984.183996024,  ,  ,1.62750809159,6.80003380816,88.3041666667,0.0,  ,  ,0.0,  ,  
2019-03-09 04:45:00,4.3,2.58018081819,984.0,  ,  ,1.60000795486,7.60003778559,88.5666666667,0.0,  ,  ,0.0,  ,  
2019-03-09 04:50:00,4.27,2.59288512788,984.0,  ,  ,2.03126009894,5.80002883637,88.8333333333,0.0,  ,  ,0.0,  ,  
2019-03-09 04:55:00,4.20291666667,2.55308163339,984.0,  ,  ,2.10001044075,5.10002535612,89.0,0.0,  ,  ,0.0,  ,  
2019-03-09 05:00:00,4.2,2.55020461552,984.0,  ,  ,1.66875829667,6.50003231662,89.0,0.0,  ,  ,0.0,  ,  
2019-03-09 05:05:00,4.31416666667,2.54045601155,984.0,  ,  ,1.60000795486,7.00003480252,88.2291666667,0.0,  ,  ,0.0,  ,  
2019-03-09 05:10:00,4.4,2.58844965212,984.0,  ,  ,1.85875924131,5.60002784201,88.0,0.0,  ,  ,0.0,  ,  
2019-03-09 05:15:00,4.4,2.58844965212,984.0,  ,  ,1.9000094464,5.30002635048,88.0,0.0,  ,  ,0.0,  ,  
2019-03-09 05:20:00,4.4,2.58844965212,984.0,  ,  ,1.64125815995,5.60002784201,88.0,0.0,  ,  ,0.0,  ,  
2019-03-09 05:25:00,4.35291666667,2.54206823161,983.991987982,  ,  ,1.60000795486,5.80002883637,88.0,0.0,  ,  ,0.0,  ,  
2019-03-09 05:30:00,4.3,2.48994027929,983.9,  ,  ,1.42750709723,5.50002734483,88.0,0.0,  ,  ,0.0,  ,  
2019-03-09 05:35:00,4.38375,2.57244192047,983.9,  ,  ,1.4000069605,3.90001938997,88.0,0.0,  ,  ,0.0,  ,  
2019-03-09 05:40:00,4.4,2.58844965212,983.9,  ,  ,1.57250781814,4.30002137869,88.0,0.0,  ,  ,0.0,  ,  
2019-03-09 05:45:00,4.4,2.58844965212,983.9,  ,  ,1.60000795486,3.40001690408,88.0,0.0,  ,  ,0.0,  ,  
2019-03-09 05:50:00,4.4,2.58844965212,983.9,  ,  ,1.42750709723,4.10002038433,88.0,0.0,  ,  ,0.0,  ,  
2019-03-09 05:55:00,4.38291666667,2.57162101073,983.891987982,  ,  ,1.4000069605,5.00002485894,88.0,0.0,  ,  ,0.0,  ,  
2019-03-09 06:00:00,4.30666666667,2.49650758976,983.8,  ,  ,1.31375653169,3.90001938997,88.0,0.0,  ,  ,0.0,  ,  
2019-03-09 06:05:00,4.3,2.48994027929,983.8,  ,  ,1.30000646332,5.10002535612,88.0,0.0,  ,  ,0.0,  ,  
2019-03-09 06:10:00,4.3,2.48994027929,983.791982072,  ,  ,2.24876118031,5.50002734483,88.0,0.0,  ,  ,0.0,  ,  
2019-03-09 06:15:00,4.3,2.48994027929,983.7,  ,  ,2.40001193229,5.80002883637,88.0,0.0,  ,  ,0.0,  ,  
2019-03-09 06:20:00,4.3,2.48994027929,983.7,  ,  ,2.83126407637,6.30003132226,88.0,0.0,  ,  ,0.0,  ,  
2019-03-09 06:25:00,4.3,2.48994027929,983.7,  ,  ,2.90001441819,6.00002983073,88.0,0.0,  ,  ,0.0,  ,  
2019-03-09 06:30:00,4.3,2.48994027929,983.7,  ,  ,3.07251527582,6.10003032791,88.0,0.0,  ,  ,0.0,  ,  
2019-03-09 06:35:00,4.30666666667,2.49650758976,983.7,  ,  ,3.10001541254,6.00002983073,88.0,0.0,  ,  ,0.0,  ,  
2019-03-09 06:40:00,4.3,2.48994027929,983.691998012,  ,  ,3.27251627018,6.10003032791,88.0,0.0,  ,  ,0.0,  ,  
2019-03-09 06:45:00,4.3,2.48994027929,983.6,  ,  ,3.3000164069,6.30003132226,88.0,0.0,  ,  ,0.0,  ,  
2019-03-09 06:50:00,4.3,2.48994027929,983.6,  ,  ,2.86876426282,5.00002485894,88.0,0.0,  ,  ,0.0,  ,  
2019-03-09 06:55:00,4.3,2.48994027929,983.61609538,  ,  ,2.80001392101,5.80002883637,88.0,0.0,  ,  ,0.0,  ,  
2019-03-09 07:00:00,4.24625,2.43699123979,983.8,  ,  ,2.36876177692,6.10003032791,88.0,0.0,  ,  ,0.0,  ,  
2019-03-09 07:05:00,4.2,2.39143029753,983.8,  ,  ,2.30001143511,6.50003231662,88.0,0.0,  ,  ,0.0,  ,  
2019-03-09 07:10:00,4.27708333333,2.46736512892,983.808001988,  ,  ,2.81751400801,6.6000328138,88.0,0.0,  ,  ,0.0,  ,  
2019-03-09 07:15:00,4.3,2.44662926097,983.9,  ,  ,2.90001441819,5.60002784201,87.7291666667,0.0,  ,  ,0.0,  ,  
2019-03-09 07:20:00,4.3,2.32943309789,983.9,  ,  ,3.07251527582,4.60002287023,87.0,0.0,  ,  ,0.0,  ,  
2019-03-09 07:25:00,4.3,2.32943309789,983.916003976,  ,  ,3.10001541254,5.60002784201,87.0,0.0,  ,  ,0.0,  ,  
2019-03-09 07:30:00,4.3,2.32943309789,984.1,  ,  ,2.84126412609,4.50002237305,87.0,0.0,  ,  ,0.0,  ,  
2019-03-09 07:35:00,4.36708333333,2.39542823279,984.1,  ,  ,2.80001392101,4.60002287023,87.0,0.0,  ,  ,0.0,  ,  
2019-03-09 07:40:00,4.32625,2.35525731659,984.107998013,  ,  ,2.19626091929,5.00002485894,87.0,0.0,  ,  ,0.0,  ,  
2019-03-09 07:45:00,4.30333333333,2.33271236629,984.2,  ,  ,2.10001044075,5.30002635048,87.0,0.0,  ,  ,0.0,  ,  
2019-03-09 07:50:00,4.3,2.32943309789,984.2,  ,  ,2.27251129839,5.10002535612,87.0,0.0,  ,  ,0.0,  ,  
2019-03-09 07:55:00,4.3,2.32943309789,984.216003976,  ,  ,2.30001143511,5.80002883637,87.0,0.0,  ,  ,0.0,  ,  
2019-03-09 08:00:00,4.3,2.32943309789,984.4,  ,  ,1.6962584334,5.00002485894,87.0,0.0,  ,  ,0.0,  ,  
2019-03-09 08:05:00,4.39375,2.06520773069,984.4,  ,  ,1.60000795486,9.30004623763,84.8166666667,0.0,  ,  ,0.0,  ,  
2019-03-09 08:10:00,4.49375,1.64399753923,984.432007952,  ,  ,1.85875924131,7.50003728841,81.725,0.0,  ,  ,0.0,  ,  
2019-03-09 08:15:00,4.42291666667,1.29286951964,984.8,  ,  ,1.9000094464,6.30003132226,80.0875,0.0,  ,  ,0.0,  ,  
2019-03-09 08:20:00,4.32916666667,0.629943796527,984.8,  ,  ,2.07251030403,6.6000328138,76.8541666667,0.0,  ,  ,0.0,  ,  
2019-03-09 08:25:00,4.13625,0.148767976222,984.831992052,  ,  ,2.10001044075,8.5000422602,75.2333333333,0.0,  ,  ,0.0,  ,  
2019-03-09 08:30:00,3.9625,-0.000259262070068,985.2,  ,  ,2.79001387129,5.30002635048,75.3375,0.0,  ,  ,0.0,  ,  
2019-03-09 08:35:00,3.75916666667,-0.0766140986754,985.2,  ,  ,2.90001441819,6.30003132226,76.0,0.0,  ,  ,0.0,  ,  
2019-03-09 08:40:00,3.63958333333,-0.192429158723,985.216003976,  ,  ,2.38251184529,6.30003132226,76.0,0.0,  ,  ,0.0,  ,  
2019-03-09 08:45:00,3.6,-0.358568546394,985.4,  ,  ,2.30001143511,9.00004474609,75.2958333333,0.0,  ,  ,0.0,  ,  
2019-03-09 08:50:00,3.59666666667,-0.440202418505,985.4,  ,  ,2.30001143511,4.60002287023,74.8666666667,0.0,  ,  ,0.0,  ,  
2019-03-09 08:55:00,3.61041666667,-0.475834770405,985.39195231,  ,  ,2.30001143511,4.50002237305,74.6,0.0,  ,  ,0.0,  ,  
2019-03-09 09:00:00,3.80083333333,-0.372545400617,985.3,  ,  ,1.6962584334,4.50002237305,74.1625,0.0,  ,  ,0.0,  ,  
2019-03-09 09:05:00,4.09458333333,-0.225461446931,985.3,  ,  ,1.60000795486,4.10002038433,73.4291666667,0.0,  ,  ,0.0,  ,  
2019-03-09 09:10:00,4.23375,-0.17181545444,985.3,  ,  ,1.60000795486,5.50002734483,73.0,0.0,  ,  ,0.0,  ,  
2019-03-09 09:15:00,4.42125,-0.169664845177,985.3,  ,  ,1.60000795486,5.60002784201,72.0583333333,0.0,  ,  ,0.0,  ,  
2019-03-09 09:20:00,4.6,-0.331481674576,985.3,  ,  ,1.42750709723,5.80002883637,70.3291666667,0.0,  ,  ,0.0,  ,  
2019-03-09 09:25:00,4.61,-0.445990499725,985.308001988,  ,  ,1.4000069605,8.5000422602,69.6958333333,0.0,  ,  ,0.0,  ,  
2019-03-09 09:30:00,4.69041666667,-0.407497093783,985.4,  ,  ,1.57250781814,4.80002386458,69.5,0.0,  ,  ,0.0,  ,  
2019-03-09 09:35:00,4.63916666667,-0.555569195452,985.4,  ,  ,1.60000795486,5.60002784201,69.0,0.0,  ,  ,0.0,  ,  
2019-03-09 09:40:00,4.50666666667,-0.656029527552,985.4,  ,  ,1.42750709723,4.80002386458,69.1333333333,0.0,  ,  ,0.0,  ,  
2019-03-09 09:45:00,4.41958333333,-0.699920553704,985.4,  ,  ,1.4000069605,4.60002287023,69.3333333333,0.0,  ,  ,0.0,  ,  
2019-03-09 09:50:00,4.30958333333,-0.897608018315,985.4,  ,  ,1.4000069605,5.50002734483,68.8666666667,0.0,  ,  ,0.0,  ,  
2019-03-09 09:55:00,4.33375,-0.854643601343,985.4,  ,  ,1.4000069605,6.50003231662,68.9666666667,0.0,  ,  ,0.0,  ,  
2019-03-09 10:00:00,4.59458333333,-0.685337706775,985.4,  ,  ,1.83125910459,5.30002635048,68.5625,0.0,  ,  ,0.0,  ,  
2019-03-09 10:05:00,4.79666666667,-0.754067445788,985.4,  ,  ,1.9000094464,5.30002635048,67.2625,0.0,  ,  ,0.0,  ,  
2019-03-09 10:10:00,4.75375,-0.87570966939,985.4,  ,  ,1.81375901758,8.10004027148,66.8666666667,0.0,  ,  ,0.0,  ,  
2019-03-09 10:15:00,4.90125,-0.707729970966,985.4,  ,  ,1.80000894922,4.50002237305,67.0,0.0,  ,  ,0.0,  ,  
2019-03-09 10:20:00,5.10333333333,-0.70697731544,985.4,  ,  ,2.05876023567,5.30002635048,66.0666666667,0.0,  ,  ,0.0,  ,  
2019-03-09 10:25:00,5.11708333333,-0.653370247949,985.4,  ,  ,2.10001044075,4.80002386458,66.2625,0.0,  ,  ,0.0,  ,  
2019-03-09 10:30:00,5.16916666667,-0.853736483404,985.4,  ,  ,2.10001044075,6.10003032791,65.0625,0.0,  ,  ,0.0,  ,  
2019-03-09 10:35:00,4.95291666667,-1.04455433061,985.4,  ,  ,2.10001044075,5.50002734483,65.1333333333,0.0,  ,  ,0.0,  ,  
2019-03-09 10:40:00,4.99708333333,-1.09449046075,985.408001988,  ,  ,1.92750958312,5.50002734483,64.6958333333,0.0,  ,  ,0.0,  ,  
2019-03-09 10:45:00,5.02375,-1.1387026106,985.5,  ,  ,1.9000094464,5.50002734483,64.3666666667,0.0,  ,  ,0.0,  ,  
2019-03-09 10:50:00,4.98583333333,-1.30228063749,985.5,  ,  ,2.24501116166,9.10004524327,63.7666666667,0.0,  ,  ,0.0,  ,  
2019-03-09 10:55:00,4.89708333333,-1.32262426238,985.5,  ,  ,2.30001143511,5.30002635048,64.0666666667,0.0,  ,  ,0.0,  ,  
2019-03-09 11:00:00,5.01375,-1.44127876056,985.5,  ,  ,2.30001143511,9.30004623763,62.9958333333,0.0,  ,  ,0.0,  ,  
2019-03-09 11:05:00,5.13416666667,-1.42109288408,985.5,  ,  ,2.30001143511,6.6000328138,62.5625,0.0,  ,  ,0.0,  ,  
2019-03-09 11:10:00,5.29333333333,-1.59299377812,985.508001988,  ,  ,2.7312635792,10.5000522038,61.0958333333,0.0,  ,  ,0.0,  ,  
2019-03-09 11:15:00,5.22625,-1.50710420785,985.6,  ,  ,2.80001392101,4.50002237305,61.7708333333,0.0,  ,  ,0.0,  ,  
2019-03-09 11:20:00,5.25083333333,-1.41890532538,985.6,  ,  ,2.36876177692,5.60002784201,62.0666666667,0.0,  ,  ,0.0,  ,  
2019-03-09 11:25:00,5.41041666667,-1.49822120192,985.608001988,  ,  ,2.30001143511,6.10003032791,61.025,0.0,  ,  ,0.0,  ,  
2019-03-09 11:30:00,5.40625,-1.49937090849,985.7,  ,  ,2.12751057748,6.10003032791,61.0375,0.0,  ,  ,0.0,  ,  
2019-03-09 11:35:00,5.4,-1.45433155283,985.7,  ,  ,2.10001044075,8.5000422602,61.2666666667,0.0,  ,  ,0.0,  ,  
2019-03-09 11:40:00,5.32916666667,-1.63997186879,985.707998013,  ,  ,2.10001044075,6.6000328138,60.7333333333,0.0,  ,  ,0.0,  ,  
2019-03-09 11:45:00,5.13541666667,-1.7559701787,985.8,  ,  ,2.10001044075,8.30004126584,61.0333333333,0.0,  ,  ,0.0,  ,  
2019-03-09 11:50:00,4.83291666667,-1.84153200267,985.8,  ,  ,2.79001387129,6.10003032791,61.9416666667,0.0,  ,  ,0.0,  ,  
2019-03-09 11:55:00,4.77666666667,-1.7514394138,985.808001988,  ,  ,2.90001441819,9.60004772917,62.6,0.0,  ,  ,0.0,  ,  
2019-03-09 12:00:00,4.85708333333,-1.75589593487,985.9,  ,  ,2.4687622741,5.60002784201,62.2291666667,0.0,  ,  ,0.0,  ,  
2019-03-09 12:05:00,5.00041666667,-1.67126561096,985.9,  ,  ,2.40001193229,4.10002038433,61.9958333333,0.0,  ,  ,0.0,  ,  
2019-03-09 12:10:00,5.09708333333,-1.72566603606,985.91609538,  ,  ,1.88250935939,6.50003231662,61.3333333333,0.0,  ,  ,0.0,  ,  
2019-03-09 12:15:00,5.17041666667,-1.80463951764,986.1,  ,  ,1.80000894922,6.6000328138,60.6666666667,0.0,  ,  ,0.0,  ,  
2019-03-09 12:20:00,5.13333333333,-1.76534502866,986.1,  ,  ,2.05876023567,6.00002983073,61.0,0.0,  ,  ,0.0,  ,  
2019-03-09 12:25:00,5.20333333333,-1.63914541013,986.092001987,  ,  ,2.10001044075,3.90001938997,61.2708333333,0.0,  ,  ,0.0,  ,  
2019-03-09 12:30:00,5.28375,-1.41793753325,986.0,  ,  ,1.49625743904,5.80002883637,61.9291666667,0.0,  ,  ,0.0,  ,  
2019-03-09 12:35:00,5.2425,-1.60215444692,986.0,  ,  ,1.4000069605,4.30002137869,61.2708333333,0.0,  ,  ,0.0,  ,  
2019-03-09 12:40:00,5.11666666667,-1.67126542249,986.016003976,  ,  ,1.57250781814,6.50003231662,61.4958333333,0.0,  ,  ,0.0,  ,  
2019-03-09 12:45:00,4.98208333333,-1.83429514772,986.2,  ,  ,1.60000795486,9.80004872352,61.3333333333,0.0,  ,  ,0.0,  ,  
2019-03-09 12:50:00,4.74666666667,-1.96140810786,986.2,  ,  ,2.29001138539,7.1000352997,61.7666666667,0.0,  ,  ,0.0,  ,  
2019-03-09 12:55:00,4.79958333333,-1.91046587861,986.2,  ,  ,2.40001193229,8.5000422602,61.7708333333,0.0,  ,  ,0.0,  ,  
2019-03-09 13:00:00,4.79041666667,-1.85441197854,986.2,  ,  ,2.57251278992,8.5000422602,62.0666666667,0.0,  ,  ,0.0,  ,  
2019-03-09 13:05:00,4.7225,-1.77928783998,986.2,  ,  ,2.60001292665,8.0000397743,62.7083333333,0.0,  ,  ,0.0,  ,  
2019-03-09 13:10:00,4.44833333333,-1.43180088186,986.216003976,  ,  ,2.42751206902,5.80002883637,65.5791666667,0.0,  ,  ,0.0,  ,  
2019-03-09 13:15:00,4.06541666667,-1.35655695269,986.4,  ,  ,2.40001193229,5.30002635048,67.7375,0.0,  ,  ,0.0,  ,  
2019-03-09 13:20:00,3.89625,-1.46565479585,986.4,  ,  ,1.96875978821,4.30002137869,68.0,0.0,  ,  ,0.0,  ,  
2019-03-09 13:25:00,3.86333333333,-1.49712668851,986.4,  ,  ,1.9000094464,4.10002038433,68.0,0.0,  ,  ,0.0,  ,  
2019-03-09 13:30:00,3.87375,-1.4738474307,986.4,  ,  ,1.46875730231,4.80002386458,68.0666666667,0.0,  ,  ,0.0,  ,  
2019-03-09 13:35:00,4.04416666667,-1.36431683697,986.4,  ,  ,1.4000069605,5.00002485894,67.8,0.0,  ,  ,0.0,  ,  
2019-03-09 13:40:00,4.07958333333,-1.36479849405,986.423994039,  ,  ,1.31375653169,5.50002734483,67.6291666667,0.0,  ,  ,0.0,  ,  
2019-03-09 13:45:00,4.08708333333,-1.58736766654,986.7,  ,  ,1.30000646332,8.30004126584,66.4958333333,0.0,  ,  ,0.0,  ,  
2019-03-09 13:50:00,4.19458333333,-1.70618275149,986.7,  ,  ,2.42126203794,8.0000397743,65.4208333333,0.0,  ,  ,0.0,  ,  
2019-03-09 13:55:00,4.52083333333,-2.25077102169,986.708001988,  ,  ,2.60001292665,7.30003629405,61.4208333333,0.0,  ,  ,0.0,  ,  
2019-03-09 14:00:00,4.67375,-2.52095775295,986.8,  ,  ,2.60001292665,7.1000352997,59.5625,0.0,  ,  ,0.0,  ,  
2019-03-09 14:05:00,4.78333333333,-2.46786482909,986.8,  ,  ,2.60001292665,6.00002983073,59.3416666667,0.0,  ,  ,0.0,  ,  
2019-03-09 14:10:00,4.54541666667,-1.99656206943,986.81609538,  ,  ,2.3412616402,9.30004623763,62.4791666667,0.0,  ,  ,0.0,  ,  
2019-03-09 14:15:00,4.2625,-1.839935446,987.0,  ,  ,2.30001143511,9.80004872352,64.4708333333,0.0,  ,  ,0.0,  ,  
2019-03-09 14:20:00,4.17625,-1.79724478888,987.0,  ,  ,1.95500971985,7.30003629405,65.0666666667,0.0,  ,  ,0.0,  ,  
2019-03-09 14:25:00,4.13041666667,-1.74999457229,987.015996026,  ,  ,1.9000094464,8.5000422602,65.5041666667,0.0,  ,  ,0.0,  ,  
2019-03-09 14:30:00,4.26041666667,-1.69721764612,987.2,  ,  ,2.07251030403,6.80003380816,65.1625,0.0,  ,  ,0.0,  ,  
2019-03-09 14:35:00,4.30333333333,-1.70419578067,987.2,  ,  ,2.10001044075,7.80003877995,64.9333333333,0.0,  ,  ,0.0,  ,  
2019-03-09 14:40:00,4.26333333333,-1.92521568311,987.216003976,  ,  ,1.8412591543,11.1000551868,64.0625,0.0,  ,  ,0.0,  ,  
2019-03-09 14:45:00,4.36041666667,-2.06036741588,987.4,  ,  ,1.80000894922,8.60004275738,62.9958333333,0.0,  ,  ,0.0,  ,  
2019-03-09 14:50:00,4.52791666667,-2.01042268572,987.4,  ,  ,1.88625937804,5.30002635048,62.4916666667,0.0,  ,  ,0.0,  ,  
2019-03-09 14:55:00,4.68333333333,-2.2049359587,987.40804769,  ,  ,1.9000094464,7.00003480252,60.9333333333,0.0,  ,  ,0.0,  ,  
2019-03-09 15:00:00,4.61958333333,-2.28821506056,987.5,  ,  ,1.64125815995,5.00002485894,60.8291666667,0.0,  ,  ,0.0,  ,  
2019-03-09 15:05:00,4.6,-2.43948932787,987.5,  ,  ,1.60000795486,8.5000422602,60.2333333333,0.0,  ,  ,0.0,  ,  
2019-03-09 15:10:00,4.54583333333,-2.64045324694,987.508001988,  ,  ,1.34125666841,8.0000397743,59.5666666667,0.0,  ,  ,0.0,  ,  
2019-03-09 15:15:00,4.30625,-2.79104965492,987.6,  ,  ,1.30000646332,7.00003480252,59.9,0.0,  ,  ,0.0,  ,  
2019-03-09 15:20:00,4.3,-2.84188557595,987.6,  ,  ,1.81750903622,8.5000422602,59.7,0.0,  ,  ,0.0,  ,  
2019-03-09 15:25:00,4.29666666667,-2.82347186631,987.608001988,  ,  ,1.9000094464,5.80002883637,59.7958333333,0.0,  ,  ,0.0,  ,  
2019-03-09 15:30:00,4.28291666667,-2.93977193158,987.7,  ,  ,2.07251030403,8.60004275738,59.3375,0.0,  ,  ,0.0,  ,  
2019-03-09 15:35:00,4.14625,-2.95675470692,987.7,  ,  ,2.10001044075,7.50003728841,59.8333333333,0.0,  ,  ,0.0,  ,  
2019-03-09 15:40:00,4.11708333333,-2.87992207314,987.692001987,  ,  ,1.49625743904,3.3000164069,60.3,0.0,  ,  ,0.0,  ,  
2019-03-09 15:45:00,4.20375,-2.68622807952,987.6,  ,  ,1.4000069605,5.00002485894,60.8041666667,0.0,  ,  ,0.0,  ,  
2019-03-09 15:50:00,4.34,-2.61218500758,987.6,  ,  ,0.96875481642,3.90001938997,60.5583333333,0.0,  ,  ,0.0,  ,  
2019-03-09 15:55:00,4.25583333333,-2.8068068837,987.6,  ,  ,0.900004474609,5.30002635048,60.0416666667,0.0,  ,  ,0.0,  ,  
2019-03-09 16:00:00,3.93541666667,-2.96344026951,987.6,  ,  ,1.24500618988,4.60002287023,60.6958333333,0.0,  ,  ,0.0,  ,  
2019-03-09 16:05:00,3.79666666667,-3.0117708391,987.6,  ,  ,1.30000646332,2.80001392101,61.0708333333,0.0,  ,  ,0.0,  ,  
2019-03-09 16:10:00,3.93125,-3.04867467177,987.6,  ,  ,0.955004748058,3.10001541254,60.3291666667,0.0,  ,  ,0.0,  ,  
2019-03-09 16:15:00,4.1775,-2.89835564768,987.6,  ,  ,0.900004474609,3.60001789844,59.9625,0.0,  ,  ,0.0,  ,  
2019-03-09 16:20:00,4.34375,-3.12016713676,987.6,  ,  ,0.900004474609,6.10003032791,58.2958333333,0.0,  ,  ,0.0,  ,  
2019-03-09 16:25:00,4.50083333333,-3.05728035826,987.607998013,  ,  ,0.900004474609,4.10002038433,57.9291666667,0.0,  ,  ,0.0,  ,  
2019-03-09 16:30:00,4.52625,-2.97756551033,987.7,  ,  ,1.24500618988,6.30003132226,58.1708333333,0.0,  ,  ,0.0,  ,  
2019-03-09 16:35:00,4.40625,-3.27091754977,987.7,  ,  ,1.30000646332,7.50003728841,57.3916666667,0.0,  ,  ,0.0,  ,  
2019-03-09 16:40:00,4.39666666667,-3.37153583755,987.691991992,  ,  ,1.73125860741,5.30002635048,57.0,0.0,  ,  ,0.0,  ,  
2019-03-09 16:45:00,4.31291666667,-3.45683978044,987.6,  ,  ,1.80000894922,5.60002784201,56.9708333333,0.0,  ,  ,0.0,  ,  
2019-03-09 16:50:00,4.19291666667,-3.52342809843,987.6,  ,  ,1.36875680513,3.90001938997,57.1666666667,0.0,  ,  ,0.0,  ,  
2019-03-09 16:55:00,4.10291666667,-3.66236366174,987.6,  ,  ,1.30000646332,5.80002883637,56.9333333333,0.0,  ,  ,0.0,  ,  
2019-03-09 17:00:00,4.10666666667,-3.65885065172,987.6,  ,  ,1.30000646332,5.00002485894,56.9333333333,0.0,  ,  ,0.0,  ,  
2019-03-09 17:05:00,4.11375,-3.75412383062,987.6,  ,  ,1.30000646332,2.30001143511,56.5,0.0,  ,  ,0.0,  ,  
2019-03-09 17:10:00,4.22,-3.64680649388,987.6,  ,  ,0.955004748058,3.3000164069,56.5333333333,0.0,  ,  ,0.0,  ,  
2019-03-09 17:15:00,4.25708333333,-3.67618103782,987.6,  ,  ,0.900004474609,4.60002287023,56.2625,0.0,  ,  ,0.0,  ,  
2019-03-09 17:20:00,4.21625,-3.82441721405,987.6,  ,  ,0.813754045793,6.50003231662,55.8,0.0,  ,  ,0.0,  ,  
2019-03-09 17:25:00,4.16625,-3.80763181147,987.608,  ,  ,0.80000397743,4.50002237305,56.0666666667,0.0,  ,  ,0.0,  ,  
2019-03-09 17:30:00,4.12,-3.86673110577,987.7,  ,  ,0.886254406247,4.50002237305,56.0,0.0,  ,  ,0.0,  ,  
2019-03-09 17:35:00,4.1,-3.89435246305,987.7,  ,  ,0.900004474609,6.00002983073,55.9625,0.0,  ,  ,0.0,  ,  
2019-03-09 17:40:00,4.10666666667,-4.13504469251,987.707998013,  ,  ,1.07250533224,3.40001690408,54.9333333333,0.0,  ,  ,0.0,  ,  
2019-03-09 17:45:00,4.17708333333,-4.08650191855,987.8,  ,  ,1.10000546897,4.60002287023,54.8625,0.0,  ,  ,0.0,  ,  
2019-03-09 17:50:00,4.19666666667,-4.20518655373,987.8,  ,  ,1.10000546897,5.50002734483,54.3,0.0,  ,  ,0.0,  ,  
2019-03-09 17:55:00,4.2,-4.2674480352,987.816003976,  ,  ,1.10000546897,4.30002137869,54.0333333333,0.0,  ,  ,0.0,  ,  
2019-03-09 18:00:00,4.2,-4.23472874475,988.0,  ,  ,1.10000546897,7.00003480252,54.1666666667,0.0,  ,  ,0.0,  ,  
2019-03-09 18:05:00,4.14625,-4.26031394844,988.0,  ,  ,1.10000546897,5.80002883637,54.2666666667,0.0,  ,  ,0.0,  ,  
2019-03-09 18:10:00,4.1,-4.35954838243,988.00804769,  ,  ,1.2725063266,6.80003380816,54.0375,0.0,  ,  ,0.0,  ,  
2019-03-09 18:15:00,3.97583333333,-4.29744448242,988.1,  ,  ,1.30000646332,4.10002038433,54.7666666667,0.0,  ,  ,0.0,  ,  
2019-03-09 18:20:00,3.85625,-4.32850608313,988.1,  ,  ,0.955004748058,2.60001292665,55.1,0.0,  ,  ,0.0,  ,  
2019-03-09 18:25:00,3.75958333333,-4.33077506682,988.107998013,  ,  ,0.900004474609,4.50002237305,55.4666666667,0.0,  ,  ,0.0,  ,  
2019-03-09 18:30:00,3.7,-4.50644857355,988.2,  ,  ,0.900004474609,4.30002137869,54.9666666667,0.0,  ,  ,0.0,  ,  
2019-03-09 18:35:00,3.69958333333,-4.40177150325,988.2,  ,  ,0.900004474609,3.40001690408,55.4041666667,0.0,  ,  ,0.0,  ,  
2019-03-09 18:40:00,3.59291666667,-4.33495690738,988.208001988,  ,  ,1.07250533224,3.90001938997,56.1041666667,0.0,  ,  ,0.0,  ,  
2019-03-09 18:45:00,3.43291666667,-4.49446207574,988.3,  ,  ,1.10000546897,1.60000795486,56.0625,0.0,  ,  ,0.0,  ,  
2019-03-09 18:50:00,3.34958333333,-4.47726553598,988.3,  ,  ,0.841254182517,2.60001292665,56.4666666667,0.0,  ,  ,0.0,  ,  
2019-03-09 18:55:00,3.29958333333,-4.39755521576,988.307998013,  ,  ,0.80000397743,1.30000646332,57.0083333333,0.0,  ,  ,0.0,  ,  
2019-03-09 19:00:00,3.19958333333,-4.24636531328,988.4,  ,  ,0.627503119797,1.80000894922,58.0708333333,0.0,  ,  ,0.0,  ,  
2019-03-09 19:05:00,3.0625,-4.17942140845,988.4,  ,  ,0.600002983073,2.10001044075,58.9333333333,0.0,  ,  ,0.0,  ,  
2019-03-09 19:10:00,2.86958333333,-4.34591518658,988.416003976,  ,  ,0.600002983073,1.4000069605,59.0,0.0,  ,  ,0.0,  ,  
2019-03-09 19:15:00,2.73625,-4.47137231397,988.6,  ,  ,0.600002983073,1.9000094464,59.0,0.0,  ,  ,0.0,  ,  
2019-03-09 19:20:00,2.66625,-4.53723897563,988.6,  ,  ,0.600002983073,2.80001392101,59.0,0.0,  ,  ,0.0,  ,  
2019-03-09 19:25:00,2.6,-4.59116763036,988.616003976,  ,  ,0.600002983073,1.80000894922,59.0375,0.0,  ,  ,0.0,  ,  
2019-03-09 19:30:00,2.49583333333,-4.49720980489,988.8,  ,  ,0.600002983073,2.10001044075,59.9,0.0,  ,  ,0.0,  ,  
2019-03-09 19:35:00,2.4,-4.56546207544,988.8,  ,  ,0.600002983073,1.80000894922,60.0,0.0,  ,  ,0.0,  ,  
2019-03-09 19:40:00,2.31625,-4.6444240727,988.815996026,  ,  ,0.600002983073,2.80001392101,60.0,0.0,  ,  ,0.0,  ,  
2019-03-09 19:45:00,2.3,-4.54169973292,989.0,  ,  ,0.600002983073,1.60000795486,60.5375,0.0,  ,  ,0.0,  ,  
2019-03-09 19:50:00,2.3,-4.44086699756,989.0,  ,  ,0.600002983073,2.10001044075,61.0,0.0,  ,  ,0.0,  ,  
2019-03-09 19:55:00,2.3,-4.44086699756,989.008001988,  ,  ,0.600002983073,2.60001292665,61.0,0.0,  ,  ,0.0,  ,  
2019-03-09 20:00:00,2.38041666667,-4.36490492408,989.1,  ,  ,0.858754269523,2.40001193229,61.0,0.0,  ,  ,0.0,  ,  
2019-03-09 20:05:00,2.4,-4.33915972184,989.1,  ,  ,0.900004474609,1.80000894922,61.0333333333,0.0,  ,  ,0.0,  ,  
2019-03-09 20:10:00,2.4,-4.28131061033,989.108058058,  ,  ,0.813754045793,2.40001193229,61.3,0.0,  ,  ,0.0,  ,  
2019-03-09 20:15:00,2.4,-4.26598193377,989.2,  ,  ,0.80000397743,2.40001193229,61.3708333333,0.0,  ,  ,0.0,  ,  
2019-03-09 20:20:00,2.4,-4.1305111309,989.2,  ,  ,1.05875526388,4.10002038433,62.0,0.0,  ,  ,0.0,  ,  
2019-03-09 20:25:00,2.36958333333,-4.15929578503,989.2,  ,  ,1.10000546897,3.80001889279,62.0,0.0,  ,  ,0.0,  ,  
2019-03-09 20:30:00,2.38375,-4.0888459518,989.2,  ,  ,1.35875675542,3.3000164069,62.2666666667,0.0,  ,  ,0.0,  ,  
2019-03-09 20:35:00,2.4,-4.0948289799,989.2,  ,  ,1.4000069605,3.10001541254,62.1666666667,0.0,  ,  ,0.0,  ,  
2019-03-09 20:40:00,2.40333333333,-4.02676983761,989.208001988,  ,  ,0.96875481642,2.10001044075,62.4708333333,0.0,  ,  ,0.0,  ,  
2019-03-09 20:45:00,2.48375,-3.93818001859,989.3,  ,  ,0.900004474609,3.60001789844,62.5291666667,0.0,  ,  ,0.0,  ,  
2019-03-09 20:50:00,2.52333333333,-3.84930971478,989.3,  ,  ,1.07250533224,3.40001690408,62.7708333333,0.0,  ,  ,0.0,  ,  
2019-03-09 20:55:00,2.51333333333,-3.81023357458,989.3,  ,  ,1.10000546897,3.40001690408,63.0,0.0,  ,  ,0.0,  ,  
2019-03-09 21:00:00,2.45958333333,-3.86119120768,989.3,  ,  ,1.35875675542,2.10001044075,63.0,0.0,  ,  ,0.0,  ,  
2019-03-09 21:05:00,2.4,-3.90359775888,989.3,  ,  ,1.4000069605,4.30002137869,63.0666666667,0.0,  ,  ,0.0,  ,  
2019-03-09 21:10:00,2.4,-3.74172466866,989.3,  ,  ,1.4000069605,2.40001193229,63.8375,0.0,  ,  ,0.0,  ,  
2019-03-09 21:15:00,2.39666666667,-3.7109871453,989.3,  ,  ,1.4000069605,4.80002386458,64.0,0.0,  ,  ,0.0,  ,  
2019-03-09 21:20:00,2.33666666667,-3.76797373664,989.3,  ,  ,1.4000069605,4.60002287023,64.0,0.0,  ,  ,0.0,  ,  
2019-03-09 21:25:00,2.30291666667,-3.80002901267,989.3,  ,  ,1.4000069605,4.60002287023,64.0,0.0,  ,  ,0.0,  ,  
2019-03-09 21:30:00,2.3,-3.69128849778,989.3,  ,  ,1.57250781814,3.10001541254,64.5375,0.0,  ,  ,0.0,  ,  
2019-03-09 21:35:00,2.28625,-3.60907682353,989.3,  ,  ,1.60000795486,3.60001789844,65.0,0.0,  ,  ,0.0,  ,  
2019-03-09 21:40:00,2.2,-3.6911420869,989.307998013,  ,  ,1.34125666841,3.10001541254,65.0,0.0,  ,  ,0.0,  ,  
2019-03-09 21:45:00,2.2,-3.6911420869,989.4,  ,  ,1.30000646332,5.60002784201,65.0,0.0,  ,  ,0.0,  ,  
2019-03-09 21:50:00,2.17625,-3.56317121211,989.4,  ,  ,1.55875774977,2.90001441819,65.7375,0.0,  ,  ,0.0,  ,  
2019-03-09 21:55:00,2.05916666667,-3.62153947394,989.4,  ,  ,1.60000795486,4.10002038433,66.0,0.0,  ,  ,0.0,  ,  
2019-03-09 22:00:00,1.89958333333,-3.77365265389,989.4,  ,  ,1.42750709723,3.3000164069,66.0,0.0,  ,  ,0.0,  ,  
2019-03-09 22:05:00,1.8,-3.747142328,989.4,  ,  ,1.4000069605,2.90001441819,66.6041666667,0.0,  ,  ,0.0,  ,  
2019-03-09 22:10:00,1.73958333333,-3.71253610578,989.4,  ,  ,1.4000069605,3.10001541254,67.0666666667,0.0,  ,  ,0.0,  ,  
2019-03-09 22:15:00,1.66625,-3.60393362239,989.4,  ,  ,1.4000069605,4.50002237305,67.9708333333,0.0,  ,  ,0.0,  ,  
2019-03-09 22:20:00,1.6,-3.58247699031,989.4,  ,  ,1.57250781814,2.60001292665,68.4041666667,0.0,  ,  ,0.0,  ,  
2019-03-09 22:25:00,1.5225,-3.54087440592,989.392011982,  ,  ,1.60000795486,5.60002784201,69.0,0.0,  ,  ,0.0,  ,  
2019-03-09 22:30:00,1.49041666667,-3.48718362868,989.3,  ,  ,1.34125666841,5.00002485894,69.4375,0.0,  ,  ,0.0,  ,  
2019-03-09 22:35:00,1.5,-3.37012291571,989.3,  ,  ,1.30000646332,3.90001938997,70.0,0.0,  ,  ,0.0,  ,  
2019-03-09 22:40:00,1.5,-3.2677601903,989.291987982,  ,  ,1.38625689214,3.3000164069,70.5375,0.0,  ,  ,0.0,  ,  
2019-03-09 22:45:00,1.44958333333,-3.22869542886,989.2,  ,  ,1.4000069605,4.60002287023,71.0,0.0,  ,  ,0.0,  ,  
2019-03-09 22:50:00,1.4,-3.27635801725,989.2,  ,  ,1.31375653169,3.10001541254,71.0,0.0,  ,  ,0.0,  ,  
2019-03-09 22:55:00,1.35958333333,-3.31520932069,989.184003974,  ,  ,1.30000646332,2.30001143511,71.0,0.0,  ,  ,0.0,  ,  
2019-03-09 23:00:00,1.24958333333,-3.30137360922,989.0,  ,  ,1.12750560569,2.60001292665,71.6375,0.0,  ,  ,0.0,  ,  
2019-03-09 23:05:00,1.12625,-3.35254851727,989.0,  ,  ,1.10000546897,2.40001193229,72.0,0.0,  ,  ,0.0,  ,  
2019-03-09 23:10:00,1.03916666667,-3.40471048378,989.0,  ,  ,1.10000546897,2.30001143511,72.1708333333,0.0,  ,  ,0.0,  ,  
2019-03-09 23:15:00,0.9,-3.45339093985,989.0,  ,  ,1.10000546897,2.80001392101,72.6333333333,0.0,  ,  ,0.0,  ,  
2019-03-09 23:20:00,0.80625,-3.47647635322,989.0,  ,  ,1.10000546897,3.3000164069,73.0,0.0,  ,  ,0.0,  ,  
2019-03-09 23:25:00,0.70625,-3.52953723925,989.0,  ,  ,1.10000546897,2.40001193229,73.2375,0.0,  ,  ,0.0,  ,  
2019-03-09 23:30:00,0.62625,-3.46837369314,989.0,  ,  ,1.10000546897,2.80001392101,74.0,0.0,  ,  ,0.0,  ,  
2019-03-09 23:35:00,0.552916666667,-3.52041892459,989.0,  ,  ,1.10000546897,2.10001044075,74.1041666667,0.0,  ,  ,0.0,  ,  
2019-03-09 23:40:00,0.429583333333,-3.50882473356,988.992001987,  ,  ,0.927504611333,3.10001541254,74.8333333333,0.0,  ,  ,0.0,  ,  
2019-03-09 23:45:00,0.36625,-3.5336927631,988.9,  ,  ,0.900004474609,3.3000164069,75.0375,0.0,  ,  ,0.0,  ,  
2019-03-09 23:50:00,0.3,-3.53343386988,988.9,  ,  ,1.24500618988,3.3000164069,75.4,0.0,  ,  ,0.0,  ,  
  

    

