Time,TemperatureC,DewpointC,PressurehPa,WindDirection,WindDirectionDegrees,WindSpeedKMH,WindSpeedGustKMH,Humidity,HourlyPrecipMM,Conditions,Clouds,dailyrainMM,SoftwareType,DateUTC
                
2019-07-09 00:00:00,10.3445833333,9.88890539013,740.835921336,  ,  ,0.0,0.0,97.0,0.0,  ,  ,0.0,  ,  
2019-07-09 00:05:00,10.2379166667,9.78263019009,740.835921336,  ,  ,0.0,0.0,97.0,0.0,  ,  ,0.0,  ,  
2019-07-09 00:10:00,10.17125,9.7162081048,740.835921336,  ,  ,0.0,0.0,97.0,0.0,  ,  ,0.0,  ,  
2019-07-09 00:15:00,10.1,9.74033895327,740.835921336,  ,  ,0.0,0.0,97.6208333333,0.0,  ,  ,0.0,  ,  
2019-07-09 00:20:00,10.02125,9.71961242691,740.835921336,  ,  ,0.0,0.0,98.0,0.0,  ,  ,0.0,  ,  
2019-07-09 00:25:00,9.90458333333,9.60322963867,740.835921336,  ,  ,0.0,0.0,98.0,0.0,  ,  ,0.0,  ,  
2019-07-09 00:30:00,9.86791666667,9.56665216336,740.835921336,  ,  ,0.0,0.0,98.0,0.0,  ,  ,0.0,  ,  
2019-07-09 00:35:00,9.8,9.4989006686,740.835921336,  ,  ,0.0,0.0,98.0,0.0,  ,  ,0.0,  ,  
2019-07-09 00:40:00,9.75791666667,9.45691965834,740.835921336,  ,  ,0.0,0.0,98.0,0.0,  ,  ,0.0,  ,  
2019-07-09 00:45:00,9.70333333333,9.40246901521,740.835921336,  ,  ,0.0,0.0,98.0,0.0,  ,  ,0.0,  ,  
2019-07-09 00:50:00,9.7,9.39914378415,740.835921336,  ,  ,0.0,0.0,98.0,0.0,  ,  ,0.0,  ,  
2019-07-09 00:55:00,9.66458333333,9.36381319739,740.835921336,  ,  ,0.0,0.0,98.0,0.0,  ,  ,0.0,  ,  
2019-07-09 01:00:00,9.6,9.29938680164,740.835921336,  ,  ,0.0,0.0,98.0,0.0,  ,  ,0.0,  ,  
2019-07-09 01:05:00,9.65875,9.35799404075,740.833946509,  ,  ,0.0,0.0,98.0,0.0,  ,  ,0.0,  ,  
2019-07-09 01:10:00,9.7,9.39914378415,740.760915168,  ,  ,0.0,0.0,98.0,0.0,  ,  ,0.0,  ,  
2019-07-09 01:15:00,9.7,9.53330897635,740.760915168,  ,  ,0.0,0.0,98.8875,0.0,  ,  ,0.0,  ,  
2019-07-09 01:20:00,9.71208333333,9.56230883209,740.760915168,  ,  ,0.0,0.0,99.0,0.0,  ,  ,0.0,  ,  
2019-07-09 01:25:00,9.8,9.65011906882,740.760915168,  ,  ,0.0,0.0,99.0,0.0,  ,  ,0.0,  ,  
2019-07-09 01:30:00,9.8,9.65011906882,740.760915168,  ,  ,0.0,0.0,99.0,0.0,  ,  ,0.0,  ,  
2019-07-09 01:35:00,9.8,9.65011906882,740.760915168,  ,  ,0.0,0.0,99.0,0.0,  ,  ,0.0,  ,  
2019-07-09 01:40:00,9.83208333333,9.68216355338,740.760915168,  ,  ,0.0,0.0,99.0,0.0,  ,  ,0.0,  ,  
2019-07-09 01:45:00,9.9,9.74999796515,740.760915168,  ,  ,0.0,0.0,99.0,0.0,  ,  ,0.0,  ,  
2019-07-09 01:50:00,9.9,9.74999796515,740.758975675,  ,  ,0.0,0.0,99.0,0.0,  ,  ,0.0,  ,  
2019-07-09 01:55:00,9.99208333333,9.84196973896,740.685909,  ,  ,0.0,0.0,99.0,0.0,  ,  ,0.0,  ,  
2019-07-09 02:00:00,10.0820833333,9.93186066336,740.685909,  ,  ,0.0,0.0,99.0,0.0,  ,  ,0.0,  ,  
2019-07-09 02:05:00,10.1054166667,9.95516571138,740.684031029,  ,  ,0.0,0.0,99.0,0.0,  ,  ,0.0,  ,  
2019-07-09 02:10:00,10.2,10.0496343609,740.610902832,  ,  ,0.0,0.0,99.0,0.0,  ,  ,0.0,  ,  
2019-07-09 02:15:00,10.2,10.0496343609,740.610902832,  ,  ,0.0,0.0,99.0,0.0,  ,  ,0.0,  ,  
2019-07-09 02:20:00,10.2,10.0496343609,740.612845223,  ,  ,0.0,0.0,99.0,0.0,  ,  ,0.0,  ,  
2019-07-09 02:25:00,10.2066666667,10.0562929425,740.685909,  ,  ,0.0,0.0,99.0,0.0,  ,  ,0.0,  ,  
2019-07-09 02:30:00,10.25875,10.1083131035,740.685909,  ,  ,0.0,0.0,99.0,0.0,  ,  ,0.0,  ,  
2019-07-09 02:35:00,10.3,10.1495130617,740.685909,  ,  ,0.0,0.0,99.0,0.0,  ,  ,0.0,  ,  
2019-07-09 02:40:00,10.3,10.1495130617,740.685909,  ,  ,0.0,0.0,99.0,0.0,  ,  ,0.0,  ,  
2019-07-09 02:45:00,10.3720833333,10.2215089282,740.685909,  ,  ,0.0,0.0,99.0,0.0,  ,  ,0.0,  ,  
2019-07-09 02:50:00,10.4,10.2493917137,740.682031942,  ,  ,0.0,0.0,99.0,0.0,  ,  ,0.0,  ,  
2019-07-09 02:55:00,10.3445833333,10.1940423001,740.535896664,  ,  ,0.0,0.0,99.0,0.0,  ,  ,0.0,  ,  
2019-07-09 03:00:00,10.3033333333,10.1528423509,740.535896664,  ,  ,0.0,0.0,99.0,0.0,  ,  ,0.0,  ,  
2019-07-09 03:05:00,10.2966666667,10.1461837725,740.537835193,  ,  ,0.0,0.0,99.0,0.0,  ,  ,0.0,  ,  
2019-07-09 03:10:00,10.23125,10.0808464601,740.610902832,  ,  ,0.0,0.0,99.0,0.0,  ,  ,0.0,  ,  
2019-07-09 03:15:00,10.1779166667,9.92850704389,740.610902832,  ,  ,0.0,0.0,98.3458333333,0.0,  ,  ,0.0,  ,  
2019-07-09 03:20:00,10.1,9.92269596378,740.610902832,  ,  ,0.0,0.0,98.8208333333,0.0,  ,  ,0.0,  ,  
2019-07-09 03:25:00,10.0279166667,9.81921504447,740.610902832,  ,  ,0.0,0.0,98.6125,0.0,  ,  ,0.0,  ,  
2019-07-09 03:30:00,9.90791666667,9.60655486304,740.610902832,  ,  ,0.0,0.0,98.0,0.0,  ,  ,0.0,  ,  
2019-07-09 03:35:00,9.84791666667,9.54670080764,740.60898826,  ,  ,0.0,0.0,98.0,0.0,  ,  ,0.0,  ,  
2019-07-09 03:40:00,9.8,9.53241110712,740.535896664,  ,  ,0.0,0.0,98.2208333333,0.0,  ,  ,0.0,  ,  
2019-07-09 03:45:00,9.74791666667,9.59809879096,740.535896664,  ,  ,0.0,0.0,99.0,0.0,  ,  ,0.0,  ,  
2019-07-09 03:50:00,9.7,9.55024012361,740.535896664,  ,  ,0.0,0.0,99.0,0.0,  ,  ,0.0,  ,  
2019-07-09 03:55:00,9.61791666667,9.46825611956,740.535896664,  ,  ,0.0,0.0,99.0,0.0,  ,  ,0.0,  ,  
2019-07-09 04:00:00,9.58125,9.4316338127,740.535896664,  ,  ,0.0,0.0,99.0,0.0,  ,  ,0.0,  ,  
2019-07-09 04:05:00,9.45125,9.28677219107,740.535896664,  ,  ,0.0,0.0,98.9,0.0,  ,  ,0.0,  ,  
2019-07-09 04:10:00,9.4,9.25060299473,740.535896664,  ,  ,0.0,0.0,99.0,0.0,  ,  ,0.0,  ,  
2019-07-09 04:15:00,9.4,9.25060299473,740.535896664,  ,  ,0.0,0.0,99.0,0.0,  ,  ,0.0,  ,  
2019-07-09 04:20:00,9.4,9.25060299473,740.533958135,  ,  ,0.0,0.0,99.0,0.0,  ,  ,0.0,  ,  
2019-07-09 04:25:00,9.4,9.25060299473,740.460890496,  ,  ,0.0,0.0,99.0,0.0,  ,  ,0.0,  ,  
2019-07-09 04:30:00,9.4,9.25060299473,740.460890496,  ,  ,0.0,0.0,99.0,0.0,  ,  ,0.0,  ,  
2019-07-09 04:35:00,9.34791666667,9.19858261504,740.460890496,  ,  ,0.0,0.0,99.0,0.0,  ,  ,0.0,  ,  
2019-07-09 04:40:00,9.25458333333,9.01016793638,740.460890496,  ,  ,0.0,0.0,98.3666666667,0.0,  ,  ,0.0,  ,  
2019-07-09 04:45:00,9.2,9.05084466443,740.460890496,  ,  ,0.0,0.0,99.0,0.0,  ,  ,0.0,  ,  
2019-07-09 04:50:00,9.26541666667,9.11618230648,740.460890496,  ,  ,0.0,0.0,99.0,0.0,  ,  ,0.0,  ,  
2019-07-09 04:55:00,9.36083333333,9.21148367044,740.460890496,  ,  ,0.0,0.0,99.0,0.0,  ,  ,0.0,  ,  
2019-07-09 05:00:00,9.65625,9.50654306972,740.460890496,  ,  ,0.0,0.0,99.0,0.0,  ,  ,0.0,  ,  
2019-07-09 05:05:00,9.84541666667,9.6954807403,740.462805068,  ,  ,0.0,0.0,99.0,0.0,  ,  ,0.0,  ,  
2019-07-09 05:10:00,10.0608333333,9.9106364209,740.535896664,  ,  ,0.0,0.0,99.0,0.0,  ,  ,0.0,  ,  
2019-07-09 05:15:00,10.2629166667,10.1124747159,740.535896664,  ,  ,0.0,0.0,99.0,0.0,  ,  ,0.0,  ,  
2019-07-09 05:20:00,10.4875,10.336785494,740.535896664,  ,  ,0.0,0.0,99.0,0.0,  ,  ,0.0,  ,  
2019-07-09 05:25:00,10.73625,10.5852333224,740.535896664,  ,  ,0.0,0.0,99.0,0.0,  ,  ,0.0,  ,  
2019-07-09 05:30:00,10.8833333333,10.7321378424,740.535896664,  ,  ,0.0,0.600002983073,99.0,0.0,  ,  ,0.0,  ,  
2019-07-09 05:35:00,10.89,10.6136769017,740.533959098,  ,  ,0.0,0.600002983073,98.1791666667,0.0,  ,  ,0.0,  ,  
2019-07-09 05:40:00,10.9,10.596219925,740.460890496,  ,  ,0.0,0.0,98.0,0.0,  ,  ,0.0,  ,  
2019-07-09 05:45:00,10.91875,10.5637574826,740.460890496,  ,  ,0.0,0.0,97.6666666667,0.0,  ,  ,0.0,  ,  
2019-07-09 05:50:00,11.1395833333,10.9607890432,740.458989246,  ,  ,0.0,0.0,98.8208333333,0.0,  ,  ,0.0,  ,  
2019-07-09 05:55:00,11.455,11.1517868987,740.385884328,  ,  ,0.0,0.0,98.0125,0.0,  ,  ,0.0,  ,  
2019-07-09 06:00:00,11.8329166667,11.5268537373,740.385884328,  ,  ,0.0,0.0,98.0,0.0,  ,  ,0.0,  ,  
2019-07-09 06:05:00,12.2183333333,11.7733235076,740.384006357,  ,  ,0.0,0.0,97.1125,0.0,  ,  ,0.0,  ,  
2019-07-09 06:10:00,12.5983333333,11.9544553291,740.31087816,  ,  ,0.0,0.0,95.8583333333,0.0,  ,  ,0.0,  ,  
2019-07-09 06:15:00,12.9195833333,12.0321944937,740.31087816,  ,  ,0.0,0.0,94.3458333333,0.0,  ,  ,0.0,  ,  
2019-07-09 06:20:00,13.1908333333,12.2044284424,740.31087816,  ,  ,0.0,0.0,93.7458333333,0.0,  ,  ,0.0,  ,  
2019-07-09 06:25:00,13.41625,12.2975260647,740.31087816,  ,  ,0.0,1.30000646332,92.9458333333,0.0,  ,  ,0.0,  ,  
2019-07-09 06:30:00,13.65875,12.3563949594,740.31087816,  ,  ,0.0,1.30000646332,91.8458333333,0.0,  ,  ,0.0,  ,  
2019-07-09 06:35:00,13.8208333333,12.453725577,740.31087816,  ,  ,0.0,0.900004474609,91.4666666667,0.0,  ,  ,0.0,  ,  
2019-07-09 06:40:00,13.9641666667,12.5027959311,740.31087816,  ,  ,0.0,1.4000069605,90.9125,0.0,  ,  ,0.0,  ,  
2019-07-09 06:45:00,14.1541666667,12.5161298247,740.31087816,  ,  ,0.0,1.10000546897,89.8791666667,0.0,  ,  ,0.0,  ,  
2019-07-09 06:50:00,14.3475,12.5568986728,740.307003028,  ,  ,0.0,0.0,89.0,0.0,  ,  ,0.0,  ,  
2019-07-09 06:55:00,14.5066666667,12.6126823587,740.160865824,  ,  ,0.0,0.0,88.4125,0.0,  ,  ,0.0,  ,  
2019-07-09 07:00:00,14.1908333333,12.2685341205,740.160865824,  ,  ,0.0,0.900004474609,88.2208333333,0.0,  ,  ,0.0,  ,  
2019-07-09 07:05:00,13.8233333333,12.3181542023,740.160865824,  ,  ,0.0,0.0,90.6416666667,0.0,  ,  ,0.0,  ,  
2019-07-09 07:10:00,13.9979079498,12.3972305098,740.160865824,  ,  ,0.0,0.0,90.0878661088,0.0,  ,  ,0.0,  ,  
2019-07-09 07:15:00,14.2429166667,12.4994099976,740.160865824,  ,  ,0.0,0.0,89.2666666667,0.0,  ,  ,0.0,  ,  
2019-07-09 07:20:00,14.5595833333,12.7029049881,740.158916638,  ,  ,0.0,0.0,88.6333333333,0.0,  ,  ,0.0,  ,  
2019-07-09 07:25:00,14.9570833333,12.9426505651,740.085859656,  ,  ,0.0,0.0,87.7583333333,0.0,  ,  ,0.0,  ,  
  
  
2019-07-09 07:40:00,15.230952381,13.0245482315,740.085859656,  ,  ,0.0,0.0,86.6904761905,0.0,  ,  ,0.0,  ,  
2019-07-09 07:45:00,15.0758333333,12.9595929253,740.085859656,  ,  ,0.0,0.600002983073,87.1875,0.0,  ,  ,0.0,  ,  
2019-07-09 07:50:00,14.9179166667,12.8611975557,740.085859656,  ,  ,0.0,0.0,87.5125,0.0,  ,  ,0.0,  ,  
2019-07-09 07:55:00,14.95,12.9116871216,740.085859656,  ,  ,0.0,1.4000069605,87.6208333333,0.0,  ,  ,0.0,  ,  
2019-07-09 08:00:00,14.9,12.7969135212,740.085859656,  ,  ,0.0,0.600002983073,87.2458333333,0.0,  ,  ,0.0,  ,  
2019-07-09 08:05:00,14.8666666667,12.7597534424,740.085859656,  ,  ,0.0,0.0,87.2208333333,0.0,  ,  ,0.0,  ,  
2019-07-09 08:10:00,14.8833333333,12.8155237824,740.085859656,  ,  ,0.0,0.0,87.4458333333,0.0,  ,  ,0.0,  ,  
2019-07-09 08:15:00,14.8145833333,12.6405403851,740.085859656,  ,  ,0.0,1.4000069605,86.8333333333,0.0,  ,  ,0.0,  ,  
2019-07-09 08:20:00,14.8020833333,12.5871868924,740.085859656,  ,  ,0.0,0.0,86.6,0.0,  ,  ,0.0,  ,  
2019-07-09 08:25:00,14.9054166667,12.5514991159,740.085859656,  ,  ,0.0,2.10001044075,85.825,0.0,  ,  ,0.0,  ,  
2019-07-09 08:30:00,15.00125,12.5280490983,740.085859656,  ,  ,0.0,1.80000894922,85.1666666667,0.0,  ,  ,0.0,  ,  
2019-07-09 08:35:00,14.9333333333,12.3199181403,740.085859656,  ,  ,0.0,1.4000069605,84.3791666667,0.0,  ,  ,0.0,  ,  
2019-07-09 08:40:00,15.0475,12.3751967625,740.085859656,  ,  ,0.507502523182,0.600002983073,84.0666666667,0.0,  ,  ,0.0,  ,  
2019-07-09 08:45:00,15.1941666667,11.9977506256,740.085859656,  ,  ,0.600002983073,0.600002983073,81.2375,0.0,  ,  ,0.0,  ,  
2019-07-09 08:50:00,15.3520833333,11.9082048225,740.083982625,  ,  ,0.0925004598904,0.600002983073,79.9458333333,0.0,  ,  ,0.0,  ,  
2019-07-09 08:55:00,15.6383333333,11.8286559824,740.010853488,  ,  ,0.0,0.0,78.0833333333,0.0,  ,  ,0.0,  ,  
2019-07-09 09:00:00,15.92625,11.8324197401,740.010853488,  ,  ,0.0,1.9000094464,76.6791666667,0.0,  ,  ,0.0,  ,  
2019-07-09 09:05:00,16.1520833333,11.7906336618,740.008951293,  ,  ,0.0,1.30000646332,75.375,0.0,  ,  ,0.0,  ,  
2019-07-09 09:10:00,16.2875,12.0892737766,739.93584732,  ,  ,0.0,0.0,76.2125,0.0,  ,  ,0.0,  ,  
2019-07-09 09:15:00,16.5983333333,12.4647167878,739.93584732,  ,  ,0.0,0.900004474609,76.5875,0.0,  ,  ,0.0,  ,  
2019-07-09 09:20:00,16.96625,12.4245245082,739.93584732,  ,  ,0.0,1.30000646332,74.625,0.0,  ,  ,0.0,  ,  
2019-07-09 09:25:00,16.9645833333,12.5779413776,739.93584732,  ,  ,0.0,1.4000069605,75.3875,0.0,  ,  ,0.0,  ,  
2019-07-09 09:30:00,17.0908333333,12.6981899928,739.93584732,  ,  ,0.0,1.80000894922,75.3791666667,0.0,  ,  ,0.0,  ,  
2019-07-09 09:35:00,17.1325,12.3446750613,739.93584732,  ,  ,0.0,1.9000094464,73.4583333333,0.0,  ,  ,0.0,  ,  
2019-07-09 09:40:00,16.9145833333,12.3099181583,739.93584732,  ,  ,0.0,1.80000894922,74.3083333333,0.0,  ,  ,0.0,  ,  
2019-07-09 09:45:00,16.8979166667,12.1988318522,739.93584732,  ,  ,0.0,2.30001143511,73.8458333333,0.0,  ,  ,0.0,  ,  
2019-07-09 09:50:00,16.8,12.1567371857,739.933978706,  ,  ,0.507502523182,2.40001193229,74.1,0.0,  ,  ,0.0,  ,  
2019-07-09 09:55:00,16.8420833333,12.2630401637,739.860841152,  ,  ,0.600002983073,1.80000894922,74.4208333333,0.0,  ,  ,0.0,  ,  
2019-07-09 10:00:00,17.0529166667,12.4330326676,739.860841152,  ,  ,0.600002983073,1.4000069605,74.2583333333,0.0,  ,  ,0.0,  ,  
2019-07-09 10:05:00,17.2,12.2699414164,739.860841152,  ,  ,0.600002983073,2.30001143511,72.7875,0.0,  ,  ,0.0,  ,  
2019-07-09 10:10:00,17.1245833333,12.2513209848,739.860841152,  ,  ,0.600002983073,1.9000094464,73.0458333333,0.0,  ,  ,0.0,  ,  
2019-07-09 10:15:00,17.2195833333,12.210164388,739.860841152,  ,  ,0.600002983073,1.80000894922,72.4125,0.0,  ,  ,0.0,  ,  
2019-07-09 10:20:00,17.61375,12.2797917046,739.858971606,  ,  ,0.0925004598904,0.900004474609,70.9583333333,0.0,  ,  ,0.0,  ,  
2019-07-09 10:25:00,18.035,12.2596937191,739.785834984,  ,  ,0.0,1.60000795486,69.0125,0.0,  ,  ,0.0,  ,  
2019-07-09 10:30:00,18.5383333333,12.3901760591,739.785834984,  ,  ,0.0,1.4000069605,67.4458333333,0.0,  ,  ,0.0,  ,  
2019-07-09 10:35:00,18.9108333333,12.6037864178,739.785834984,  ,  ,0.0,2.10001044075,66.825,0.0,  ,  ,0.0,  ,  
2019-07-09 10:40:00,18.8854166667,12.6318540491,739.785834984,  ,  ,0.507502523182,2.30001143511,67.0541666667,0.0,  ,  ,0.0,  ,  
2019-07-09 10:45:00,19.03125,12.7307332129,739.785834984,  ,  ,0.600002983073,2.10001044075,66.8791666667,0.0,  ,  ,0.0,  ,  
2019-07-09 10:50:00,18.9695833333,12.7622017205,739.785834984,  ,  ,0.600002983073,1.4000069605,67.275,0.0,  ,  ,0.0,  ,  
2019-07-09 10:55:00,19.2133333333,12.9999873995,739.785834984,  ,  ,0.600002983073,1.9000094464,67.3,0.0,  ,  ,0.0,  ,  
2019-07-09 11:00:00,19.2145833333,12.9337461848,739.785834984,  ,  ,0.0925004598904,2.60001292665,67.0041666667,0.0,  ,  ,0.0,  ,  
2019-07-09 11:05:00,18.8075,12.3209739608,739.78396823,  ,  ,0.0,2.30001143511,66.0208333333,0.0,  ,  ,0.0,  ,  
2019-07-09 11:10:00,18.3858333333,12.2345595076,739.710828816,  ,  ,0.507502523182,2.80001392101,67.4,0.0,  ,  ,0.0,  ,  
2019-07-09 11:15:00,18.31875,12.223233263,739.710828816,  ,  ,0.600002983073,1.80000894922,67.6333333333,0.0,  ,  ,0.0,  ,  
2019-07-09 11:20:00,18.4120833333,12.1935745132,739.708957405,  ,  ,0.600002983073,2.30001143511,67.1083333333,0.0,  ,  ,0.0,  ,  
2019-07-09 11:25:00,18.34375,11.8707825898,739.635822648,  ,  ,0.600002983073,2.60001292665,65.9791666667,0.0,  ,  ,0.0,  ,  
2019-07-09 11:30:00,18.3208333333,12.0319765757,739.635822648,  ,  ,0.7691704908,2.40001193229,66.7791666667,0.0,  ,  ,0.0,  ,  
2019-07-09 11:35:00,18.42875,12.340248585,739.633922343,  ,  ,0.80000397743,1.10000546897,67.6875,0.0,  ,  ,0.0,  ,  
2019-07-09 11:40:00,18.6475,12.5665513993,739.56081648,  ,  ,0.123333946521,1.60000795486,67.7666666667,0.0,  ,  ,0.0,  ,  
2019-07-09 11:45:00,18.6070833333,12.0594072331,739.56081648,  ,  ,0.0,1.60000795486,65.7125,0.0,  ,  ,0.0,  ,  
2019-07-09 11:50:00,18.3279166667,12.030182289,739.558987971,  ,  ,0.0,1.30000646332,66.7416666667,0.0,  ,  ,0.0,  ,  
2019-07-09 11:55:00,18.3729166667,12.647800071,739.485810312,  ,  ,0.0,1.10000546897,69.3083333333,0.0,  ,  ,0.0,  ,  
2019-07-09 12:00:00,18.8104166667,13.0401354352,739.485810312,  ,  ,0.0,1.9000094464,69.1916666667,0.0,  ,  ,0.0,  ,  
2019-07-09 12:05:00,19.18875,13.1153400704,739.485810312,  ,  ,0.0,1.4000069605,67.9125,0.0,  ,  ,0.0,  ,  
2019-07-09 12:10:00,19.2408333333,12.9882082061,739.485810312,  ,  ,0.0,2.10001044075,67.1333333333,0.0,  ,  ,0.0,  ,  
2019-07-09 12:15:00,19.6570833333,12.971638578,739.485810312,  ,  ,0.0,1.60000795486,65.35,0.0,  ,  ,0.0,  ,  
2019-07-09 12:20:00,20.1283333333,12.1482463609,739.482009701,  ,  ,0.507502523182,1.60000795486,60.1375,0.0,  ,  ,0.0,  ,  
2019-07-09 12:25:00,20.4029166667,12.4050310868,739.335797976,  ,  ,0.600002983073,1.9000094464,60.1333333333,0.0,  ,  ,0.0,  ,  
2019-07-09 12:30:00,20.59125,12.6883331171,739.335797976,  ,  ,0.0925004598904,1.9000094464,60.5541666667,0.0,  ,  ,0.0,  ,  
2019-07-09 12:35:00,20.275,12.8054996239,739.335797976,  ,  ,0.0,2.40001193229,62.2208333333,0.0,  ,  ,0.0,  ,  
  
  
  
  
  
  
  
  
  
  
  
  
  
  
  
  
  
  
  
  
  
  
  
  
  
  
  
  
  
  
  
  
2019-07-09 15:20:00,19.8,12.4917079665,738.885760968,  ,  ,0.600002983073,1.60000795486,62.7708333333,0.0,  ,  ,0.0,  ,  
2019-07-09 15:25:00,19.8,12.5392151085,738.885760968,  ,  ,0.600002983073,1.30000646332,62.9666666667,0.0,  ,  ,0.0,  ,  
2019-07-09 15:30:00,19.7091666667,12.4695631763,738.885760968,  ,  ,0.600002983073,2.10001044075,63.0333333333,0.0,  ,  ,0.0,  ,  
2019-07-09 15:35:00,19.7208333333,12.4432515439,738.885760968,  ,  ,0.600002983073,1.4000069605,62.8791666667,0.0,  ,  ,0.0,  ,  
2019-07-09 15:40:00,19.7679166667,12.4462342686,738.885760968,  ,  ,0.0925004598904,1.80000894922,62.7083333333,0.0,  ,  ,0.0,  ,  
2019-07-09 15:45:00,19.6345833333,12.7234130617,738.885760968,  ,  ,0.0,0.900004474609,64.3875,0.0,  ,  ,0.0,  ,  
2019-07-09 15:50:00,19.6266666667,12.7977710286,738.885760968,  ,  ,0.0,2.10001044075,64.7333333333,0.0,  ,  ,0.0,  ,  
2019-07-09 15:55:00,19.4779166667,12.9549723884,738.863281485,  ,  ,0.0,0.0,66.0083333333,0.0,  ,  ,0.0,  ,  
2019-07-09 16:00:00,19.5354166667,13.2428901828,738.8107548,  ,  ,0.0,2.60001292665,67.0208333333,0.0,  ,  ,0.0,  ,  
2019-07-09 16:05:00,19.7829166667,13.1689944739,738.8107548,  ,  ,0.0,2.80001392101,65.6833333333,0.0,  ,  ,0.0,  ,  
2019-07-09 16:10:00,19.9354166667,12.5220038517,738.8107548,  ,  ,0.507502523182,2.40001193229,62.3708333333,0.0,  ,  ,0.0,  ,  
2019-07-09 16:15:00,20.1041666667,12.6167868512,738.8107548,  ,  ,0.600002983073,1.4000069605,62.1083333333,0.0,  ,  ,0.0,  ,  
2019-07-09 16:20:00,20.2995833333,13.2654763918,738.8107548,  ,  ,0.0925004598904,2.30001143511,64.0208333333,0.0,  ,  ,0.0,  ,  
2019-07-09 16:25:00,20.6675,13.5343070005,738.765795834,  ,  ,0.0,3.60001789844,63.6916666667,0.0,  ,  ,0.0,  ,  
2019-07-09 16:30:00,20.6845833333,13.4151345031,738.660742464,  ,  ,0.507502523182,3.10001541254,63.1333333333,0.0,  ,  ,0.0,  ,  
2019-07-09 16:35:00,20.4904166667,13.15056149,738.660742464,  ,  ,0.600002983073,4.50002237305,62.8,0.0,  ,  ,0.0,  ,  
2019-07-09 16:40:00,20.3320833333,13.1114751536,738.660742464,  ,  ,1.19208926012,2.40001193229,63.2541666667,0.0,  ,  ,0.0,  ,  
2019-07-09 16:45:00,20.47875,13.3548273435,738.660742464,  ,  ,1.30000646332,2.40001193229,63.6875,0.0,  ,  ,0.0,  ,  
2019-07-09 16:50:00,20.57875,13.5566174405,738.660742464,  ,  ,0.707920186278,2.30001143511,64.1333333333,0.0,  ,  ,0.0,  ,  
2019-07-09 16:55:00,20.6754166667,13.5920170883,738.660742464,  ,  ,0.600002983073,3.10001541254,63.9,0.0,  ,  ,0.0,  ,  
2019-07-09 17:00:00,20.7020833333,13.4215213065,738.660742464,  ,  ,0.7691704908,2.60001292665,63.0916666667,0.0,  ,  ,0.0,  ,  
2019-07-09 17:05:00,20.7745833333,13.4157348816,738.660742464,  ,  ,0.80000397743,3.90001938997,62.7875,0.0,  ,  ,0.0,  ,  
2019-07-09 17:10:00,20.7520833333,13.5679228066,738.615783499,  ,  ,0.80000397743,2.10001044075,63.5,0.0,  ,  ,0.0,  ,  
2019-07-09 17:15:00,20.86875,13.6781922963,738.510730128,  ,  ,0.80000397743,2.80001392101,63.5,0.0,  ,  ,0.0,  ,  
2019-07-09 17:20:00,20.8379166667,13.6863738609,738.510730128,  ,  ,0.630836469703,2.60001292665,63.6541666667,0.0,  ,  ,0.0,  ,  
2019-07-09 17:25:00,20.7879166667,13.7355370945,738.488224552,  ,  ,0.600002983073,2.80001392101,64.0541666667,0.0,  ,  ,0.0,  ,  
2019-07-09 17:30:00,20.5458333333,13.752728884,738.43572396,  ,  ,0.7691704908,2.30001143511,65.0875,0.0,  ,  ,0.0,  ,  
2019-07-09 17:35:00,20.6175,13.8216608071,738.43572396,  ,  ,0.80000397743,1.4000069605,65.0916666667,0.0,  ,  ,0.0,  ,  
2019-07-09 17:40:00,20.68125,13.6586173367,738.390645253,  ,  ,0.123333946521,1.9000094464,64.1541666667,0.0,  ,  ,0.0,  ,  
2019-07-09 17:45:00,20.58125,13.8444007472,738.285711624,  ,  ,0.0,2.80001392101,65.3333333333,0.0,  ,  ,0.0,  ,  
2019-07-09 17:50:00,20.4145833333,13.5364427955,738.285711624,  ,  ,0.507502523182,1.9000094464,64.7,0.0,  ,  ,0.0,  ,  
2019-07-09 17:55:00,20.4375,13.4976365603,738.308191107,  ,  ,0.600002983073,1.80000894922,64.4458333333,0.0,  ,  ,0.0,  ,  
2019-07-09 18:00:00,20.4804166667,13.1847967016,738.360717792,  ,  ,0.0925004598904,2.60001292665,62.9791666667,0.0,  ,  ,0.0,  ,  
2019-07-09 18:05:00,20.2533333333,13.0964895349,738.360717792,  ,  ,0.0,1.60000795486,63.5,0.0,  ,  ,0.0,  ,  
2019-07-09 18:10:00,20.3054166667,13.2099747795,738.360717792,  ,  ,0.507502523182,1.10000546897,63.7666666667,0.0,  ,  ,0.0,  ,  
2019-07-09 18:15:00,20.5208333333,13.092590351,738.360717792,  ,  ,0.600002983073,1.4000069605,62.4458333333,0.0,  ,  ,0.0,  ,  
2019-07-09 18:20:00,20.4658333333,12.7988903065,738.360717792,  ,  ,0.0925004598904,2.60001292665,61.4666666667,0.0,  ,  ,0.0,  ,  
2019-07-09 18:25:00,20.4355648536,12.6895483301,738.383242055,  ,  ,0.0,2.10001044075,61.1422594142,0.0,  ,  ,0.0,  ,  
2019-07-09 18:30:00,20.6075,12.7655029018,738.43572396,  ,  ,0.0,1.60000795486,60.8,0.0,  ,  ,0.0,  ,  
2019-07-09 18:35:00,20.63125,12.6310572053,738.43572396,  ,  ,0.0,1.60000795486,60.1791666667,0.0,  ,  ,0.0,  ,  
2019-07-09 18:40:00,20.4383333333,12.3366020401,738.413218383,  ,  ,0.0,1.4000069605,59.7333333333,0.0,  ,  ,0.0,  ,  
2019-07-09 18:45:00,20.1379166667,12.0207853356,738.360717792,  ,  ,0.0,2.40001193229,59.6,0.0,  ,  ,0.0,  ,  
2019-07-09 18:50:00,20.2175,12.2309235912,738.360717792,  ,  ,0.0,0.80000397743,60.1333333333,0.0,  ,  ,0.0,  ,  
2019-07-09 18:55:00,20.38875,12.3070645191,738.360717792,  ,  ,0.0,0.80000397743,59.8,0.0,  ,  ,0.0,  ,  
2019-07-09 19:00:00,20.46875,12.3821320593,738.360717792,  ,  ,0.0,2.10001044075,59.8,0.0,  ,  ,0.0,  ,  
2019-07-09 19:05:00,20.4654166667,12.4806103572,738.360717792,  ,  ,0.0,1.10000546897,60.2,0.0,  ,  ,0.0,  ,  
2019-07-09 19:10:00,20.6841666667,12.5587231841,738.315758826,  ,  ,0.0,0.0,59.7,0.0,  ,  ,0.0,  ,  
2019-07-09 19:15:00,20.6758333333,12.7088325953,738.210705456,  ,  ,0.0,1.9000094464,60.3208333333,0.0,  ,  ,0.0,  ,  
2019-07-09 19:20:00,20.6554166667,12.8356794956,738.210705456,  ,  ,0.0,0.0,60.9,0.0,  ,  ,0.0,  ,  
2019-07-09 19:25:00,20.7566666667,12.8248295519,738.233211032,  ,  ,0.0,0.80000397743,60.4791666667,0.0,  ,  ,0.0,  ,  
2019-07-09 19:30:00,20.7,12.7146387439,738.285711624,  ,  ,0.0,1.30000646332,60.2541666667,0.0,  ,  ,0.0,  ,  
2019-07-09 19:35:00,20.7266666667,13.145904315,738.285711624,  ,  ,0.0,0.0,61.875,0.0,  ,  ,0.0,  ,  
2019-07-09 19:40:00,20.66125,13.4093060925,738.26322479,  ,  ,0.0,0.0,63.2,0.0,  ,  ,0.0,  ,  
2019-07-09 19:45:00,20.4991666667,13.4543212081,738.210705456,  ,  ,0.0,0.80000397743,64.0208333333,0.0,  ,  ,0.0,  ,  
2019-07-09 19:50:00,20.2891666667,13.4857469323,738.210705456,  ,  ,0.0,1.30000646332,64.9875,0.0,  ,  ,0.0,  ,  
2019-07-09 19:55:00,20.03375,13.4751754459,738.233173772,  ,  ,0.0,0.0,65.975,0.0,  ,  ,0.0,  ,  
2019-07-09 20:00:00,19.7370833333,13.5186594848,738.285711624,  ,  ,0.0,0.0,67.3875,0.0,  ,  ,0.0,  ,  
2019-07-09 20:05:00,19.3616666667,13.4096141478,738.285711624,  ,  ,0.0,0.0,68.4875,0.0,  ,  ,0.0,  ,  
2019-07-09 20:10:00,19.07375,13.4013756715,738.263243308,  ,  ,0.0,0.0,69.6875,0.0,  ,  ,0.0,  ,  
2019-07-09 20:15:00,18.7858333333,13.3083460727,738.210705456,  ,  ,0.0,0.0,70.5208333333,0.0,  ,  ,0.0,  ,  
2019-07-09 20:20:00,18.6345833333,13.3221805841,738.210705456,  ,  ,0.0,0.0,71.2541666667,0.0,  ,  ,0.0,  ,  
2019-07-09 20:25:00,18.4525,13.307277694,738.210705456,  ,  ,0.0,0.0,72.0,0.0,  ,  ,0.0,  ,  
2019-07-09 20:30:00,18.3058333333,13.2487573398,738.210705456,  ,  ,0.0,0.0,72.3875,0.0,  ,  ,0.0,  ,  
2019-07-09 20:35:00,18.1579166667,13.2498069117,738.210705456,  ,  ,0.0,0.0,73.0666666667,0.0,  ,  ,0.0,  ,  
2019-07-09 20:40:00,17.9758333333,13.2666471565,738.210705456,  ,  ,0.0,0.0,73.9875,0.0,  ,  ,0.0,  ,  
2019-07-09 20:45:00,17.7858333333,13.182519662,738.210705456,  ,  ,0.0,0.0,74.4666666667,0.0,  ,  ,0.0,  ,  
2019-07-09 20:50:00,17.5770833333,13.0743355489,738.210705456,  ,  ,0.0,0.0,74.9208333333,0.0,  ,  ,0.0,  ,  
2019-07-09 20:55:00,17.2991666667,12.8222770036,738.210705456,  ,  ,0.0,0.0,75.0,0.0,  ,  ,0.0,  ,  
2019-07-09 21:00:00,17.0004166667,12.5517056858,738.210705456,  ,  ,0.0,0.0,75.0875,0.0,  ,  ,0.0,  ,  
2019-07-09 21:05:00,16.7558333333,12.530559027,738.210705456,  ,  ,0.0,0.0,76.1541666667,0.0,  ,  ,0.0,  ,  
2019-07-09 21:10:00,16.63125,12.7485951922,738.233147659,  ,  ,0.0,0.0,77.8625,0.0,  ,  ,0.0,  ,  
2019-07-09 21:15:00,16.4491666667,13.0853178985,738.285711624,  ,  ,0.0,0.0,80.5208333333,0.0,  ,  ,0.0,  ,  
2019-07-09 21:20:00,16.2104166667,13.0479963969,738.285711624,  ,  ,0.0,0.0,81.5541666667,0.0,  ,  ,0.0,  ,  
2019-07-09 21:25:00,15.83625,12.9432930972,738.285711624,  ,  ,0.0,0.0,82.9541666667,0.0,  ,  ,0.0,  ,  
2019-07-09 21:30:00,15.4404166667,12.7454460383,738.285711624,  ,  ,0.0,0.0,83.9875,0.0,  ,  ,0.0,  ,  
2019-07-09 21:35:00,15.1925,12.5050469556,738.285711624,  ,  ,0.0,0.0,84.0,0.0,  ,  ,0.0,  ,  
2019-07-09 21:40:00,14.9958333333,12.472670913,738.285711624,  ,  ,0.0,0.0,84.8875,0.0,  ,  ,0.0,  ,  
2019-07-09 21:45:00,14.7958333333,12.2429878819,738.285711624,  ,  ,0.0,0.0,84.7,0.0,  ,  ,0.0,  ,  
2019-07-09 21:50:00,14.6745833333,12.1876331151,738.285711624,  ,  ,0.0,0.0,85.0541666667,0.0,  ,  ,0.0,  ,  
2019-07-09 21:55:00,14.4891666667,12.3185072398,738.285711624,  ,  ,0.0,0.0,86.8208333333,0.0,  ,  ,0.0,  ,  
2019-07-09 22:00:00,14.2891666667,12.1627452899,738.285711624,  ,  ,0.0,0.0,87.0541666667,0.0,  ,  ,0.0,  ,  
2019-07-09 22:05:00,14.14125,12.1642825897,738.285711624,  ,  ,0.0,0.0,87.9,0.0,  ,  ,0.0,  ,  
2019-07-09 22:10:00,14.0291666667,12.0712298433,738.285711624,  ,  ,0.0,0.0,88.0,0.0,  ,  ,0.0,  ,  
2019-07-09 22:15:00,13.87125,11.9157594004,738.285711624,  ,  ,0.0,0.0,88.0,0.0,  ,  ,0.0,  ,  
2019-07-09 22:20:00,13.7445833333,11.9489963698,738.285711624,  ,  ,0.0,0.0,88.9208333333,0.0,  ,  ,0.0,  ,  
2019-07-09 22:25:00,13.6025,11.8224309403,738.285711624,  ,  ,0.0,0.0,89.0,0.0,  ,  ,0.0,  ,  
2019-07-09 22:30:00,13.4025,11.6514640028,738.285711624,  ,  ,0.0,0.0,89.1541666667,0.0,  ,  ,0.0,  ,  
2019-07-09 22:35:00,13.2445833333,11.5169377369,738.285711624,  ,  ,0.0,0.0,89.2791666667,0.0,  ,  ,0.0,  ,  
2019-07-09 22:40:00,13.2,11.4050697426,738.285711624,  ,  ,0.0,0.0,88.8791666667,0.0,  ,  ,0.0,  ,  
2019-07-09 22:45:00,13.2,11.2054936904,738.285711624,  ,  ,0.0,0.0,87.7125,0.0,  ,  ,0.0,  ,  
2019-07-09 22:50:00,13.2554166667,11.2097523406,738.285711624,  ,  ,0.0,0.0,87.4208333333,0.0,  ,  ,0.0,  ,  
2019-07-09 22:55:00,13.3033333333,11.3566275638,738.263440676,  ,  ,0.0,0.0,88.0,0.0,  ,  ,0.0,  ,  
2019-07-09 23:00:00,13.38875,11.3164193307,738.210705456,  ,  ,0.0,0.0,87.2791666667,0.0,  ,  ,0.0,  ,  
2019-07-09 23:05:00,13.3979166667,11.2770481669,738.210705456,  ,  ,0.0,0.0,87.0,0.0,  ,  ,0.0,  ,  
2019-07-09 23:10:00,13.39875,11.2778674823,738.210705456,  ,  ,0.0,0.0,87.0,0.0,  ,  ,0.0,  ,  
2019-07-09 23:15:00,13.4,11.2790964554,738.210705456,  ,  ,0.0,0.0,87.0,0.0,  ,  ,0.0,  ,  
2019-07-09 23:20:00,13.3179166667,11.1983936687,738.210705456,  ,  ,0.0,0.0,87.0,0.0,  ,  ,0.0,  ,  
2019-07-09 23:25:00,13.3,11.1807782804,738.210705456,  ,  ,0.0,0.0,87.0,0.0,  ,  ,0.0,  ,  
2019-07-09 23:30:00,13.3,11.1807782804,738.210705456,  ,  ,0.0,0.0,87.0,0.0,  ,  ,0.0,  ,  
2019-07-09 23:35:00,13.3,11.1807782804,738.210705456,  ,  ,0.0,0.0,87.0,0.0,  ,  ,0.0,  ,  
2019-07-09 23:40:00,13.3,11.1807782804,738.188561488,  ,  ,0.0,0.0,87.0,0.0,  ,  ,0.0,  ,  
2019-07-09 23:45:00,13.3,11.1807782804,738.135699288,  ,  ,0.0,0.0,87.0,0.0,  ,  ,0.0,  ,  
2019-07-09 23:50:00,13.3,11.1807782804,738.135699288,  ,  ,0.0,0.0,87.0,0.0,  ,  ,0.0,  ,  
  

    

