Time,TemperatureC,DewpointC,PressurehPa,WindDirection,WindDirectionDegrees,WindSpeedKMH,WindSpeedGustKMH,Humidity,HourlyPrecipMM,Conditions,Clouds,dailyrainMM,SoftwareType,DateUTC
                
2019-08-09 00:00:00,18.3,17.1466565446,737.64112385,  ,  ,0.0,1.80000894922,93.0,0.0,  ,  ,0.0,  ,  
2019-08-09 00:05:00,18.2245833333,17.0719177895,737.460643776,  ,  ,0.0,1.10000546897,93.0,0.0,  ,  ,0.0,  ,  
2019-08-09 00:10:00,18.1745833333,17.0542052739,737.460643776,  ,  ,0.0,0.80000397743,93.1875,0.0,  ,  ,0.0,  ,  
2019-08-09 00:15:00,18.1,17.117514067,737.3057536,  ,  ,0.0,0.600002983073,94.0,0.0,  ,  ,0.0,  ,  
2019-08-09 00:20:00,18.0279166667,17.0459833134,737.160619104,  ,  ,0.0,0.0,94.0,0.0,  ,  ,0.254,  ,  
2019-08-09 00:25:00,17.90125,16.9237871596,737.160619104,  ,  ,0.0,1.60000795486,94.0208333333,0.0,  ,  ,0.254,  ,  
2019-08-09 00:30:00,17.8479166667,17.0345259143,736.967138979,  ,  ,0.0,1.30000646332,95.0,0.0,  ,  ,0.254,  ,  
2019-08-09 00:35:00,17.7879166667,16.9749072133,736.785588264,  ,  ,0.0,1.30000646332,95.0,0.0,  ,  ,0.254,  ,  
2019-08-09 00:40:00,17.7,16.8875490947,736.785588264,  ,  ,0.0,1.9000094464,95.0,0.0,  ,  ,0.508,  ,  
2019-08-09 00:45:00,17.69,16.8776126141,736.669446075,  ,  ,0.0,1.80000894922,95.0,3.65759999254,  ,  ,0.762,  ,  
2019-08-09 00:50:00,17.6045833333,16.8955497146,736.56056976,  ,  ,0.0,1.60000795486,95.6208333333,2.66417777234,  ,  ,1.016,  ,  
2019-08-09 00:55:00,17.5745833333,16.9282050076,736.56056976,  ,  ,0.0,2.10001044075,96.0,2.42993332838,  ,  ,1.016,  ,  
2019-08-09 01:00:00,17.4645833333,16.8187612428,736.405636542,  ,  ,0.0,1.4000069605,96.0,1.63688888555,  ,  ,1.016,  ,  
2019-08-09 01:05:00,17.4,16.7545043757,736.260545088,  ,  ,0.0,1.9000094464,96.0,1.32362221952,  ,  ,1.27,  ,  
2019-08-09 01:10:00,17.4,16.7545043757,736.260545088,  ,  ,0.0,1.60000795486,96.0,1.26999999741,  ,  ,1.524,  ,  
2019-08-09 01:15:00,17.3933333333,16.8985211405,736.067064963,  ,  ,0.0,1.60000795486,96.9208333333,2.21826666214,  ,  ,1.778,  ,  
2019-08-09 01:20:00,17.3279166667,16.8462445601,735.885514248,  ,  ,0.0,0.0,97.0,3.47415554847,  ,  ,2.032,  ,  
2019-08-09 01:25:00,17.3,16.8184332407,735.885514248,  ,  ,0.0,1.60000795486,97.0,2.8447999942,  ,  ,2.286,  ,  
2019-08-09 01:30:00,17.3,16.8184332407,735.730657997,  ,  ,0.0,0.80000397743,97.0,2.60208888358,  ,  ,2.54,  ,  
2019-08-09 01:35:00,17.24125,16.7599049042,735.585489576,  ,  ,0.0,1.80000894922,97.0,2.49766666157,  ,  ,2.54,  ,  
2019-08-09 01:40:00,17.2,16.7188105097,735.585489576,  ,  ,0.0,2.10001044075,97.0,1.84855555178,  ,  ,2.794,  ,  
2019-08-09 01:45:00,17.2,16.7188105097,735.391823054,  ,  ,0.0,1.4000069605,97.0,1.77799999637,  ,  ,3.048,  ,  
2019-08-09 01:50:00,17.2,16.7438539229,735.210458736,  ,  ,0.0,1.9000094464,97.1541666667,2.53999999482,  ,  ,3.302,  ,  
2019-08-09 01:55:00,17.2,16.8806379857,735.210458736,  ,  ,0.0,1.10000546897,98.0,2.53999999482,  ,  ,3.556,  ,  
2019-08-09 02:00:00,17.2,16.8806379857,734.978007188,  ,  ,0.0,0.600002983073,98.0,3.00951514538,  ,  ,3.81,  ,  
2019-08-09 02:05:00,17.2,16.8806379857,734.760421728,  ,  ,0.0,1.9000094464,98.0,3.42053332636,  ,  ,3.81,  ,  
2019-08-09 02:10:00,17.1966666667,16.8773129997,734.760421728,  ,  ,0.0,1.4000069605,98.0,2.82170908515,  ,  ,4.064,  ,  
2019-08-09 02:15:00,17.1966666667,16.8773129997,734.605236553,  ,  ,0.0,0.80000397743,98.0,2.37369047135,  ,  ,4.318,  ,  
2019-08-09 02:20:00,17.2,16.8806379857,734.460397056,  ,  ,0.0,1.60000795486,98.0,3.050822216,  ,  ,4.826,  ,  
2019-08-09 02:25:00,17.2,16.8806379857,734.460397056,  ,  ,0.0,3.90001938997,98.0,5.92948887679,  ,  ,5.588,  ,  
2019-08-09 02:30:00,17.2,16.8806379857,734.266916931,  ,  ,0.527502622618,2.30001143511,98.0,6.64068887534,  ,  ,6.096,  ,  
2019-08-09 02:35:00,17.2,16.8806379857,734.085366216,  ,  ,0.600002983073,0.600002983073,98.0,8.42715553836,  ,  ,6.604,  ,  
2019-08-09 02:40:00,17.2,16.8806379857,734.085366216,  ,  ,0.0725003604546,2.80001392101,98.0,4.63408887944,  ,  ,6.858,  ,  
2019-08-09 02:45:00,17.2,16.9696954676,733.930509965,  ,  ,0.0,2.90001441819,98.5541666667,3.62373332594,  ,  ,7.366,  ,  
2019-08-09 02:50:00,17.2,17.0410253844,733.785341544,  ,  ,0.527502622618,0.600002983073,99.0,6.87775554152,  ,  ,7.874,  ,  
2019-08-09 02:55:00,17.2,17.0410253844,733.785341544,  ,  ,0.600002983073,0.600002983073,99.0,6.54473331998,  ,  ,8.128,  ,  
2019-08-09 03:00:00,17.2066666667,17.0476837378,733.707874935,  ,  ,0.0725003604546,0.600002983073,99.0,5.13926665618,  ,  ,8.636,  ,  
2019-08-09 03:05:00,17.2554166667,17.0963729412,733.635329208,  ,  ,0.0,1.60000795486,99.0,5.48922221102,  ,  ,8.89,  ,  
2019-08-09 03:10:00,17.2145833333,17.0555905323,733.635329208,  ,  ,0.0,1.80000894922,99.0,6.38386665364,  ,  ,9.652,  ,  
2019-08-09 03:15:00,17.2033333333,17.0443545611,733.480545108,  ,  ,0.0,0.0,99.0,9.23713331449,  ,  ,10.16,  ,  
2019-08-09 03:20:00,17.2820833333,17.1230063466,733.335304536,  ,  ,0.0,0.0,99.0,5.29448887809,  ,  ,10.414,  ,  
2019-08-09 03:25:00,17.3,17.1409006639,733.335304536,  ,  ,0.0,0.0,99.0,2.8278666609,  ,  ,10.668,  ,  
2019-08-09 03:30:00,17.3,17.1409006639,733.25787641,  ,  ,0.0,0.0,99.0,2.28599999534,  ,  ,10.668,  ,  
2019-08-09 03:35:00,17.3,17.1409006639,733.1852922,  ,  ,0.0,0.0,99.0,1.87113332952,  ,  ,10.922,  ,  
2019-08-09 03:40:00,17.3,17.1409006639,733.1852922,  ,  ,0.0,0.0,99.0,1.52399999689,  ,  ,10.922,  ,  
2019-08-09 03:45:00,17.3033333333,17.1442298391,733.146575726,  ,  ,0.0,0.0,99.0,1.72346892304,  ,  ,11.176,  ,  
2019-08-09 03:50:00,17.3433333333,17.1841799366,733.110286032,  ,  ,0.0,0.0,99.0,1.83803635989,  ,  ,11.176,  ,  
2019-08-09 03:55:00,17.31,17.1508881892,733.110286032,  ,  ,0.0,0.0,99.0,1.59635151189,  ,  ,11.43,  ,  
2019-08-09 04:00:00,17.3,17.1409006639,733.071544107,  ,  ,0.0,0.0,99.0,1.52399999689,  ,  ,11.43,  ,  
2019-08-09 04:05:00,17.3033333333,17.1442298391,733.035279864,  ,  ,0.0,0.0,99.0,1.37313939114,  ,  ,11.43,  ,  
2019-08-09 04:10:00,17.2979166667,17.1388199294,733.035279864,  ,  ,0.0,2.40001193229,99.0,1.15218072054,  ,  ,11.684,  ,  
2019-08-09 04:15:00,17.2,17.0410253844,733.035279864,  ,  ,0.0,2.80001392101,99.0,1.01599999793,  ,  ,11.684,  ,  
2019-08-09 04:20:00,17.2,17.0410253844,733.035279864,  ,  ,0.527502622618,0.600002983073,99.0,1.01599999793,  ,  ,11.684,  ,  
2019-08-09 04:25:00,17.2,17.0410253844,733.035279864,  ,  ,0.600002983073,2.40001193229,99.0,0.959555553598,  ,  ,11.684,  ,  
2019-08-09 04:30:00,17.2,17.0410253844,733.035279864,  ,  ,0.0725003604546,0.600002983073,99.0,0.0,  ,  ,11.684,  ,  
2019-08-09 04:35:00,17.2,17.0410253844,733.035279864,  ,  ,0.0,0.0,99.0,0.0,  ,  ,11.684,  ,  
2019-08-09 04:40:00,17.2,17.0410253844,733.035279864,  ,  ,0.0,0.80000397743,99.0,0.0,  ,  ,11.684,  ,  
2019-08-09 04:45:00,17.2,17.0410253844,733.073993927,  ,  ,0.0,1.80000894922,99.0,0.0,  ,  ,11.684,  ,  
2019-08-09 04:50:00,17.2,17.0410253844,733.110286032,  ,  ,0.0,6.80003380816,99.0,0.0,  ,  ,11.684,  ,  
2019-08-09 04:55:00,17.17125,17.0123112324,733.110286032,  ,  ,0.0,3.80001889279,99.0,0.0,  ,  ,11.684,  ,  
2019-08-09 05:00:00,17.07125,16.7756655012,733.071552728,  ,  ,1.14292234901,8.30004126584,98.1458333333,0.0,  ,  ,11.684,  ,  
2019-08-09 05:05:00,16.9379166667,16.6192106281,733.035279864,  ,  ,1.30000646332,5.10002535612,98.0,0.0,  ,  ,11.684,  ,  
2019-08-09 05:10:00,16.8845833333,16.5660107018,733.035279864,  ,  ,1.56375777463,4.30002137869,98.0,0.0,  ,  ,11.938,  ,  
2019-08-09 05:15:00,16.8,16.4816388865,733.112671914,  ,  ,1.60000795486,3.90001938997,98.0,0.0,  ,  ,11.938,  ,  
2019-08-09 05:20:00,16.74125,16.4230357616,733.1852922,  ,  ,1.33625664355,5.80002883637,98.0,0.0,  ,  ,11.938,  ,  
2019-08-09 05:25:00,16.6645833333,16.3465607109,733.1852922,  ,  ,1.30000646332,5.80002883637,98.0,0.0,  ,  ,11.938,  ,  
2019-08-09 05:30:00,16.5325,16.2148073634,733.223988225,  ,  ,1.73959198217,5.10002535612,98.0,0.0,  ,  ,11.938,  ,  
2019-08-09 05:35:00,16.4,16.0826382183,733.260298368,  ,  ,1.80000894922,8.10004027148,98.0,0.0,  ,  ,11.938,  ,  
2019-08-09 05:40:00,16.3179166667,15.9600490567,733.260298368,  ,  ,1.88792605299,6.6000328138,97.7458333333,0.0,  ,  ,11.938,  ,  
2019-08-09 05:45:00,16.1958333333,15.7184240721,733.298906136,  ,  ,1.9000094464,5.80002883637,97.0,0.0,  ,  ,11.938,  ,  
2019-08-09 05:50:00,16.1,15.6229507298,733.335304536,  ,  ,2.07584365394,5.30002635048,97.0,0.0,  ,  ,11.938,  ,  
2019-08-09 05:55:00,16.05125,15.5743838036,733.335304536,  ,  ,2.10001044075,7.50003728841,97.0,0.0,  ,  ,11.938,  ,  
2019-08-09 06:00:00,16.0,15.523326228,733.335304536,  ,  ,1.92417623322,5.60002784201,97.0,0.0,  ,  ,11.938,  ,  
2019-08-09 06:05:00,15.9845833333,15.5079674376,733.335304536,  ,  ,1.9000094464,7.80003877995,97.0,0.0,  ,  ,11.938,  ,  
2019-08-09 06:10:00,15.96875,15.492193541,733.335304536,  ,  ,2.33959496525,6.30003132226,97.0,0.0,  ,  ,11.938,  ,  
2019-08-09 06:15:00,15.96125,15.4847216939,733.335304536,  ,  ,2.40001193229,7.1000352997,97.0,0.0,  ,  ,11.938,  ,  
2019-08-09 06:20:00,15.9,15.4237015787,733.335304536,  ,  ,2.57584613983,7.80003877995,97.0,0.0,  ,  ,11.938,  ,  
2019-08-09 06:25:00,15.9,15.4237015787,733.335304536,  ,  ,2.60001292665,5.30002635048,97.0,0.0,  ,  ,11.938,  ,  
2019-08-09 06:30:00,15.9,15.4237015787,733.296664995,  ,  ,2.60001292665,8.80004375174,97.0,0.0,  ,  ,11.938,  ,  
2019-08-09 06:35:00,15.9033333333,15.4270224028,733.260298368,  ,  ,2.60001292665,4.60002287023,97.0,0.0,  ,  ,11.938,  ,  
2019-08-09 06:40:00,15.94,15.4635514562,733.260298368,  ,  ,2.33626161534,5.80002883637,97.0,0.0,  ,  ,11.938,  ,  
2019-08-09 06:45:00,15.9954166667,15.4939178058,733.221639622,  ,  ,2.30001143511,7.60003778559,96.8458333333,0.0,  ,  ,11.938,  ,  
2019-08-09 06:50:00,16.0,15.3778039036,733.1852922,  ,  ,2.12417722757,5.00002485894,96.1,0.0,  ,  ,11.938,  ,  
2019-08-09 06:55:00,15.9345833333,15.2964732055,733.1852922,  ,  ,2.10001044075,6.30003132226,96.0,0.0,  ,  ,11.938,  ,  
2019-08-09 07:00:00,15.8845833333,15.205411276,733.223969002,  ,  ,2.10001044075,9.80004872352,95.7458333333,0.0,  ,  ,11.938,  ,  
2019-08-09 07:05:00,15.7779166667,14.9776292352,733.260298368,  ,  ,2.10001044075,8.80004375174,95.0,0.0,  ,  ,11.938,  ,  
2019-08-09 07:10:00,15.6779166667,14.8782595601,733.260298368,  ,  ,2.71543016714,7.80003877995,95.0,0.0,  ,  ,11.938,  ,  
2019-08-09 07:15:00,15.6,14.8008338501,733.182980877,  ,  ,2.80001392101,7.30003629405,95.0,0.0,  ,  ,11.938,  ,  
2019-08-09 07:20:00,15.5279166667,14.7292045834,733.110286032,  ,  ,2.80001392101,8.30004126584,95.0,0.0,  ,  ,11.938,  ,  
2019-08-09 07:25:00,15.4179166667,14.6198972464,733.110286032,  ,  ,2.80001392101,5.60002784201,95.0,0.0,  ,  ,11.938,  ,  
2019-08-09 07:30:00,15.4,14.6020933715,733.148944778,  ,  ,2.44834550593,6.10003032791,95.0,0.0,  ,  ,11.938,  ,  
2019-08-09 07:35:00,15.33125,14.683366435,733.1852922,  ,  ,2.40001193229,7.80003877995,95.9208333333,0.0,  ,  ,11.938,  ,  
2019-08-09 07:40:00,15.3,14.6650749319,733.1852922,  ,  ,2.40001193229,6.00002983073,96.0,0.0,  ,  ,11.938,  ,  
2019-08-09 07:45:00,15.21125,14.5767697466,733.146632304,  ,  ,2.40001193229,5.80002883637,96.0,0.0,  ,  ,11.938,  ,  
2019-08-09 07:50:00,15.1966666667,14.56225949,733.110286032,  ,  ,1.96042641344,6.50003231662,96.0,0.0,  ,  ,11.938,  ,  
2019-08-09 07:55:00,15.1666666667,14.5324098061,733.110286032,  ,  ,1.9000094464,8.30004126584,96.0,0.0,  ,  ,11.938,  ,  
2019-08-09 08:00:00,15.1733333333,14.5390430707,733.071599826,  ,  ,2.51542917279,6.10003032791,96.0,0.0,  ,  ,11.938,  ,  
2019-08-09 08:05:00,15.2120833333,14.577598904,733.035279864,  ,  ,2.60001292665,6.10003032791,96.0,0.0,  ,  ,11.938,  ,  
2019-08-09 08:10:00,15.3,14.6650749319,733.035279864,  ,  ,1.89667609649,7.60003778559,96.0,0.0,  ,  ,11.938,  ,  
2019-08-09 08:15:00,15.31875,14.5267914084,732.957844498,  ,  ,1.80000894922,7.00003480252,95.0333333333,0.0,  ,  ,11.938,  ,  
2019-08-09 08:20:00,15.3866666667,14.618061889,732.885267528,  ,  ,2.67917998692,9.10004524327,95.1791666667,0.0,  ,  ,11.938,  ,  
2019-08-09 08:25:00,15.3666666667,14.5689698621,732.885267528,  ,  ,2.80001392101,7.1000352997,95.0,0.0,  ,  ,11.938,  ,  
2019-08-09 08:30:00,15.3933333333,14.5954686718,732.923907069,  ,  ,3.06376523232,7.00003480252,95.0,0.0,  ,  ,11.938,  ,  
2019-08-09 08:35:00,15.4,14.6020933715,732.960273696,  ,  ,3.10001541254,7.1000352997,95.0,0.0,  ,  ,11.938,  ,  
2019-08-09 08:40:00,15.41,14.6120304189,732.960273696,  ,  ,2.66042989369,6.00002983073,95.0,0.0,  ,  ,11.938,  ,  
2019-08-09 08:45:00,15.4820833333,14.6257175453,732.960273696,  ,  ,2.60001292665,8.10004027148,94.6458333333,0.0,  ,  ,11.938,  ,  
2019-08-09 08:50:00,15.5554166667,14.5923433732,732.960273696,  ,  ,2.33626161534,8.60004275738,94.0,0.0,  ,  ,11.938,  ,  
2019-08-09 08:55:00,15.6,14.6365882408,732.960273696,  ,  ,2.30001143511,9.30004623763,94.0,0.0,  ,  ,11.938,  ,  
2019-08-09 09:00:00,15.6,14.6365882408,732.960273696,  ,  ,2.56376274642,4.10002038433,94.0,0.0,  ,  ,11.938,  ,  
2019-08-09 09:05:00,15.6,14.6365882408,732.960273696,  ,  ,2.60001292665,7.60003778559,94.0,0.0,  ,  ,11.938,  ,  
2019-08-09 09:10:00,15.6,14.6365882408,732.960273696,  ,  ,1.98459320026,5.60002784201,94.0,0.0,  ,  ,11.938,  ,  
2019-08-09 09:15:00,15.6033333333,14.639896266,732.998932442,  ,  ,1.9000094464,6.6000328138,94.0,0.0,  ,  ,11.938,  ,  
2019-08-09 09:20:00,15.6033333333,14.639896266,733.035279864,  ,  ,1.63625813509,8.10004027148,94.0,0.0,  ,  ,11.938,  ,  
2019-08-09 09:25:00,15.66875,14.7323114137,733.035279864,  ,  ,1.60000795486,5.10002535612,94.1666666667,0.0,  ,  ,11.938,  ,  
2019-08-09 09:30:00,15.6966666667,14.8456892499,732.996621118,  ,  ,1.60000795486,5.00002485894,94.6875,0.0,  ,  ,11.938,  ,  
2019-08-09 09:35:00,15.6866666667,14.8869544166,732.960273696,  ,  ,1.60000795486,7.00003480252,95.0,0.0,  ,  ,11.938,  ,  
2019-08-09 09:40:00,15.6579166667,14.896508677,732.960273696,  ,  ,1.60000795486,6.6000328138,95.2333333333,0.0,  ,  ,11.938,  ,  
2019-08-09 09:45:00,15.6466666667,14.9538712105,732.960273696,  ,  ,1.60000795486,4.60002287023,95.6541666667,0.0,  ,  ,11.938,  ,  
2019-08-09 09:50:00,15.6854166667,15.0485580879,732.960273696,  ,  ,1.42417374732,5.60002784201,96.0,0.0,  ,  ,11.938,  ,  
2019-08-09 09:55:00,15.6533333333,15.0166358181,732.960273696,  ,  ,1.4000069605,3.90001938997,96.0,0.0,  ,  ,11.938,  ,  
2019-08-09 10:00:00,15.6445833333,15.007929741,732.998959902,  ,  ,1.4000069605,4.60002287023,96.0,0.0,  ,  ,11.938,  ,  
2019-08-09 10:05:00,15.66,15.0232690187,733.035279864,  ,  ,1.4000069605,5.00002485894,96.0,0.0,  ,  ,11.938,  ,  
2019-08-09 10:10:00,15.61,15.022054841,733.035279864,  ,  ,1.31208985673,5.60002784201,96.3,0.0,  ,  ,11.938,  ,  
2019-08-09 10:15:00,15.6,15.1228200534,732.996541648,  ,  ,1.30000646332,5.10002535612,96.9875,0.0,  ,  ,11.938,  ,  
2019-08-09 10:20:00,15.6,15.1248267455,732.960273696,  ,  ,1.12417225579,3.90001938997,97.0,0.0,  ,  ,11.938,  ,  
2019-08-09 10:25:00,15.6,15.1248267455,732.960273696,  ,  ,1.10000546897,3.3000164069,97.0,0.0,  ,  ,11.938,  ,  
2019-08-09 10:30:00,15.6,15.1248267455,732.998801454,  ,  ,0.924171261427,4.60002287023,97.0,0.0,  ,  ,11.938,  ,  
2019-08-09 10:35:00,15.6154166667,15.1401856234,733.035279864,  ,  ,0.900004474609,2.40001193229,97.0,0.0,  ,  ,11.938,  ,  
2019-08-09 10:40:00,15.6933333333,15.2178101693,733.035279864,  ,  ,0.900004474609,5.10002535612,97.0,0.0,  ,  ,11.938,  ,  
2019-08-09 10:45:00,15.74875,15.2730190163,733.112373679,  ,  ,0.900004474609,7.00003480252,97.0,0.0,  ,  ,11.938,  ,  
2019-08-09 10:50:00,15.78,15.3041518048,733.1852922,  ,  ,1.07583868215,3.90001938997,97.0,0.0,  ,  ,11.938,  ,  
2019-08-09 10:55:00,15.75,15.2742643281,733.1852922,  ,  ,1.10000546897,5.50002734483,97.0,0.0,  ,  ,11.938,  ,  
2019-08-09 11:00:00,15.79,15.3141142941,733.223857219,  ,  ,1.27583967651,6.30003132226,97.0,0.0,  ,  ,11.938,  ,  
2019-08-09 11:05:00,15.82,15.322548191,733.260298368,  ,  ,1.30000646332,5.10002535612,96.8666666667,0.0,  ,  ,11.938,  ,  
2019-08-09 11:10:00,15.8733333333,15.3434299378,733.260298368,  ,  ,1.12417225579,7.00003480252,96.6666666667,0.0,  ,  ,11.938,  ,  
2019-08-09 11:15:00,15.89875,15.3222800239,733.337392183,  ,  ,1.10000546897,3.80001889279,96.3791666667,0.0,  ,  ,11.938,  ,  
2019-08-09 11:20:00,16.0141666667,15.3756565384,733.410310704,  ,  ,0.924171261427,6.10003032791,96.0,0.0,  ,  ,11.938,  ,  
2019-08-09 11:25:00,16.1,15.4556364873,733.410310704,  ,  ,0.900004474609,4.50002237305,95.9666666667,0.0,  ,  ,11.938,  ,  
2019-08-09 11:30:00,16.1720833333,15.5110695897,733.448857611,  ,  ,1.515424201,7.1000352997,95.8666666667,0.0,  ,  ,11.938,  ,  
2019-08-09 11:35:00,16.18125,15.5418996734,733.485316872,  ,  ,1.60000795486,7.00003480252,96.0,0.0,  ,  ,11.938,  ,  
2019-08-09 11:40:00,16.13,15.5159678741,733.485316872,  ,  ,1.60000795486,5.30002635048,96.1541666667,0.0,  ,  ,11.938,  ,  
2019-08-09 11:45:00,16.1,15.6229507298,733.562449023,  ,  ,1.60000795486,4.50002237305,97.0,0.0,  ,  ,11.938,  ,  
2019-08-09 11:50:00,16.1,15.6229507298,733.635329208,  ,  ,1.42417374732,4.50002237305,97.0,0.0,  ,  ,11.938,  ,  
2019-08-09 11:55:00,16.11,15.6329131718,733.635329208,  ,  ,1.4000069605,7.30003629405,97.0,0.0,  ,  ,11.938,  ,  
2019-08-09 12:00:00,16.1,15.6229507298,733.789623318,  ,  ,1.83959247935,5.50002734483,97.0,0.0,  ,  ,11.938,  ,  
2019-08-09 12:05:00,16.1,15.6551535332,733.93535388,  ,  ,1.9000094464,6.6000328138,97.2,0.0,  ,  ,11.938,  ,  
2019-08-09 12:10:00,16.1708333333,15.6935179959,733.93535388,  ,  ,2.33959496525,7.1000352997,97.0,0.0,  ,  ,11.938,  ,  
2019-08-09 12:15:00,16.2933333333,15.8155576813,734.05110644,  ,  ,2.40001193229,6.50003231662,97.0,0.0,  ,  ,11.938,  ,  
2019-08-09 12:20:00,16.3720833333,15.8076676311,734.160372384,  ,  ,1.87250930967,4.60002287023,96.4666666667,0.0,  ,  ,11.938,  ,  
2019-08-09 12:25:00,16.4220833333,15.8520332013,734.160372384,  ,  ,1.80000894922,7.00003480252,96.4333333333,0.0,  ,  ,11.938,  ,  
2019-08-09 12:30:00,16.5333333333,16.0546551988,734.237427901,  ,  ,1.44834053414,5.50002734483,97.0,0.0,  ,  ,11.938,  ,  
2019-08-09 12:35:00,16.5754166667,16.0012914558,734.31038472,  ,  ,1.4000069605,5.50002734483,96.4125,0.0,  ,  ,11.938,  ,  
2019-08-09 12:40:00,16.6,15.9585415183,734.31038472,  ,  ,1.4000069605,4.50002237305,96.0,0.0,  ,  ,11.938,  ,  
2019-08-09 12:45:00,16.5391666667,15.9340166228,734.426025442,  ,  ,1.4000069605,4.60002287023,96.2208333333,0.0,  ,  ,11.938,  ,  
2019-08-09 12:50:00,16.4133333333,15.9351065463,734.535403224,  ,  ,1.4000069605,3.10001541254,97.0,0.0,  ,  ,12.192,  ,  
2019-08-09 12:55:00,16.34125,15.8632942328,734.535403224,  ,  ,1.4000069605,4.80002386458,97.0,0.0,  ,  ,12.192,  ,  
2019-08-09 13:00:00,16.3,15.908079549,734.728228321,  ,  ,1.4000069605,7.00003480252,97.5333333333,0.0,  ,  ,12.192,  ,  
2019-08-09 13:05:00,16.33875,15.8608036309,734.910434064,  ,  ,1.4000069605,5.50002734483,97.0,0.0,  ,  ,12.192,  ,  
2019-08-09 13:10:00,16.3933333333,15.9367063221,734.910434064,  ,  ,2.01542668689,7.30003629405,97.1333333333,0.0,  ,  ,12.192,  ,  
2019-08-09 13:15:00,16.4,15.9218233496,735.026074786,  ,  ,2.10001044075,7.00003480252,97.0,0.0,  ,  ,12.192,  ,  
2019-08-09 13:20:00,16.4033333333,15.925144149,735.135452568,  ,  ,2.5395959596,4.30002137869,97.0,0.0,  ,  ,12.192,  ,  
2019-08-09 13:25:00,16.41875,15.9405028442,735.135452568,  ,  ,2.60001292665,3.90001938997,97.0,0.0,  ,  ,12.192,  ,  
2019-08-09 13:30:00,16.5320833333,16.0534099014,735.212546383,  ,  ,1.72084188895,3.90001938997,97.0,0.0,  ,  ,12.192,  ,  
2019-08-09 13:35:00,16.58,16.101146284,735.285464904,  ,  ,1.60000795486,4.50002237305,97.0,0.0,  ,  ,12.192,  ,  
2019-08-09 13:40:00,16.6054166667,15.9931607696,735.285464904,  ,  ,1.42417374732,4.30002137869,96.1791666667,0.0,  ,  ,12.192,  ,  
2019-08-09 13:45:00,16.6633333333,16.021555705,735.400838845,  ,  ,1.4000069605,6.10003032791,96.0,0.0,  ,  ,12.192,  ,  
2019-08-09 13:50:00,16.7,15.9836733232,735.510483408,  ,  ,1.75167537558,8.5000422602,95.5458333333,0.0,  ,  ,12.192,  ,  
2019-08-09 13:55:00,16.74875,15.9423302972,735.510483408,  ,  ,1.80000894922,7.1000352997,95.0,0.0,  ,  ,12.192,  ,  
2019-08-09 14:00:00,16.8,15.9932559281,735.703351046,  ,  ,2.23959446807,5.10002535612,95.0,0.0,  ,  ,12.192,  ,  
2019-08-09 14:05:00,16.8,15.8406379262,735.885514248,  ,  ,2.30001143511,7.80003877995,94.0791666667,0.0,  ,  ,12.192,  ,  
2019-08-09 14:10:00,16.85875,15.8489182782,735.885514248,  ,  ,2.30001143511,8.0000397743,93.7791666667,0.0,  ,  ,12.192,  ,  
2019-08-09 14:15:00,16.9,15.8208019996,736.001209306,  ,  ,2.30001143511,5.30002635048,93.3666666667,0.0,  ,  ,12.192,  ,  
2019-08-09 14:20:00,16.9,15.8187057194,736.110532752,  ,  ,2.30001143511,3.80001889279,93.3541666667,0.0,  ,  ,12.192,  ,  
2019-08-09 14:25:00,16.9,15.7893319354,736.110532752,  ,  ,2.30001143511,5.80002883637,93.1791666667,0.0,  ,  ,12.192,  ,  
2019-08-09 14:30:00,16.9,15.7107647863,736.264643786,  ,  ,1.68459170872,7.60003778559,92.7125,0.0,  ,  ,12.192,  ,  
2019-08-09 14:35:00,16.9,15.5901383344,736.410557424,  ,  ,1.60000795486,6.80003380816,92.0,0.0,  ,  ,12.192,  ,  
2019-08-09 14:40:00,16.87125,15.5616833819,736.410557424,  ,  ,2.30334478502,6.00002983073,92.0,0.0,  ,  ,12.192,  ,  
2019-08-09 14:45:00,16.8033333333,15.4944635802,736.564745054,  ,  ,2.40001193229,4.60002287023,92.0,0.0,  ,  ,12.192,  ,  
2019-08-09 14:50:00,16.7979166667,15.4891024838,736.710582096,  ,  ,2.13626062098,4.60002287023,92.0,0.0,  ,  ,12.192,  ,  
2019-08-09 14:55:00,16.7666666667,15.3695690165,736.710582096,  ,  ,2.10001044075,8.0000397743,91.4791666667,0.0,  ,  ,12.192,  ,  
2019-08-09 15:00:00,16.7333333333,15.2547148159,736.787712135,  ,  ,2.10001044075,7.00003480252,91.0,0.0,  ,  ,12.192,  ,  
2019-08-09 15:05:00,16.79875,15.3593156338,736.860594432,  ,  ,2.10001044075,9.30004623763,91.2333333333,0.0,  ,  ,12.192,  ,  
2019-08-09 15:10:00,16.8,15.3355978225,736.860594432,  ,  ,2.27584464829,8.30004126584,91.0875,0.0,  ,  ,12.192,  ,  
2019-08-09 15:15:00,16.7379166667,15.3730749285,737.053328969,  ,  ,2.30001143511,6.30003132226,91.6666666667,0.0,  ,  ,12.192,  ,  
2019-08-09 15:20:00,16.7,15.2410220171,737.235625272,  ,  ,2.30001143511,8.0000397743,91.1125,0.0,  ,  ,12.192,  ,  
2019-08-09 15:25:00,16.7,15.2274748995,737.235625272,  ,  ,2.30001143511,5.80002883637,91.0333333333,0.0,  ,  ,12.192,  ,  
2019-08-09 15:30:00,16.7554166667,15.276542213,737.351265994,  ,  ,2.56376274642,6.00002983073,91.0,0.0,  ,  ,12.192,  ,  
2019-08-09 15:35:00,16.81,15.2582200308,737.460643776,  ,  ,2.60001292665,6.50003231662,90.5791666667,0.0,  ,  ,12.192,  ,  
2019-08-09 15:40:00,16.88875,15.2799616547,737.460643776,  ,  ,2.33626161534,7.00003480252,90.2541666667,0.0,  ,  ,12.192,  ,  
2019-08-09 15:45:00,16.86125,15.4189720106,737.653414883,  ,  ,2.30001143511,7.1000352997,91.2208333333,0.0,  ,  ,12.192,  ,  
2019-08-09 15:50:00,16.5883333333,15.3865652717,737.835674616,  ,  ,2.38792853888,6.6000328138,92.6208333333,0.0,  ,  ,12.446,  ,  
2019-08-09 15:55:00,16.2504166667,15.2889696756,737.835674616,  ,  ,2.40001193229,7.30003629405,94.0416666667,0.0,  ,  ,12.446,  ,  
2019-08-09 16:00:00,16.0879166667,15.2603546651,737.951449902,  ,  ,2.40001193229,7.30003629405,94.8458333333,0.0,  ,  ,12.446,  ,  
2019-08-09 16:05:00,15.9979166667,15.1503996713,738.06069312,  ,  ,2.40001193229,7.1000352997,94.7208333333,0.0,  ,  ,12.446,  ,  
2019-08-09 16:10:00,16.0308333333,15.2180111792,738.06069312,  ,  ,2.40001193229,6.00002983073,94.9333333333,0.0,  ,  ,12.446,  ,  
2019-08-09 16:15:00,16.1354166667,15.2801226304,738.099258139,  ,  ,2.40001193229,7.80003877995,94.6791666667,0.0,  ,  ,12.446,  ,  
2019-08-09 16:20:00,16.2454166667,15.2459745013,738.135699288,  ,  ,2.13626062098,8.10004027148,93.8125,0.0,  ,  ,12.446,  ,  
2019-08-09 16:25:00,16.3,15.1645671775,738.135699288,  ,  ,2.10001044075,7.80003877995,93.0,0.0,  ,  ,12.446,  ,  
2019-08-09 16:30:00,16.3066666667,15.1655904282,738.289810322,  ,  ,2.71543016714,7.1000352997,92.9666666667,0.0,  ,  ,12.446,  ,  
2019-08-09 16:35:00,16.3820833333,15.2459181744,738.43572396,  ,  ,2.80001392101,5.30002635048,93.0,0.0,  ,  ,12.446,  ,  
2019-08-09 16:40:00,16.4,15.1536874633,738.43572396,  ,  ,1.74500867577,5.80002883637,92.3458333333,0.0,  ,  ,12.446,  ,  
2019-08-09 16:45:00,16.4,15.0952648827,738.551364682,  ,  ,1.60000795486,6.50003231662,92.0,0.0,  ,  ,12.446,  ,  
2019-08-09 16:50:00,16.4420833333,15.0825274951,738.660742464,  ,  ,2.21542768125,7.50003728841,91.6791666667,0.0,  ,  ,12.446,  ,  
2019-08-09 16:55:00,16.5,15.0240843683,738.660742464,  ,  ,2.30001143511,9.80004872352,91.0,0.0,  ,  ,12.446,  ,  
2019-08-09 17:00:00,16.5954166667,15.1468901304,738.737872503,  ,  ,2.38792853888,5.00002485894,91.1666666667,0.0,  ,  ,12.446,  ,  
2019-08-09 17:05:00,16.6654166667,15.1096632359,738.8107548,  ,  ,2.40001193229,7.50003728841,90.5458333333,0.0,  ,  ,12.446,  ,  
2019-08-09 17:10:00,16.7254166667,15.0747833397,738.8107548,  ,  ,2.13626062098,5.60002784201,90.0,0.0,  ,  ,12.446,  ,  
2019-08-09 17:15:00,16.7279166667,15.0772510064,738.887848615,  ,  ,2.10001044075,6.10003032791,90.0,0.0,  ,  ,12.446,  ,  
2019-08-09 17:20:00,16.7,15.0496953779,738.960767136,  ,  ,1.83625912945,7.1000352997,90.0,0.0,  ,  ,12.446,  ,  
2019-08-09 17:25:00,16.7,15.0496953779,738.960767136,  ,  ,1.80000894922,6.10003032791,90.0,0.0,  ,  ,12.446,  ,  
2019-08-09 17:30:00,16.7,15.0114701966,739.037824691,  ,  ,2.23959446807,9.30004623763,89.7791666667,0.0,  ,  ,12.446,  ,  
2019-08-09 17:35:00,16.68125,14.9423630253,739.110779472,  ,  ,2.30001143511,7.80003877995,89.4875,0.0,  ,  ,12.446,  ,  
2019-08-09 17:40:00,16.6,14.9509883274,739.110779472,  ,  ,2.56376274642,6.50003231662,90.0,0.0,  ,  ,12.446,  ,  
2019-08-09 17:45:00,16.58125,14.9439935289,739.187887915,  ,  ,2.60001292665,5.60002784201,90.0666666667,0.0,  ,  ,12.446,  ,  
2019-08-09 17:50:00,16.4966666667,14.8547440574,739.260791808,  ,  ,1.98459320026,8.30004126584,90.0333333333,0.0,  ,  ,12.446,  ,  
2019-08-09 17:55:00,16.4145833333,14.9147219426,739.260791808,  ,  ,1.9000094464,7.00003480252,90.8541666667,0.0,  ,  ,12.446,  ,  
2019-08-09 18:00:00,16.4,14.9252419954,739.337885623,  ,  ,2.33959496525,6.50003231662,91.0,0.0,  ,  ,12.446,  ,  
2019-08-09 18:05:00,16.3779166667,14.9034142438,739.410804144,  ,  ,2.40001193229,8.10004027148,91.0,0.0,  ,  ,12.446,  ,  
2019-08-09 18:10:00,16.3,14.8263991709,739.410804144,  ,  ,1.96042641344,7.00003480252,91.0,0.0,  ,  ,12.446,  ,  
2019-08-09 18:15:00,16.2966666667,14.8231044024,739.487934183,  ,  ,1.9000094464,8.0000397743,91.0,0.0,  ,  ,12.446,  ,  
2019-08-09 18:20:00,16.2079166667,14.8148082936,739.56081648,  ,  ,2.69126338032,5.80002883637,91.4666666667,0.0,  ,  ,12.446,  ,  
2019-08-09 18:25:00,16.2,14.7878643616,739.56081648,  ,  ,2.80001392101,6.30003132226,91.3541666667,0.0,  ,  ,12.446,  ,  
2019-08-09 18:30:00,16.15125,14.8490616153,739.599344238,  ,  ,2.36042840216,6.10003032791,92.0,0.0,  ,  ,12.446,  ,  
2019-08-09 18:35:00,16.1,14.7983360115,739.635822648,  ,  ,2.30001143511,6.6000328138,92.0,0.0,  ,  ,12.446,  ,  
2019-08-09 18:40:00,16.1,14.7983360115,739.635822648,  ,  ,2.12417722757,6.00002983073,92.0,0.0,  ,  ,12.446,  ,  
2019-08-09 18:45:00,16.0645833333,14.763281671,739.712916463,  ,  ,2.10001044075,4.60002287023,92.0,0.0,  ,  ,12.446,  ,  
2019-08-09 18:50:00,15.9745833333,14.6742021802,739.785834984,  ,  ,1.83625912945,6.50003231662,92.0,0.0,  ,  ,12.446,  ,  
2019-08-09 18:55:00,15.9066666667,14.5844912551,739.785834984,  ,  ,1.80000894922,6.50003231662,91.8666666667,0.0,  ,  ,12.446,  ,  
2019-08-09 19:00:00,15.9033333333,14.6036806867,739.785834984,  ,  ,2.32751157184,6.50003231662,92.0,0.0,  ,  ,12.446,  ,  
2019-08-09 19:05:00,15.9,14.5891412508,739.785834984,  ,  ,2.40001193229,4.80002386458,91.9333333333,0.0,  ,  ,12.446,  ,  
2019-08-09 19:10:00,15.9,14.6003814306,739.785834984,  ,  ,1.87250930967,5.30002635048,92.0,0.0,  ,  ,12.446,  ,  
2019-08-09 19:15:00,15.8145833333,14.5158378408,739.862928799,  ,  ,1.80000894922,6.10003032791,92.0,0.0,  ,  ,12.446,  ,  
2019-08-09 19:20:00,15.8,14.5609507291,739.93584732,  ,  ,2.06376026053,6.50003231662,92.3541666667,0.0,  ,  ,12.446,  ,  
2019-08-09 19:25:00,15.7345833333,14.6041886961,739.93584732,  ,  ,2.10001044075,6.30003132226,93.0,0.0,  ,  ,12.446,  ,  
2019-08-09 19:30:00,15.6945833333,14.5645446965,739.974420848,  ,  ,2.10001044075,7.1000352997,93.0,0.0,  ,  ,12.446,  ,  
2019-08-09 19:35:00,15.6033333333,14.4741066136,740.010853488,  ,  ,2.10001044075,6.30003132226,93.0,0.0,  ,  ,12.446,  ,  
2019-08-09 19:40:00,15.59125,14.4621307727,740.010853488,  ,  ,2.36376175206,7.00003480252,93.0,0.0,  ,  ,12.446,  ,  
2019-08-09 19:45:00,15.5,14.4250095168,740.049407709,  ,  ,2.40001193229,6.00002983073,93.3208333333,0.0,  ,  ,12.446,  ,  
2019-08-09 19:50:00,15.4345833333,14.4724270788,740.085859656,  ,  ,2.31209482852,6.50003231662,94.0,0.0,  ,  ,12.446,  ,  
2019-08-09 19:55:00,15.4,14.4381061282,740.085859656,  ,  ,2.30001143511,5.60002784201,94.0,0.0,  ,  ,12.446,  ,  
2019-08-09 20:00:00,15.3945833333,14.4327305544,740.16318406,  ,  ,2.30001143511,5.00002485894,94.0,0.0,  ,  ,12.446,  ,  
2019-08-09 20:05:00,15.3166666667,14.3554048961,740.235871992,  ,  ,2.30001143511,6.10003032791,94.0,0.0,  ,  ,12.446,  ,  
2019-08-09 20:10:00,15.28125,14.32917022,740.235871992,  ,  ,2.30001143511,6.00002983073,94.0541666667,0.0,  ,  ,12.446,  ,  
2019-08-09 20:15:00,15.2033333333,14.3631504153,740.274437011,  ,  ,2.30001143511,7.50003728841,94.7333333333,0.0,  ,  ,12.446,  ,  
2019-08-09 20:20:00,15.2,14.4033519027,740.31087816,  ,  ,2.38792853888,7.60003778559,95.0,0.0,  ,  ,12.446,  ,  
2019-08-09 20:25:00,15.1279166667,14.3317219223,740.31087816,  ,  ,2.40001193229,6.10003032791,95.0,0.0,  ,  ,12.446,  ,  
2019-08-09 20:30:00,15.1,14.303980797,740.387933677,  ,  ,1.96042641344,5.10002535612,95.0,0.0,  ,  ,12.446,  ,  
2019-08-09 20:35:00,15.1,14.303980797,740.460890496,  ,  ,1.9000094464,4.80002386458,95.0,0.0,  ,  ,12.446,  ,  
2019-08-09 20:40:00,15.0745833333,14.2787239349,740.460890496,  ,  ,1.81209234263,5.60002784201,95.0,0.0,  ,  ,12.446,  ,  
2019-08-09 20:45:00,14.9745833333,14.3070013265,740.499437403,  ,  ,1.80000894922,6.00002983073,95.7875,0.0,  ,  ,12.954,  ,  
2019-08-09 20:50:00,14.9,14.2670785018,740.535896664,  ,  ,1.62417474168,5.00002485894,96.0,0.0,  ,  ,12.954,  ,  
2019-08-09 20:55:00,14.9,14.2670785018,740.535896664,  ,  ,1.60000795486,6.6000328138,96.0,0.0,  ,  ,12.954,  ,  
2019-08-09 21:00:00,14.8966666667,14.2637618516,740.535896664,  ,  ,2.03959347371,4.80002386458,96.0,0.0,  ,  ,12.954,  ,  
2019-08-09 21:05:00,14.8345833333,14.2019892018,740.535896664,  ,  ,2.10001044075,8.0000397743,96.0,0.0,  ,  ,13.208,  ,  
2019-08-09 21:10:00,14.7545833333,14.2220084385,740.535896664,  ,  ,1.92417623322,5.60002784201,96.6208333333,1.6453555522,  ,  ,13.462,  ,  
2019-08-09 21:15:00,14.68125,14.209514307,740.574443571,  ,  ,1.9000094464,5.30002635048,97.0,2.59926666136,  ,  ,13.462,  ,  
2019-08-09 21:20:00,14.6,14.1285677096,740.610902832,  ,  ,2.07584365394,7.00003480252,97.0,1.87113332952,  ,  ,13.462,  ,  
2019-08-09 21:25:00,14.6066666667,14.1352094853,740.610902832,  ,  ,2.10001044075,7.1000352997,97.0,1.24459999746,  ,  ,13.462,  ,  
2019-08-09 21:30:00,14.6320833333,14.1605312494,740.610902832,  ,  ,1.66042492191,5.80002883637,97.0,0.0,  ,  ,13.462,  ,  
2019-08-09 21:35:00,14.6566666667,14.1850227827,740.610902832,  ,  ,1.60000795486,4.60002287023,97.0,0.0,  ,  ,13.462,  ,  
2019-08-09 21:40:00,14.6479166667,14.1763054583,740.610902832,  ,  ,1.60000795486,6.50003231662,97.0,0.0,  ,  ,13.462,  ,  
2019-08-09 21:45:00,14.6,14.1285677096,740.649380022,  ,  ,1.60000795486,7.1000352997,97.0,0.0,  ,  ,13.462,  ,  
2019-08-09 21:50:00,14.6,14.1285677096,740.685909,  ,  ,2.03959347371,6.80003380816,97.0,0.0,  ,  ,13.462,  ,  
2019-08-09 21:55:00,14.6,14.1285677096,740.685909,  ,  ,2.10001044075,6.50003231662,97.0,0.0,  ,  ,13.462,  ,  
2019-08-09 22:00:00,14.6,14.1285677096,740.685909,  ,  ,2.36376175206,6.10003032791,97.0,0.0,  ,  ,13.462,  ,  
2019-08-09 22:05:00,14.6,14.1285677096,740.685909,  ,  ,2.40001193229,4.50002237305,97.0,0.0,  ,  ,13.462,  ,  
2019-08-09 22:10:00,14.6,14.1285677096,740.685909,  ,  ,1.87250930967,5.00002485894,97.0,0.0,  ,  ,13.462,  ,  
2019-08-09 22:15:00,14.6,14.1285677096,740.685909,  ,  ,1.80000894922,6.50003231662,97.0,0.0,  ,  ,13.462,  ,  
2019-08-09 22:20:00,14.6,14.1285677096,740.685909,  ,  ,1.80000894922,4.80002386458,97.0,0.0,  ,  ,13.462,  ,  
2019-08-09 22:25:00,14.6,14.1285677096,740.685909,  ,  ,1.80000894922,5.60002784201,97.0,0.0,  ,  ,13.462,  ,  
2019-08-09 22:30:00,14.6,14.1285677096,740.685909,  ,  ,1.80000894922,5.80002883637,97.0,0.0,  ,  ,13.462,  ,  
2019-08-09 22:35:00,14.6,14.1285677096,740.685909,  ,  ,1.80000894922,7.1000352997,97.0,0.0,  ,  ,13.462,  ,  
2019-08-09 22:40:00,14.6033333333,14.1318885975,740.685909,  ,  ,1.62417474168,4.30002137869,97.0,0.0,  ,  ,13.462,  ,  
2019-08-09 22:45:00,14.6,14.1285677096,740.647362093,  ,  ,1.60000795486,2.90001441819,97.0,0.0,  ,  ,13.462,  ,  
2019-08-09 22:50:00,14.6020833333,14.1306432646,740.610902832,  ,  ,0.984588228473,5.10002535612,97.0,0.0,  ,  ,13.462,  ,  
2019-08-09 22:55:00,14.67,14.1983063224,740.610902832,  ,  ,0.900004474609,5.30002635048,97.0,0.0,  ,  ,13.462,  ,  
2019-08-09 23:00:00,14.7,14.2281942772,740.649467851,  ,  ,1.69125840854,5.00002485894,97.0,0.0,  ,  ,13.462,  ,  
2019-08-09 23:05:00,14.7,14.2281942772,740.685909,  ,  ,1.80000894922,3.90001938997,97.0,0.0,  ,  ,13.462,  ,  
2019-08-09 23:10:00,14.6679166667,14.1962307695,740.685909,  ,  ,1.62417474168,5.60002784201,97.0,0.0,  ,  ,13.462,  ,  
2019-08-09 23:15:00,14.6033333333,14.1318885975,740.647362093,  ,  ,1.60000795486,5.10002535612,97.0,0.0,  ,  ,13.462,  ,  
2019-08-09 23:20:00,14.6,14.1285677096,740.610902832,  ,  ,1.60000795486,4.80002386458,97.0,0.0,  ,  ,13.462,  ,  
2019-08-09 23:25:00,14.6,14.1285677096,740.610902832,  ,  ,1.60000795486,5.50002734483,97.0,0.0,  ,  ,13.462,  ,  
2019-08-09 23:30:00,14.6,14.1285677096,740.649449739,  ,  ,1.7758421624,4.80002386458,97.0,0.0,  ,  ,13.462,  ,  
2019-08-09 23:35:00,14.6020833333,14.015462813,740.685909,  ,  ,1.80000894922,5.50002734483,96.2791666667,0.0,  ,  ,13.462,  ,  
2019-08-09 23:40:00,14.62125,13.9897228721,740.685909,  ,  ,1.62417474168,5.00002485894,96.0,0.0,  ,  ,13.462,  ,  
2019-08-09 23:45:00,14.6233333333,14.0185667278,740.724436758,  ,  ,1.60000795486,4.80002386458,96.1666666667,0.0,  ,  ,13.462,  ,  
2019-08-09 23:50:00,14.6320833333,14.0005020433,740.760915168,  ,  ,1.33625664355,3.90001938997,96.0,0.0,  ,  ,13.462,  ,  
  

    

