Time,TemperatureC,DewpointC,PressurehPa,WindDirection,WindDirectionDegrees,WindSpeedKMH,WindSpeedGustKMH,Humidity,HourlyPrecipMM,Conditions,Clouds,dailyrainMM,SoftwareType,DateUTC
                
2019-06-10 00:00:00,18.7679166667,16.373836288,754.712062416,  ,  ,0.0,0.0,86.0,0.0,  ,  ,0.0,  ,  
2019-06-10 00:05:00,18.69,16.3801712361,754.712062416,  ,  ,0.0,0.0,86.4541666667,0.0,  ,  ,0.0,  ,  
2019-06-10 00:10:00,18.5924686192,16.383328146,754.712062416,  ,  ,0.0,0.0,87.0,0.0,  ,  ,0.0,  ,  
2019-06-10 00:15:00,18.45125,16.2445328735,754.712062416,  ,  ,0.0,0.0,87.0,0.0,  ,  ,0.0,  ,  
2019-06-10 00:20:00,18.4,16.2699597332,754.712062416,  ,  ,0.0,0.0,87.4208333333,0.0,  ,  ,0.0,  ,  
2019-06-10 00:25:00,18.38125,16.3552998076,754.712062416,  ,  ,0.0,0.0,88.0,0.0,  ,  ,0.0,  ,  
2019-06-10 00:30:00,18.3,16.275330117,754.712062416,  ,  ,0.0,0.0,88.0,0.0,  ,  ,0.0,  ,  
2019-06-10 00:35:00,18.2679166667,16.2437522312,754.712062416,  ,  ,0.0,0.0,88.0,0.0,  ,  ,0.0,  ,  
2019-06-10 00:40:00,18.19125,16.3141408067,754.712062416,  ,  ,0.0,0.0,88.8208333333,0.0,  ,  ,0.0,  ,  
2019-06-10 00:45:00,18.0591666667,16.3715687245,754.683520576,  ,  ,0.0,0.0,89.8875,0.0,  ,  ,0.0,  ,  
2019-06-10 00:50:00,17.85125,16.1510965981,754.637056248,  ,  ,0.0,0.0,89.8,0.0,  ,  ,0.0,  ,  
2019-06-10 00:55:00,17.71125,16.1672586098,754.637056248,  ,  ,0.0,0.0,90.6875,0.0,  ,  ,0.0,  ,  
2019-06-10 01:00:00,17.6979166667,16.2080985266,754.665612274,  ,  ,0.0,0.0,91.0,0.0,  ,  ,0.0,  ,  
2019-06-10 01:05:00,17.6,16.1113206705,754.712062416,  ,  ,0.0,0.0,91.0,0.0,  ,  ,0.0,  ,  
2019-06-10 01:10:00,17.6,16.1113206705,754.712062416,  ,  ,0.0,0.0,91.0,0.0,  ,  ,0.0,  ,  
2019-06-10 01:15:00,17.52125,16.0334862508,754.740630831,  ,  ,0.0,0.0,91.0,0.0,  ,  ,0.0,  ,  
2019-06-10 01:20:00,17.5020833333,16.0145423814,754.787068584,  ,  ,0.0,0.0,91.0,0.0,  ,  ,0.0,  ,  
2019-06-10 01:25:00,17.5966666667,16.1080260975,754.787068584,  ,  ,0.0,0.0,91.0,0.0,  ,  ,0.0,  ,  
2019-06-10 01:30:00,17.5445833333,16.0565483302,754.815587331,  ,  ,0.0,0.0,91.0,0.0,  ,  ,0.0,  ,  
2019-06-10 01:35:00,17.4945833333,16.0071295584,754.862074752,  ,  ,0.0,0.0,91.0,0.0,  ,  ,0.0,  ,  
2019-06-10 01:40:00,17.4033333333,15.9169400089,754.862074752,  ,  ,0.0,0.0,91.0,0.0,  ,  ,0.0,  ,  
2019-06-10 01:45:00,17.4,15.9136454063,754.890616592,  ,  ,0.0,0.0,91.0,0.0,  ,  ,0.0,  ,  
2019-06-10 01:50:00,17.4,15.9136454063,754.93708092,  ,  ,0.0,0.0,91.0,0.0,  ,  ,0.0,  ,  
2019-06-10 01:55:00,17.33125,16.003459834,754.93708092,  ,  ,0.0,0.0,91.9208333333,0.0,  ,  ,0.0,  ,  
2019-06-10 02:00:00,17.29125,15.9660066327,754.994118414,  ,  ,0.0,0.0,91.9333333333,0.0,  ,  ,0.0,  ,  
2019-06-10 02:05:00,17.2,15.8870576055,755.087093256,  ,  ,0.0,0.0,92.0,0.0,  ,  ,0.0,  ,  
2019-06-10 02:10:00,17.2,15.7753222915,755.087093256,  ,  ,0.0,0.0,91.3458333333,0.0,  ,  ,0.0,  ,  
2019-06-10 02:15:00,17.2,15.7216978013,755.087093256,  ,  ,0.0,0.0,91.0333333333,0.0,  ,  ,0.0,  ,  
2019-06-10 02:20:00,17.1146443515,15.7605235432,755.087093256,  ,  ,0.0,0.0,91.7531380753,0.0,  ,  ,0.0,  ,  
2019-06-10 02:25:00,17.1020833333,15.7901468502,755.087093256,  ,  ,0.0,0.0,92.0,0.0,  ,  ,0.0,  ,  
2019-06-10 02:30:00,17.2054166667,16.0091044127,755.115612003,  ,  ,0.0,1.80000894922,92.6875,0.0,  ,  ,0.0,  ,  
2019-06-10 02:35:00,17.4229166667,16.2774449478,755.162099424,  ,  ,0.0,0.80000397743,93.0,0.0,  ,  ,0.0,  ,  
2019-06-10 02:40:00,17.73625,16.488185443,755.162099424,  ,  ,0.0,1.80000894922,92.4125,0.0,  ,  ,0.0,  ,  
2019-06-10 02:45:00,17.9608333333,16.4758795866,755.219136918,  ,  ,0.0,3.10001541254,91.0458333333,0.0,  ,  ,0.0,  ,  
2019-06-10 02:50:00,18.1,16.5787916853,755.31211176,  ,  ,0.650003231662,1.30000646332,90.8458333333,0.0,  ,  ,0.0,  ,  
2019-06-10 02:55:00,18.1,16.5165569885,755.31211176,  ,  ,0.80000397743,2.40001193229,90.4875,0.0,  ,  ,0.0,  ,  
2019-06-10 03:00:00,18.1,16.6055009297,755.31211176,  ,  ,0.637503169515,0.80000397743,91.0,0.0,  ,  ,0.0,  ,  
2019-06-10 03:05:00,18.1,16.6055009297,755.31211176,  ,  ,0.600002983073,0.600002983073,91.0,0.0,  ,  ,0.0,  ,  
2019-06-10 03:10:00,18.01125,16.5177847576,755.31211176,  ,  ,0.112500559326,0.900004474609,91.0,0.0,  ,  ,0.0,  ,  
2019-06-10 03:15:00,17.94125,16.4485999203,755.31211176,  ,  ,0.0,2.90001441819,91.0,0.0,  ,  ,0.0,  ,  
2019-06-10 03:20:00,17.9920833333,16.4988413122,755.31211176,  ,  ,0.487502423747,3.60001789844,91.0,0.0,  ,  ,0.0,  ,  
2019-06-10 03:25:00,18.0033333333,16.509960293,755.31211176,  ,  ,0.600002983073,1.4000069605,91.0,0.0,  ,  ,0.0,  ,  
2019-06-10 03:30:00,18.0154166667,16.5219028957,755.31211176,  ,  ,0.112500559326,1.4000069605,91.0,0.0,  ,  ,0.0,  ,  
2019-06-10 03:35:00,18.0833333333,16.5890284362,755.31211176,  ,  ,0.0,2.10001044075,91.0,0.0,  ,  ,0.0,  ,  
2019-06-10 03:40:00,18.1,16.6055009297,755.31211176,  ,  ,0.0,2.30001143511,91.0,0.0,  ,  ,0.0,  ,  
2019-06-10 03:45:00,18.11875,16.6240324698,755.3406536,  ,  ,0.0,1.60000795486,91.0,0.0,  ,  ,0.0,  ,  
2019-06-10 03:50:00,18.2,16.7043356271,755.387117928,  ,  ,0.487502423747,1.9000094464,91.0,0.0,  ,  ,0.0,  ,  
2019-06-10 03:55:00,18.2,16.7043356271,755.387117928,  ,  ,0.600002983073,1.9000094464,91.0,0.0,  ,  ,0.0,  ,  
2019-06-10 04:00:00,18.2,16.7043356271,755.415627735,  ,  ,0.600002983073,2.60001292665,91.0,0.0,  ,  ,0.0,  ,  
2019-06-10 04:05:00,18.2,16.7043356271,755.462124096,  ,  ,0.600002983073,2.40001193229,91.0,0.0,  ,  ,0.0,  ,  
2019-06-10 04:10:00,18.1966666667,16.8140206725,755.462124096,  ,  ,0.762503790988,1.4000069605,91.6541666667,0.0,  ,  ,0.0,  ,  
2019-06-10 04:15:00,18.1345833333,16.7834116565,755.462124096,  ,  ,0.80000397743,2.30001143511,91.8333333333,0.0,  ,  ,0.0,  ,  
2019-06-10 04:20:00,18.1,16.7777938194,755.462124096,  ,  ,0.150000745768,1.60000795486,92.0,0.0,  ,  ,0.0,  ,  
2019-06-10 04:25:00,18.1,16.7777938194,755.462124096,  ,  ,0.0,1.4000069605,92.0,0.0,  ,  ,0.0,  ,  
2019-06-10 04:30:00,18.1,16.7777938194,755.462124096,  ,  ,0.0,2.10001044075,92.0,0.0,  ,  ,0.0,  ,  
2019-06-10 04:35:00,18.0679166667,16.7460412797,755.462124096,  ,  ,0.0,1.30000646332,92.0,0.0,  ,  ,0.0,  ,  
2019-06-10 04:40:00,18.0,16.6788247289,755.462124096,  ,  ,0.0,0.80000397743,92.0,0.0,  ,  ,0.0,  ,  
2019-06-10 04:45:00,17.9966666667,16.7815819647,755.490642843,  ,  ,0.0,1.80000894922,92.6208333333,0.0,  ,  ,0.0,  ,  
2019-06-10 04:50:00,17.9379166667,16.7878261258,755.537130264,  ,  ,0.0,2.80001392101,93.0,0.0,  ,  ,0.0,  ,  
2019-06-10 04:55:00,17.9,16.7502498335,755.537130264,  ,  ,0.0,0.900004474609,93.0,0.0,  ,  ,0.0,  ,  
2019-06-10 05:00:00,17.9,16.7502498335,755.537130264,  ,  ,0.0,1.30000646332,93.0,0.0,  ,  ,0.0,  ,  
2019-06-10 05:05:00,17.8933333333,16.7436430077,755.537130264,  ,  ,0.0,0.0,93.0,0.0,  ,  ,0.0,  ,  
2019-06-10 05:10:00,17.9,16.7502498335,755.537130264,  ,  ,0.0,0.0,93.0,0.0,  ,  ,0.0,  ,  
2019-06-10 05:15:00,17.9,16.7502498335,755.537130264,  ,  ,0.0,0.0,93.0,0.0,  ,  ,0.0,  ,  
2019-06-10 05:20:00,17.9,16.7502498335,755.537130264,  ,  ,0.0,0.0,93.0,0.0,  ,  ,0.0,  ,  
2019-06-10 05:25:00,17.9,16.7502498335,755.537130264,  ,  ,0.0,0.0,93.0,0.0,  ,  ,0.0,  ,  
2019-06-10 05:30:00,17.8966666667,16.7469464208,755.565682687,  ,  ,0.0,0.0,93.0,0.0,  ,  ,0.0,  ,  
2019-06-10 05:35:00,17.89,16.7403395942,755.612136432,  ,  ,0.0,0.0,93.0,0.0,  ,  ,0.0,  ,  
2019-06-10 05:40:00,17.9,16.7502498335,755.612136432,  ,  ,0.0,0.0,93.0,0.0,  ,  ,0.0,  ,  
2019-06-10 05:45:00,17.9,16.7502498335,755.640603751,  ,  ,0.0,0.0,93.0,0.0,  ,  ,0.0,  ,  
2019-06-10 05:50:00,17.9,16.7332827994,755.6871426,  ,  ,0.0,0.0,92.9,0.0,  ,  ,0.0,  ,  
2019-06-10 05:55:00,17.9354166667,16.7853485696,755.6871426,  ,  ,0.0,0.0,93.0,0.0,  ,  ,0.0,  ,  
2019-06-10 06:00:00,18.03,16.8790826268,755.772139649,  ,  ,0.0,0.900004474609,93.0,0.0,  ,  ,0.0,  ,  
2019-06-10 06:05:00,18.0920833333,16.9406083361,755.912161104,  ,  ,0.0,0.0,93.0,0.0,  ,  ,0.0,  ,  
2019-06-10 06:10:00,18.1420833333,16.8558558653,755.912161104,  ,  ,0.0,0.0,92.2125,0.0,  ,  ,0.0,  ,  
2019-06-10 06:15:00,18.1966666667,16.8791826477,755.883828754,  ,  ,0.0,1.4000069605,92.0333333333,0.0,  ,  ,0.0,  ,  
2019-06-10 06:20:00,18.2120833333,16.8887211996,755.837154936,  ,  ,0.0,2.30001143511,92.0,0.0,  ,  ,0.0,  ,  
2019-06-10 06:25:00,18.2245833333,16.9010922518,755.837154936,  ,  ,0.0,2.40001193229,92.0,0.0,  ,  ,0.0,  ,  
2019-06-10 06:30:00,18.24875,16.9250096016,755.86564827,  ,  ,0.487502423747,1.80000894922,92.0,0.0,  ,  ,0.0,  ,  
2019-06-10 06:35:00,18.28,16.9559371744,755.912161104,  ,  ,0.600002983073,1.80000894922,92.0,0.0,  ,  ,0.0,  ,  
2019-06-10 06:40:00,18.3,16.9757308005,755.912161104,  ,  ,0.112500559326,1.4000069605,92.0,0.0,  ,  ,0.0,  ,  
2019-06-10 06:45:00,18.3,16.9470851062,755.940619436,  ,  ,0.0,2.60001292665,91.8333333333,0.0,  ,  ,0.0,  ,  
2019-06-10 06:50:00,18.3,16.9528178861,755.987167272,  ,  ,0.487502423747,2.30001143511,91.8666666667,0.0,  ,  ,0.0,  ,  
2019-06-10 06:55:00,18.27125,16.9472774579,755.987167272,  ,  ,0.600002983073,1.9000094464,92.0,0.0,  ,  ,0.0,  ,  
2019-06-10 07:00:00,18.2220833333,16.8986180419,755.958825815,  ,  ,0.600002983073,2.40001193229,92.0,0.0,  ,  ,0.0,  ,  
2019-06-10 07:05:00,18.2366666667,16.9130509296,755.912161104,  ,  ,0.600002983073,1.80000894922,92.0,0.0,  ,  ,0.0,  ,  
2019-06-10 07:10:00,18.3,16.9757308005,755.912161104,  ,  ,0.112500559326,2.40001193229,92.0,0.0,  ,  ,0.0,  ,  
2019-06-10 07:15:00,18.3954166667,17.0300161942,755.940479379,  ,  ,0.0,2.10001044075,91.7666666667,0.0,  ,  ,0.0,  ,  
2019-06-10 07:20:00,18.4,17.0746986911,755.987167272,  ,  ,0.487502423747,1.9000094464,92.0,0.0,  ,  ,0.0,  ,  
2019-06-10 07:25:00,18.4033333333,16.9997681132,755.987167272,  ,  ,0.600002983073,2.40001193229,91.5458333333,0.0,  ,  ,0.0,  ,  
2019-06-10 07:30:00,18.3966666667,17.0290996533,755.987167272,  ,  ,0.762503790988,1.30000646332,91.7541666667,0.0,  ,  ,0.0,  ,  
2019-06-10 07:35:00,18.4675,17.1379189068,755.987167272,  ,  ,0.80000397743,1.4000069605,91.9791666667,0.0,  ,  ,0.0,  ,  
2019-06-10 07:40:00,18.6754166667,17.1742060757,755.987167272,  ,  ,0.150000745768,2.30001143511,91.0,0.0,  ,  ,0.0,  ,  
2019-06-10 07:45:00,18.79875,17.1818732736,756.04390653,  ,  ,0.0,2.30001143511,90.3458333333,0.0,  ,  ,0.0,  ,  
2019-06-10 07:50:00,18.8754166667,17.1968604248,756.137179608,  ,  ,0.487502423747,2.10001044075,90.0,0.0,  ,  ,0.0,  ,  
2019-06-10 07:55:00,18.9,17.1115918399,756.137179608,  ,  ,0.600002983073,3.3000164069,89.3791666667,0.0,  ,  ,0.0,  ,  
2019-06-10 08:00:00,18.9333333333,17.1245377498,756.137179608,  ,  ,0.762503790988,3.3000164069,89.2666666667,0.0,  ,  ,0.0,  ,  
2019-06-10 08:05:00,18.9908333333,17.2321268392,756.137179608,  ,  ,0.80000397743,2.10001044075,89.5541666667,0.0,  ,  ,0.0,  ,  
2019-06-10 08:10:00,19.15875,17.2682149625,756.137179608,  ,  ,0.881254381388,2.90001441819,88.825,0.0,  ,  ,0.0,  ,  
2019-06-10 08:15:00,19.21875,17.1698358739,756.137179608,  ,  ,0.900004474609,2.80001392101,87.9458333333,0.0,  ,  ,0.0,  ,  
2019-06-10 08:20:00,19.3133333333,17.1341661417,756.137179608,  ,  ,0.818754070651,2.60001292665,87.2333333333,0.0,  ,  ,0.0,  ,  
2019-06-10 08:25:00,19.4054166667,17.1944229264,756.137179608,  ,  ,0.80000397743,2.90001441819,87.0666666667,0.0,  ,  ,0.0,  ,  
2019-06-10 08:30:00,19.5929166667,17.2798342816,756.108798896,  ,  ,0.80000397743,2.30001143511,86.525,0.0,  ,  ,0.0,  ,  
2019-06-10 08:35:00,19.7420833333,17.2722026918,756.06217344,  ,  ,0.80000397743,1.4000069605,85.6875,0.0,  ,  ,0.0,  ,  
2019-06-10 08:40:00,19.9008333333,17.4202084666,756.06217344,  ,  ,0.150000745768,0.80000397743,85.6458333333,0.0,  ,  ,0.0,  ,  
2019-06-10 08:45:00,20.0933333333,17.5199627094,756.090519878,  ,  ,0.0,2.80001392101,85.1666666667,0.0,  ,  ,0.0,  ,  
2019-06-10 08:50:00,19.9579166667,17.3499736408,756.137179608,  ,  ,0.487502423747,2.10001044075,84.9666666667,0.0,  ,  ,0.0,  ,  
2019-06-10 08:55:00,19.9641666667,17.2836805271,756.137179608,  ,  ,0.600002983073,0.900004474609,84.5791666667,0.0,  ,  ,0.0,  ,  
2019-06-10 09:00:00,20.0966666667,17.1744309763,756.137179608,  ,  ,0.600002983073,2.10001044075,83.3125,0.0,  ,  ,0.0,  ,  
2019-06-10 09:05:00,20.1454166667,17.1713406467,756.137179608,  ,  ,0.600002983073,1.4000069605,83.0458333333,0.0,  ,  ,0.0,  ,  
2019-06-10 09:10:00,20.3308333333,17.2839970985,756.137179608,  ,  ,0.112500559326,1.30000646332,82.6875,0.0,  ,  ,0.0,  ,  
2019-06-10 09:15:00,20.46,17.4699478786,756.137179608,  ,  ,0.0,1.30000646332,83.0,0.0,  ,  ,0.0,  ,  
2019-06-10 09:20:00,20.4441666667,17.4926541774,756.137179608,  ,  ,0.0,0.80000397743,83.2,0.0,  ,  ,0.0,  ,  
2019-06-10 09:25:00,20.7883333333,17.8250073036,756.137179608,  ,  ,0.0,0.0,83.1791666667,0.0,  ,  ,0.0,  ,  
2019-06-10 09:30:00,21.1608333333,17.7253154751,756.10883317,  ,  ,0.0,1.60000795486,80.7916666667,0.0,  ,  ,0.0,  ,  
2019-06-10 09:35:00,21.0604166667,17.6201733096,756.06217344,  ,  ,0.0,1.80000894922,80.7541666667,0.0,  ,  ,0.0,  ,  
2019-06-10 09:40:00,20.8125,17.3747123972,756.06217344,  ,  ,0.0,0.80000397743,80.7333333333,0.0,  ,  ,0.0,  ,  
2019-06-10 09:45:00,20.6179166667,17.3519367865,756.090554152,  ,  ,0.0,1.4000069605,81.5875,0.0,  ,  ,0.0,  ,  
2019-06-10 09:50:00,20.5820833333,17.5740697768,756.137179608,  ,  ,0.0,0.80000397743,82.9208333333,0.0,  ,  ,0.0,  ,  
2019-06-10 09:55:00,20.7454166667,17.7128427132,756.137179608,  ,  ,0.0,2.10001044075,82.8125,0.0,  ,  ,0.0,  ,  
2019-06-10 10:00:00,20.8,17.6481840318,756.137179608,  ,  ,0.0,2.90001441819,82.2,0.0,  ,  ,0.0,  ,  
2019-06-10 10:05:00,20.7145833333,17.7226538347,756.137179608,  ,  ,0.0,1.30000646332,83.0208333333,0.0,  ,  ,0.0,  ,  
2019-06-10 10:10:00,20.7033333333,17.6501468065,756.137179608,  ,  ,0.487502423747,2.60001292665,82.7,0.0,  ,  ,0.0,  ,  
2019-06-10 10:15:00,20.7120833333,17.6754901669,756.165526046,  ,  ,0.600002983073,2.80001392101,82.7875,0.0,  ,  ,0.0,  ,  
2019-06-10 10:20:00,20.8554166667,17.7054789974,756.212185776,  ,  ,0.600002983073,1.9000094464,82.2166666667,0.0,  ,  ,0.0,  ,  
2019-06-10 10:25:00,20.9708333333,17.2939345148,756.212185776,  ,  ,0.600002983073,1.4000069605,79.5458333333,0.0,  ,  ,0.0,  ,  
2019-06-10 10:30:00,21.1120833333,17.2911197544,756.212185776,  ,  ,0.600002983073,3.10001541254,78.8458333333,0.0,  ,  ,0.0,  ,  
2019-06-10 10:35:00,21.3783333333,17.3945762662,756.212185776,  ,  ,0.600002983073,1.9000094464,78.0791666667,0.0,  ,  ,0.0,  ,  
2019-06-10 10:40:00,21.77625,17.2595979356,756.212185776,  ,  ,0.600002983073,3.90001938997,75.5583333333,0.0,  ,  ,0.0,  ,  
2019-06-10 10:45:00,21.9,17.0259363969,756.212185776,  ,  ,0.600002983073,3.3000164069,73.8912133891,0.0,  ,  ,0.0,  ,  
2019-06-10 10:50:00,21.9375,17.0897550107,756.212185776,  ,  ,0.600002983073,1.9000094464,74.0208333333,0.0,  ,  ,0.0,  ,  
2019-06-10 10:55:00,22.14875,17.0716089867,756.212185776,  ,  ,0.600002983073,2.30001143511,72.9916666667,0.0,  ,  ,0.0,  ,  
2019-06-10 11:00:00,22.2533333333,17.1902018361,756.183819261,  ,  ,0.112500559326,3.60001789844,73.075,0.0,  ,  ,0.0,  ,  
2019-06-10 11:05:00,22.2,17.3950878065,756.137179608,  ,  ,0.0,3.60001789844,74.2666666667,0.0,  ,  ,0.0,  ,  
2019-06-10 11:10:00,22.2320833333,17.2929613124,756.137179608,  ,  ,0.893754443536,2.60001292665,73.6458333333,0.0,  ,  ,0.0,  ,  
2019-06-10 11:15:00,22.3554166667,17.2530910676,756.165526046,  ,  ,1.10000546897,1.9000094464,72.9125,0.0,  ,  ,0.0,  ,  
2019-06-10 11:20:00,22.3445833333,17.0534942893,756.212185776,  ,  ,0.693753449178,2.30001143511,72.0458333333,0.0,  ,  ,0.0,  ,  
2019-06-10 11:25:00,22.2179166667,16.9893841514,756.212185776,  ,  ,0.600002983073,1.80000894922,72.3083333333,0.0,  ,  ,0.0,  ,  
2019-06-10 11:30:00,22.2,16.943935905,756.240532214,  ,  ,0.600002983073,2.10001044075,72.1791666667,0.0,  ,  ,0.0,  ,  
2019-06-10 11:35:00,22.1733333333,17.0988517167,756.287191944,  ,  ,0.600002983073,2.30001143511,73.0083333333,0.0,  ,  ,0.0,  ,  
2019-06-10 11:40:00,22.2520833333,17.3310204202,756.287191944,  ,  ,0.600002983073,3.80001889279,73.7333333333,0.0,  ,  ,0.0,  ,  
2019-06-10 11:45:00,22.4208333333,17.3665924093,756.315561573,  ,  ,0.600002983073,1.60000795486,73.1458333333,0.0,  ,  ,0.0,  ,  
2019-06-10 11:50:00,22.4458333333,17.1286913927,756.362198112,  ,  ,0.600002983073,2.10001044075,71.9458333333,0.0,  ,  ,0.0,  ,  
2019-06-10 11:55:00,22.2633333333,17.1202228087,756.362198112,  ,  ,0.600002983073,0.80000397743,72.7083333333,0.0,  ,  ,0.0,  ,  
2019-06-10 12:00:00,22.3,17.3941495831,756.39054455,  ,  ,0.112500559326,2.30001143511,73.8125,0.0,  ,  ,0.0,  ,  
2019-06-10 12:05:00,22.3220833333,17.3409716494,756.43720428,  ,  ,0.0,2.40001193229,73.4666666667,0.0,  ,  ,0.0,  ,  
2019-06-10 12:10:00,22.31125,17.2223959296,756.43720428,  ,  ,0.650003231662,1.9000094464,72.9666666667,0.0,  ,  ,0.0,  ,  
2019-06-10 12:15:00,22.2933333333,17.4181291204,756.465561644,  ,  ,0.80000397743,2.30001143511,73.9541666667,0.0,  ,  ,0.0,  ,  
2019-06-10 12:20:00,22.16375,17.253155851,756.512210448,  ,  ,0.637503169515,3.10001541254,73.7666666667,0.0,  ,  ,0.0,  ,  
2019-06-10 12:25:00,22.0654166667,17.4352177812,756.512210448,  ,  ,0.600002983073,2.90001441819,75.0666666667,0.0,  ,  ,0.0,  ,  
2019-06-10 12:30:00,22.2695833333,17.4621217412,756.512210448,  ,  ,0.762503790988,1.9000094464,74.2666666667,0.0,  ,  ,0.0,  ,  
2019-06-10 12:35:00,22.48875,17.4968124862,756.512210448,  ,  ,0.80000397743,2.80001392101,73.4458333333,0.0,  ,  ,0.0,  ,  
2019-06-10 12:40:00,22.3925,17.3772186332,756.512210448,  ,  ,0.80000397743,1.9000094464,73.3208333333,0.0,  ,  ,0.0,  ,  
2019-06-10 12:45:00,22.29,17.4675452237,756.48386401,  ,  ,0.80000397743,1.9000094464,74.2,0.0,  ,  ,0.0,  ,  
2019-06-10 12:50:00,22.4095833333,17.4637776209,756.43720428,  ,  ,0.80000397743,2.30001143511,73.6458333333,0.0,  ,  ,0.0,  ,  
2019-06-10 12:55:00,22.6520833333,17.6034033332,756.43720428,  ,  ,0.80000397743,2.90001441819,73.2125,0.0,  ,  ,0.0,  ,  
2019-06-10 13:00:00,22.7354166667,17.4652170096,756.43720428,  ,  ,0.881254381388,2.40001193229,72.2125,0.0,  ,  ,0.0,  ,  
2019-06-10 13:05:00,22.8,17.392116,756.43720428,  ,  ,0.900004474609,1.9000094464,71.6,0.0,  ,  ,0.0,  ,  
2019-06-10 13:10:00,22.8554166667,17.5382239116,756.43720428,  ,  ,0.818754070651,3.3000164069,72.0208333333,0.0,  ,  ,0.0,  ,  
2019-06-10 13:15:00,22.8145833333,17.5017933435,756.380650825,  ,  ,0.80000397743,2.30001143511,72.0333333333,0.0,  ,  ,0.0,  ,  
2019-06-10 13:20:00,22.8,17.3255765947,756.287191944,  ,  ,0.80000397743,2.60001292665,71.3,0.0,  ,  ,0.0,  ,  
2019-06-10 13:25:00,22.8420833333,17.307467718,756.287191944,  ,  ,0.80000397743,2.30001143511,71.0375,0.0,  ,  ,0.0,  ,  
2019-06-10 13:30:00,22.88125,16.8111243857,756.315549308,  ,  ,0.80000397743,2.60001292665,68.6791666667,0.0,  ,  ,0.0,  ,  
2019-06-10 13:35:00,22.8775,16.7509781955,756.362198112,  ,  ,0.80000397743,2.40001193229,68.4333333333,0.0,  ,  ,0.0,  ,  
2019-06-10 13:40:00,23.1175,16.6516851296,756.362198112,  ,  ,0.80000397743,3.10001541254,67.025,0.0,  ,  ,0.0,  ,  
2019-06-10 13:45:00,23.14125,16.4742463169,756.333828483,  ,  ,0.80000397743,3.40001690408,66.1791666667,0.0,  ,  ,0.0,  ,  
2019-06-10 13:50:00,23.1520833333,16.2451196496,756.287191944,  ,  ,1.20625599722,3.3000164069,65.1791666667,0.0,  ,  ,0.0,  ,  
2019-06-10 13:55:00,23.21,15.8884238808,756.287191944,  ,  ,1.30000646332,3.3000164069,63.4916666667,0.0,  ,  ,0.0,  ,  
2019-06-10 14:00:00,23.2854166667,15.5676076192,756.258845506,  ,  ,0.975004847493,2.60001292665,61.9208333333,0.0,  ,  ,0.0,  ,  
2019-06-10 14:05:00,23.4208333333,15.6761764428,756.212185776,  ,  ,0.900004474609,1.9000094464,61.8458333333,0.0,  ,  ,0.0,  ,  
2019-06-10 14:10:00,23.5566666667,15.6823661428,756.212185776,  ,  ,0.656253262736,2.10001044075,61.3666666667,0.0,  ,  ,0.0,  ,  
2019-06-10 14:15:00,23.5333333333,15.604057689,756.183816147,  ,  ,0.600002983073,2.30001143511,61.1458333333,0.0,  ,  ,0.0,  ,  
2019-06-10 14:20:00,23.4766666667,15.4021757631,756.137179608,  ,  ,0.762503790988,2.30001143511,60.5666666667,0.0,  ,  ,0.0,  ,  
2019-06-10 14:25:00,23.5720833333,15.2560273403,756.137179608,  ,  ,0.80000397743,1.9000094464,59.6583333333,0.0,  ,  ,0.0,  ,  
2019-06-10 14:30:00,23.57,15.2181134446,756.108809979,  ,  ,0.80000397743,1.4000069605,59.5208333333,0.0,  ,  ,0.0,  ,  
2019-06-10 14:35:00,23.6220833333,15.1717263318,756.06217344,  ,  ,0.80000397743,1.10000546897,59.1583333333,0.0,  ,  ,0.0,  ,  
2019-06-10 14:40:00,23.6954166667,15.0716444925,756.06217344,  ,  ,0.150000745768,0.80000397743,58.5208333333,0.0,  ,  ,0.0,  ,  
2019-06-10 14:45:00,23.7866666667,15.1902088959,756.005458711,  ,  ,0.0,2.40001193229,58.6458333333,0.0,  ,  ,0.0,  ,  
2019-06-10 14:50:00,23.8575,15.3095388517,755.912161104,  ,  ,0.487502423747,2.60001292665,58.8458333333,0.0,  ,  ,0.0,  ,  
2019-06-10 14:55:00,23.9266666667,15.019443624,755.912161104,  ,  ,0.600002983073,2.10001044075,57.5208333333,0.0,  ,  ,0.0,  ,  
2019-06-10 15:00:00,23.9145833333,14.9211857407,755.883768307,  ,  ,0.762503790988,2.30001143511,57.2,0.0,  ,  ,0.0,  ,  
2019-06-10 15:05:00,23.9,15.0968023397,755.837154936,  ,  ,0.80000397743,2.10001044075,57.9,0.0,  ,  ,0.0,  ,  
2019-06-10 15:10:00,24.0708333333,15.1607262447,755.837154936,  ,  ,0.637503169515,1.30000646332,57.5458333333,0.0,  ,  ,0.0,  ,  
2019-06-10 15:15:00,24.10125,15.1642738006,755.808748027,  ,  ,0.600002983073,2.40001193229,57.4541666667,0.0,  ,  ,0.0,  ,  
2019-06-10 15:20:00,24.02875,15.5777900924,755.762148768,  ,  ,0.600002983073,0.900004474609,59.2541666667,0.0,  ,  ,0.0,  ,  
2019-06-10 15:25:00,24.3229166667,15.5936861242,755.762148768,  ,  ,0.600002983073,2.10001044075,58.2791666667,0.0,  ,  ,0.0,  ,  
2019-06-10 15:30:00,24.4033333333,15.6442191309,755.677039881,  ,  ,0.112500559326,1.9000094464,58.1875,0.0,  ,  ,0.0,  ,  
2019-06-10 15:35:00,24.4333333333,15.4989528693,755.537130264,  ,  ,0.0,2.30001143511,57.5458333333,0.0,  ,  ,0.0,  ,  
2019-06-10 15:40:00,24.42875,15.7216349923,755.537130264,  ,  ,0.0,1.60000795486,58.3875,0.0,  ,  ,0.0,  ,  
2019-06-10 15:45:00,24.5820833333,15.8358643023,755.48034467,  ,  ,0.0,1.9000094464,58.2791666667,0.0,  ,  ,0.0,  ,  
2019-06-10 15:50:00,24.6033333333,15.8075086606,755.387117928,  ,  ,0.487502423747,1.9000094464,58.1,0.0,  ,  ,0.0,  ,  
2019-06-10 15:55:00,24.6433333333,15.7672114902,755.387117928,  ,  ,0.600002983073,1.9000094464,57.8125,0.0,  ,  ,0.0,  ,  
2019-06-10 16:00:00,24.5945833333,15.7689983107,755.387117928,  ,  ,0.600002983073,1.60000795486,57.9875,0.0,  ,  ,0.0,  ,  
2019-06-10 16:05:00,24.5645833333,15.6575895321,755.387117928,  ,  ,0.600002983073,1.80000894922,57.6791666667,0.0,  ,  ,0.0,  ,  
2019-06-10 16:10:00,24.4322175732,15.6691666898,755.387117928,  ,  ,0.112500559326,0.80000397743,58.179916318,0.0,  ,  ,0.0,  ,  
2019-06-10 16:15:00,24.66625,15.8786274438,755.330206341,  ,  ,0.0,2.10001044075,58.1458333333,0.0,  ,  ,0.0,  ,  
2019-06-10 16:20:00,24.8654166667,15.8350076997,755.237105592,  ,  ,0.0,0.600002983073,57.3,0.0,  ,  ,0.0,  ,  
2019-06-10 16:25:00,24.9,16.0361539433,755.237105592,  ,  ,0.0,0.600002983073,57.9208333333,0.0,  ,  ,0.0,  ,  
2019-06-10 16:30:00,24.8845833333,16.243742614,755.208675534,  ,  ,0.0,0.900004474609,58.7458333333,0.0,  ,  ,0.0,  ,  
2019-06-10 16:35:00,24.8033333333,16.0661314845,755.162099424,  ,  ,0.0,1.10000546897,58.3666666667,0.0,  ,  ,0.0,  ,  
2019-06-10 16:40:00,24.7933333333,15.9995853262,755.162099424,  ,  ,0.0,0.600002983073,58.1541666667,0.0,  ,  ,0.0,  ,  
2019-06-10 16:45:00,24.9354166667,16.1693777731,755.105285607,  ,  ,0.0,1.30000646332,58.2916666667,0.0,  ,  ,0.0,  ,  
2019-06-10 16:50:00,24.86125,16.2975129437,755.012087088,  ,  ,0.0,2.90001441819,59.0291666667,0.0,  ,  ,0.0,  ,  
2019-06-10 16:55:00,24.76,16.4154329931,755.012087088,  ,  ,0.0,0.600002983073,59.8333333333,0.0,  ,  ,0.0,  ,  
2019-06-10 17:00:00,24.7745833333,16.3357394562,755.012087088,  ,  ,0.0,0.0,59.4791666667,0.0,  ,  ,0.0,  ,  
2019-06-10 17:05:00,24.7420833333,16.3723312495,755.012087088,  ,  ,0.0,0.600002983073,59.7333333333,0.0,  ,  ,0.0,  ,  
2019-06-10 17:10:00,24.9916666667,16.4971187802,755.012087088,  ,  ,0.0,1.30000646332,59.3208333333,0.0,  ,  ,0.0,  ,  
2019-06-10 17:15:00,25.2875,16.6507066993,755.012087088,  ,  ,0.0,2.80001392101,58.8583333333,0.0,  ,  ,0.0,  ,  
2019-06-10 17:20:00,25.645,16.7531835619,755.012087088,  ,  ,0.0,1.60000795486,58.0,0.0,  ,  ,0.0,  ,  
2019-06-10 17:25:00,25.9595833333,16.8309386302,755.012087088,  ,  ,0.0,0.0,57.2125,0.0,  ,  ,0.0,  ,  
2019-06-10 17:30:00,26.1366666667,16.9556431969,754.983726547,  ,  ,0.0,1.4000069605,57.0666666667,0.0,  ,  ,0.0,  ,  
2019-06-10 17:35:00,25.9804166667,16.553640666,754.93708092,  ,  ,0.0,1.80000894922,56.1458333333,0.0,  ,  ,0.0,  ,  
2019-06-10 17:40:00,25.6958333333,16.5288293377,754.93708092,  ,  ,0.0,0.0,57.0083333333,0.0,  ,  ,0.0,  ,  
2019-06-10 17:45:00,25.5358333333,16.68745564,754.908625127,  ,  ,0.0,0.80000397743,58.1333333333,0.0,  ,  ,0.0,  ,  
2019-06-10 17:50:00,25.36125,16.6110883985,754.862074752,  ,  ,0.0,1.30000646332,58.4541666667,0.0,  ,  ,0.0,  ,  
2019-06-10 17:55:00,25.3708333333,16.7130202233,754.862074752,  ,  ,0.0,1.9000094464,58.8,0.0,  ,  ,0.0,  ,  
2019-06-10 18:00:00,25.6225941423,16.7799818833,754.833802909,  ,  ,0.0,2.60001292665,58.1757322176,0.0,  ,  ,0.0,  ,  
2019-06-10 18:05:00,25.6520833333,16.9704544814,754.787068584,  ,  ,0.0,1.9000094464,58.7791666667,0.0,  ,  ,0.0,  ,  
2019-06-10 18:10:00,25.79,16.7153150171,754.787068584,  ,  ,0.487502423747,2.30001143511,57.3666666667,0.0,  ,  ,0.0,  ,  
2019-06-10 18:15:00,25.6345833333,16.6798995374,754.75878757,  ,  ,0.600002983073,2.40001193229,57.7666666667,0.0,  ,  ,0.0,  ,  
2019-06-10 18:20:00,25.5591666667,16.5149580638,754.712062416,  ,  ,0.600002983073,1.60000795486,57.4208333333,0.0,  ,  ,0.0,  ,  
2019-06-10 18:25:00,25.4,16.6832138112,754.712062416,  ,  ,0.600002983073,0.600002983073,58.5875,0.0,  ,  ,0.0,  ,  
2019-06-10 18:30:00,25.2783333333,16.6265074917,754.683632358,  ,  ,0.112500559326,0.900004474609,58.8,0.0,  ,  ,0.0,  ,  
2019-06-10 18:35:00,24.785,16.3741093407,754.637056248,  ,  ,0.0,0.900004474609,59.5875,0.0,  ,  ,0.0,  ,  
2019-06-10 18:40:00,24.6808333333,16.5642611262,754.637056248,  ,  ,0.0,0.0,60.6875,0.0,  ,  ,0.0,  ,  
2019-06-10 18:45:00,24.83875,16.4607339313,754.637056248,  ,  ,0.0,0.600002983073,59.725,0.0,  ,  ,0.0,  ,  
2019-06-10 18:50:00,25.0895833333,16.7298694763,754.637056248,  ,  ,0.0,1.30000646332,59.8541666667,0.0,  ,  ,0.0,  ,  
2019-06-10 18:55:00,25.3275,16.9154552865,754.637056248,  ,  ,0.0,0.80000397743,59.7125,0.0,  ,  ,0.0,  ,  
2019-06-10 19:00:00,25.4420833333,16.9698079916,754.608764777,  ,  ,0.0,0.600002983073,59.5125,0.0,  ,  ,0.0,  ,  
2019-06-10 19:05:00,25.44125,16.6678664404,754.56205008,  ,  ,0.0,0.0,58.3875,0.0,  ,  ,0.0,  ,  
2019-06-10 19:10:00,25.4120833333,16.8051663407,754.56205008,  ,  ,0.0,0.80000397743,59.0,0.0,  ,  ,0.0,  ,  
2019-06-10 19:15:00,25.5854166667,17.0796804575,754.56205008,  ,  ,0.0,0.600002983073,59.4208333333,0.0,  ,  ,0.0,  ,  
2019-06-10 19:20:00,25.5745833333,17.1613261721,754.56205008,  ,  ,0.0,0.0,59.7666666667,0.0,  ,  ,0.0,  ,  
2019-06-10 19:25:00,25.42125,17.0704453923,754.56205008,  ,  ,0.0,0.0,59.9666666667,0.0,  ,  ,0.0,  ,  
2019-06-10 19:30:00,25.38125,17.0065650486,754.533792289,  ,  ,0.0,0.0,59.8666666667,0.0,  ,  ,0.0,  ,  
2019-06-10 19:35:00,25.27125,16.8946610755,754.487043912,  ,  ,0.0,0.0,59.8333333333,0.0,  ,  ,0.0,  ,  
2019-06-10 19:40:00,25.1425,16.9543321449,754.487043912,  ,  ,0.0,0.0,60.5208333333,0.0,  ,  ,0.0,  ,  
2019-06-10 19:45:00,24.8858333333,16.8604309091,754.487043912,  ,  ,0.0,0.0,61.0875,0.0,  ,  ,0.0,  ,  
2019-06-10 19:50:00,24.6570833333,16.7686334287,754.487043912,  ,  ,0.0,0.0,61.5666666667,0.0,  ,  ,0.0,  ,  
2019-06-10 19:55:00,24.4245833333,16.8343170976,754.487043912,  ,  ,0.0,0.0,62.6875,0.0,  ,  ,0.0,  ,  
2019-06-10 20:00:00,24.3079166667,16.8027442862,754.487043912,  ,  ,0.0,0.0,63.0,0.0,  ,  ,0.0,  ,  
2019-06-10 20:05:00,24.2079166667,16.7583737825,754.487043912,  ,  ,0.0,0.0,63.2,0.0,  ,  ,0.0,  ,  
2019-06-10 20:10:00,24.0825,16.6783873765,754.487043912,  ,  ,0.0,0.0,63.3541666667,0.0,  ,  ,0.0,  ,  
2019-06-10 20:15:00,23.9045833333,16.7326411427,754.515362187,  ,  ,0.0,0.0,64.2541666667,0.0,  ,  ,0.0,  ,  
2019-06-10 20:20:00,23.7825,17.2011868728,754.56205008,  ,  ,0.0,0.0,66.675,0.0,  ,  ,0.0,  ,  
2019-06-10 20:25:00,23.6191666667,17.5928210879,754.56205008,  ,  ,0.0,0.0,69.0166666667,0.0,  ,  ,0.0,  ,  
2019-06-10 20:30:00,23.2783333333,17.7244332418,754.618612108,  ,  ,0.0,0.0,71.0333333333,0.0,  ,  ,0.0,  ,  
2019-06-10 20:35:00,22.80625,17.461650405,754.712062416,  ,  ,0.0,0.0,71.8875,0.0,  ,  ,0.0,  ,  
2019-06-10 20:40:00,22.2929166667,17.3191998444,754.712062416,  ,  ,0.0,0.0,73.4958333333,0.0,  ,  ,0.0,  ,  
2019-06-10 20:45:00,21.8429166667,17.2767238573,754.740306169,  ,  ,0.0,0.0,75.3333333333,0.0,  ,  ,0.0,  ,  
2019-06-10 20:50:00,21.46375,17.026567049,754.787068584,  ,  ,0.0,0.0,75.8875,0.0,  ,  ,0.0,  ,  
2019-06-10 20:55:00,21.1770833333,16.9177038953,754.787068584,  ,  ,0.0,0.0,76.7,0.0,  ,  ,0.0,  ,  
2019-06-10 21:00:00,20.8704166667,16.7702068378,754.815303129,  ,  ,0.0,0.0,77.4291666667,0.0,  ,  ,0.0,  ,  
2019-06-10 21:05:00,20.545,16.8022065927,754.862074752,  ,  ,0.0,0.0,79.1541666667,0.0,  ,  ,0.0,  ,  
2019-06-10 21:10:00,20.1925,16.6837506066,754.862074752,  ,  ,0.0,0.0,80.2875,0.0,  ,  ,0.0,  ,  
2019-06-10 21:15:00,19.9170833333,16.6106393849,754.890464587,  ,  ,0.0,0.0,81.2875,0.0,  ,  ,0.0,  ,  
2019-06-10 21:20:00,19.6604166667,16.4786037623,754.93708092,  ,  ,0.0,0.0,81.9,0.0,  ,  ,0.0,  ,  
2019-06-10 21:25:00,19.3170833333,16.2368924492,754.93708092,  ,  ,0.0,0.0,82.3875,0.0,  ,  ,0.0,  ,  
2019-06-10 21:30:00,19.0304166667,16.1964196864,754.93708092,  ,  ,0.0,0.0,83.6541666667,0.0,  ,  ,0.0,  ,  
2019-06-10 21:35:00,18.7791666667,16.0402326795,754.93708092,  ,  ,0.0,0.0,84.1333333333,0.0,  ,  ,0.0,  ,  
2019-06-10 21:40:00,18.5070833333,15.9075203979,754.93708092,  ,  ,0.0,0.0,84.8541666667,0.0,  ,  ,0.0,  ,  
2019-06-10 21:45:00,18.37125,15.8602977043,754.965399195,  ,  ,0.0,0.0,85.3208333333,0.0,  ,  ,0.0,  ,  
2019-06-10 21:50:00,18.2258333333,15.8053611227,755.012087088,  ,  ,0.0,0.0,85.8,0.0,  ,  ,0.0,  ,  
2019-06-10 21:55:00,18.0645833333,15.8021269106,755.012087088,  ,  ,0.0,0.0,86.6541666667,0.0,  ,  ,0.0,  ,  
2019-06-10 22:00:00,17.8558333333,15.6750391037,755.012087088,  ,  ,0.0,0.0,87.0875,0.0,  ,  ,0.0,  ,  
2019-06-10 22:05:00,17.6825,15.667547348,755.012087088,  ,  ,0.0,0.0,88.0,0.0,  ,  ,0.0,  ,  
2019-06-10 22:10:00,17.5125,15.5002184661,755.012087088,  ,  ,0.0,0.0,88.0,0.0,  ,  ,0.0,  ,  
2019-06-10 22:15:00,17.3479166667,15.3382194672,755.040279835,  ,  ,0.0,0.0,88.0,0.0,  ,  ,0.0,  ,  
2019-06-10 22:20:00,17.1925,15.3006720706,755.087093256,  ,  ,0.0,0.0,88.6541666667,0.0,  ,  ,0.0,  ,  
2019-06-10 22:25:00,17.0845833333,15.4039918941,755.087093256,  ,  ,0.0,0.0,89.8541666667,0.0,  ,  ,0.0,  ,  
2019-06-10 22:30:00,16.9345833333,15.2754685603,755.143629437,  ,  ,0.0,0.0,89.9666666667,0.0,  ,  ,0.0,  ,  
2019-06-10 22:35:00,16.8345833333,15.1825378222,755.237105592,  ,  ,0.0,0.0,90.0,0.0,  ,  ,0.0,  ,  
2019-06-10 22:40:00,16.7345833333,15.0838314491,755.237105592,  ,  ,0.0,0.0,90.0,0.0,  ,  ,0.0,  ,  
2019-06-10 22:45:00,16.6645833333,15.1102728987,755.265400662,  ,  ,0.0,0.0,90.5541666667,0.0,  ,  ,0.0,  ,  
2019-06-10 22:50:00,16.6520833333,15.1651317398,755.31211176,  ,  ,0.0,0.0,90.9458333333,0.0,  ,  ,0.0,  ,  
2019-06-10 22:55:00,16.8108333333,15.1150548275,755.31211176,  ,  ,0.0,0.0,89.7458333333,0.0,  ,  ,0.0,  ,  
2019-06-10 23:00:00,16.9520833333,15.1280624184,755.31211176,  ,  ,0.0,0.0,89.0208333333,0.0,  ,  ,0.0,  ,  
2019-06-10 23:05:00,17.0,15.3458135093,755.31211176,  ,  ,0.0,0.0,90.0,0.0,  ,  ,0.0,  ,  
2019-06-10 23:10:00,17.0,15.3458135093,755.31211176,  ,  ,0.0,0.0,90.0,0.0,  ,  ,0.0,  ,  
2019-06-10 23:15:00,16.9945833333,15.3404669721,755.31211176,  ,  ,0.0,0.0,90.0,0.0,  ,  ,0.0,  ,  
2019-06-10 23:20:00,16.9,15.2471079689,755.31211176,  ,  ,0.0,0.0,90.0,0.0,  ,  ,0.0,  ,  
2019-06-10 23:25:00,16.8545833333,15.2022790364,755.31211176,  ,  ,0.0,0.0,90.0,0.0,  ,  ,0.0,  ,  
2019-06-10 23:30:00,16.7058333333,15.0554532737,755.31211176,  ,  ,0.0,0.0,90.0,0.0,  ,  ,0.0,  ,  
2019-06-10 23:35:00,16.5158333333,15.0204869647,755.31211176,  ,  ,0.0,0.0,90.8875,0.0,  ,  ,0.0,  ,  
2019-06-10 23:40:00,16.4,14.934493436,755.31211176,  ,  ,0.0,0.0,91.0541666667,0.0,  ,  ,0.0,  ,  
2019-06-10 23:45:00,16.33,15.0259818014,755.31211176,  ,  ,0.0,0.0,92.0,0.0,  ,  ,0.0,  ,  
2019-06-10 23:50:00,16.34125,14.9601351894,755.31211176,  ,  ,0.0,0.0,91.5458333333,0.0,  ,  ,0.0,  ,  
  

    

