Time,TemperatureC,DewpointC,PressurehPa,WindDirection,WindDirectionDegrees,WindSpeedKMH,WindSpeedGustKMH,Humidity,HourlyPrecipMM,Conditions,Clouds,dailyrainMM,SoftwareType,DateUTC
                
2019-11-10 00:00:00,4.8,4.36444818028,754.66333823,  ,  ,1.03542181454,6.30003132226,97.0,0.0,  ,  ,0.0,  ,  
2019-11-10 00:05:00,4.8,4.5078979476,754.637056248,  ,  ,1.10000546897,1.9000094464,97.9791666667,0.0,  ,  ,0.0,  ,  
2019-11-10 00:10:00,4.79333333333,4.50428552585,754.637056248,  ,  ,0.838754170087,7.30003629405,98.0,0.0,  ,  ,0.0,  ,  
2019-11-10 00:15:00,4.74541666667,4.4564830115,754.685694806,  ,  ,0.80000397743,5.60002784201,98.0,0.0,  ,  ,0.0,  ,  
2019-11-10 00:20:00,4.71,4.42115070381,754.712062416,  ,  ,0.80000397743,1.4000069605,98.0,0.0,  ,  ,0.0,  ,  
2019-11-10 00:25:00,4.77458333333,4.48558019683,754.712062416,  ,  ,0.80000397743,5.80002883637,98.0,0.0,  ,  ,0.0,  ,  
2019-11-10 00:30:00,4.79666666667,4.50761091732,754.712062416,  ,  ,0.625836444844,8.0000397743,98.0,0.0,  ,  ,0.0,  ,  
2019-11-10 00:35:00,4.8,4.51093630867,754.712062416,  ,  ,0.600002983073,3.80001889279,98.0,0.0,  ,  ,0.0,  ,  
2019-11-10 00:40:00,4.8,4.51093630867,754.712062416,  ,  ,0.774170515659,0.900004474609,98.0,0.0,  ,  ,0.0,  ,  
2019-11-10 00:45:00,4.8,4.51093630867,754.712062416,  ,  ,0.80000397743,0.900004474609,98.0,0.0,  ,  ,0.0,  ,  
2019-11-10 00:50:00,4.8,4.51093630867,754.712062416,  ,  ,0.103333847085,0.80000397743,98.0,0.0,  ,  ,0.0,  ,  
2019-11-10 00:55:00,4.8,4.51093630867,754.712062416,  ,  ,0.0,6.30003132226,98.0,0.0,  ,  ,0.0,  ,  
2019-11-10 01:00:00,4.8,4.51093630867,754.712062416,  ,  ,0.783753896639,4.50002237305,98.0,0.0,  ,  ,0.0,  ,  
2019-11-10 01:05:00,4.8,4.51093630867,754.712062416,  ,  ,0.900004474609,4.30002137869,98.0,0.0,  ,  ,0.0,  ,  
2019-11-10 01:10:00,4.8,4.51093630867,754.712062416,  ,  ,0.900004474609,0.900004474609,98.0,0.0,  ,  ,0.0,  ,  
2019-11-10 01:15:00,4.8,4.51093630867,754.663476331,  ,  ,0.900004474609,1.10000546897,98.0,0.0,  ,  ,0.0,  ,  
2019-11-10 01:20:00,4.8,4.51093630867,754.637056248,  ,  ,0.11625057797,1.30000646332,98.0,0.0,  ,  ,0.0,  ,  
2019-11-10 01:25:00,4.80666666667,4.51758709106,754.637056248,  ,  ,0.0,1.10000546897,98.0,0.0,  ,  ,0.0,  ,  
2019-11-10 01:30:00,4.80666666667,4.51758709106,754.637056248,  ,  ,0.0,0.0,98.0,0.0,  ,  ,0.0,  ,  
2019-11-10 01:35:00,4.81333333333,4.52423787301,754.637056248,  ,  ,0.0,0.0,98.0,0.0,  ,  ,0.0,  ,  
2019-11-10 01:40:00,4.82,4.53088865452,754.637056248,  ,  ,0.0,0.0,98.0,0.0,  ,  ,0.0,  ,  
2019-11-10 01:45:00,4.83791666667,4.54876262768,754.539852461,  ,  ,0.0,0.0,98.0,0.0,  ,  ,0.0,  ,  
2019-11-10 01:50:00,4.86333333333,4.57411872373,754.487043912,  ,  ,0.0,0.0,98.0,0.0,  ,  ,0.0,  ,  
2019-11-10 01:55:00,4.9,4.61069799868,754.487043912,  ,  ,0.0,0.0,98.0,0.0,  ,  ,0.0,  ,  
2019-11-10 02:00:00,4.9,4.61069799868,754.438428803,  ,  ,0.0,5.10002535612,98.0,0.0,  ,  ,0.0,  ,  
2019-11-10 02:05:00,4.9,4.61069799868,754.412037744,  ,  ,0.0,3.60001789844,98.0,0.0,  ,  ,0.0,  ,  
2019-11-10 02:10:00,4.9,4.61069799868,754.412037744,  ,  ,0.522502597759,4.50002237305,98.0,0.0,  ,  ,0.0,  ,  
2019-11-10 02:15:00,4.93125,4.6418735067,754.412037744,  ,  ,0.600002983073,5.10002535612,98.0,0.0,  ,  ,0.0,  ,  
2019-11-10 02:20:00,4.96333333333,4.59886993927,754.412037744,  ,  ,0.861254281952,6.00002983073,97.4875,0.0,  ,  ,0.0,  ,  
2019-11-10 02:25:00,4.99,4.5537660126,754.412037744,  ,  ,0.900004474609,5.80002883637,97.0,0.0,  ,  ,0.0,  ,  
2019-11-10 02:30:00,4.99666666667,4.56040873388,754.314833957,  ,  ,1.33542330608,6.00002983073,97.0,0.0,  ,  ,0.0,  ,  
2019-11-10 02:35:00,5.0,4.56373009427,754.262025408,  ,  ,1.4000069605,4.80002386458,97.0,0.0,  ,  ,0.0,  ,  
2019-11-10 02:40:00,5.00791666667,4.57161832456,754.262025408,  ,  ,0.964588129037,5.10002535612,97.0,0.0,  ,  ,0.0,  ,  
2019-11-10 02:45:00,5.1,4.66337082987,754.310614073,  ,  ,0.900004474609,5.00002485894,97.0,0.0,  ,  ,0.0,  ,  
2019-11-10 02:50:00,5.1,4.66337082987,754.337031576,  ,  ,1.0741720072,4.50002237305,97.0,0.0,  ,  ,0.0,  ,  
2019-11-10 02:55:00,5.1,4.66337082987,754.337031576,  ,  ,1.10000546897,1.10000546897,97.0,0.0,  ,  ,0.0,  ,  
2019-11-10 03:00:00,5.1,4.66337082987,754.482777094,  ,  ,0.838754170087,3.40001690408,97.0,0.0,  ,  ,0.0,  ,  
2019-11-10 03:05:00,5.1,4.66337082987,754.56205008,  ,  ,0.80000397743,4.10002038433,97.0,0.0,  ,  ,0.0,  ,  
2019-11-10 03:10:00,5.13,4.69326302177,754.56205008,  ,  ,0.625836444844,5.00002485894,97.0,0.0,  ,  ,0.0,  ,  
2019-11-10 03:15:00,5.19458333333,4.75761422314,754.56205008,  ,  ,0.600002983073,4.50002237305,97.0,0.0,  ,  ,0.0,  ,  
2019-11-10 03:20:00,5.2,4.76301141788,754.56205008,  ,  ,0.600002983073,4.30002137869,97.0,0.0,  ,  ,0.0,  ,  
2019-11-10 03:25:00,5.2,4.76301141788,754.56205008,  ,  ,0.600002983073,0.600002983073,97.0,0.0,  ,  ,0.0,  ,  
2019-11-10 03:30:00,5.2,4.76301141788,754.610675539,  ,  ,0.0775003853136,0.600002983073,97.0,0.0,  ,  ,0.0,  ,  
2019-11-10 03:35:00,5.2,4.76301141788,754.637056248,  ,  ,0.0,0.0,97.0,0.0,  ,  ,0.0,  ,  
2019-11-10 03:40:00,5.2,4.79435419915,754.637056248,  ,  ,0.0,0.0,97.2125,0.0,  ,  ,0.0,  ,  
2019-11-10 03:45:00,5.2,4.90998248025,754.539831553,  ,  ,0.0,0.0,98.0,0.0,  ,  ,0.0,  ,  
2019-11-10 03:50:00,5.2,4.90998248025,754.487043912,  ,  ,0.0,0.0,98.0,0.0,  ,  ,0.0,  ,  
2019-11-10 03:55:00,5.2,4.90998248025,754.487043912,  ,  ,0.0,0.0,98.0,0.0,  ,  ,0.0,  ,  
2019-11-10 04:00:00,5.2,4.90998248025,754.487043912,  ,  ,0.0,0.0,98.0,0.0,  ,  ,0.0,  ,  
2019-11-10 04:05:00,5.2,4.90998248025,754.487043912,  ,  ,0.0,0.0,98.0,0.0,  ,  ,0.0,  ,  
2019-11-10 04:10:00,5.2,4.90998248025,754.487043912,  ,  ,0.0,0.0,98.0,0.0,  ,  ,0.0,  ,  
2019-11-10 04:15:00,5.2,4.90998248025,754.389744658,  ,  ,0.0,0.0,98.0,0.0,  ,  ,0.0,  ,  
2019-11-10 04:20:00,5.2,4.90998248025,754.337031576,  ,  ,0.0,0.0,98.0,0.0,  ,  ,0.0,  ,  
2019-11-10 04:25:00,5.2,4.90998248025,754.337031576,  ,  ,0.0,1.9000094464,98.0,0.0,  ,  ,0.0,  ,  
2019-11-10 04:30:00,5.2,4.90998248025,754.337031576,  ,  ,0.0,1.10000546897,98.0,0.0,  ,  ,0.0,  ,  
2019-11-10 04:35:00,5.2,4.97022305407,754.337031576,  ,  ,0.0,2.90001441819,98.4125,0.0,  ,  ,0.0,  ,  
2019-11-10 04:40:00,5.2,5.05563700158,754.337031576,  ,  ,0.696670130346,1.9000094464,99.0,0.0,  ,  ,0.0,  ,  
2019-11-10 04:45:00,5.2,5.05563700158,754.337031576,  ,  ,0.80000397743,1.60000795486,99.0,0.0,  ,  ,0.0,  ,  
2019-11-10 04:50:00,5.2,5.05563700158,754.337031576,  ,  ,0.80000397743,2.40001193229,99.0,0.0,  ,  ,0.0,  ,  
2019-11-10 04:55:00,5.2,5.05563700158,754.337031576,  ,  ,0.80000397743,2.40001193229,99.0,0.0,  ,  ,0.0,  ,  
2019-11-10 05:00:00,5.2,5.05563700158,754.239806881,  ,  ,1.06125527631,2.40001193229,99.0,0.0,  ,  ,0.0,  ,  
2019-11-10 05:05:00,5.2,5.05563700158,754.18701924,  ,  ,1.10000546897,2.60001292665,99.0,0.0,  ,  ,0.0,  ,  
2019-11-10 05:10:00,5.2,5.05563700158,754.18701924,  ,  ,1.10000546897,3.90001938997,99.0,0.0,  ,  ,0.0,  ,  
2019-11-10 05:15:00,5.2,5.05563700158,754.284243935,  ,  ,1.10000546897,2.90001441819,99.0,0.0,  ,  ,0.0,  ,  
2019-11-10 05:20:00,5.2,5.05563700158,754.337031576,  ,  ,1.36125676785,2.60001292665,99.0,0.0,  ,  ,0.0,  ,  
2019-11-10 05:25:00,5.2,5.05563700158,754.337031576,  ,  ,1.4000069605,4.50002237305,99.0,0.0,  ,  ,0.0,  ,  
2019-11-10 05:30:00,5.20333333333,5.05896637385,754.239780658,  ,  ,1.31292319421,3.60001789844,99.0,0.0,  ,  ,0.0,  ,  
2019-11-10 05:35:00,5.25125,5.10682609433,754.18701924,  ,  ,1.30000646332,3.10001541254,99.0,0.0,  ,  ,0.0,  ,  
2019-11-10 05:40:00,5.27333333333,5.12888317912,754.18701924,  ,  ,1.38709022962,3.80001889279,99.0,0.0,  ,  ,0.0,  ,  
2019-11-10 05:45:00,5.29666666667,5.15218877556,754.18701924,  ,  ,1.4000069605,3.3000164069,99.0,0.0,  ,  ,0.0,  ,  
2019-11-10 05:50:00,5.29666666667,5.15218877556,754.18701924,  ,  ,1.57417449309,2.40001193229,99.0,0.0,  ,  ,0.0,  ,  
2019-11-10 05:55:00,5.24541666667,5.10099969418,754.18701924,  ,  ,1.60000795486,3.40001690408,99.0,0.0,  ,  ,0.0,  ,  
2019-11-10 06:00:00,5.26791666667,5.123472951,754.138393781,  ,  ,1.16458912339,3.60001789844,99.0,0.0,  ,  ,0.0,  ,  
2019-11-10 06:05:00,5.3,5.15551814626,754.112013072,  ,  ,1.10000546897,4.10002038433,99.0,0.0,  ,  ,0.0,  ,  
2019-11-10 06:10:00,5.3,5.15551814626,754.112013072,  ,  ,1.27417300155,2.90001441819,99.0,0.0,  ,  ,0.0,  ,  
2019-11-10 06:15:00,5.3,5.15551814626,754.014713818,  ,  ,1.30000646332,2.90001441819,99.0,0.0,  ,  ,0.0,  ,  
2019-11-10 06:20:00,5.3,5.15551814626,753.962000736,  ,  ,1.12583893074,3.60001789844,99.0,0.0,  ,  ,0.0,  ,  
2019-11-10 06:25:00,5.3,5.15551814626,753.962000736,  ,  ,1.10000546897,3.90001938997,99.0,0.0,  ,  ,0.0,  ,  
2019-11-10 06:30:00,5.3,5.15551814626,753.913388389,  ,  ,1.27417300155,2.60001292665,99.0,0.0,  ,  ,0.0,  ,  
2019-11-10 06:35:00,5.3,5.15551814626,753.886994568,  ,  ,1.30000646332,2.90001441819,99.0,0.0,  ,  ,0.0,  ,  
2019-11-10 06:40:00,5.32666666667,5.18215310992,753.886994568,  ,  ,1.12583893074,3.10001541254,99.0,0.0,  ,  ,0.0,  ,  
2019-11-10 06:45:00,5.31333333333,5.16883562853,753.886994568,  ,  ,1.10000546897,3.80001889279,99.0,0.0,  ,  ,0.254,  ,  
2019-11-10 06:50:00,5.3,5.15551814626,753.886994568,  ,  ,0.92583793638,4.10002038433,99.0,0.0,  ,  ,0.254,  ,  
2019-11-10 06:55:00,5.3,5.15551814626,753.886994568,  ,  ,0.900004474609,2.60001292665,99.0,0.0,  ,  ,0.254,  ,  
2019-11-10 07:00:00,5.38458333333,5.24000090965,753.935606915,  ,  ,1.24833953978,3.3000164069,99.0,0.0,  ,  ,0.254,  ,  
2019-11-10 07:05:00,5.4,5.25539924207,753.962000736,  ,  ,1.30000646332,2.30001143511,99.0,0.0,  ,  ,0.254,  ,  
2019-11-10 07:10:00,5.4,5.25539924207,753.962000736,  ,  ,1.30000646332,2.90001441819,99.0,0.0,  ,  ,0.254,  ,  
2019-11-10 07:15:00,5.4,5.25539924207,753.962000736,  ,  ,1.30000646332,3.3000164069,99.0,0.0,  ,  ,0.254,  ,  
2019-11-10 07:20:00,5.4,5.25539924207,753.962000736,  ,  ,1.30000646332,3.90001938997,99.0,0.0,  ,  ,0.254,  ,  
2019-11-10 07:25:00,5.4,5.25539924207,753.962000736,  ,  ,1.30000646332,2.60001292665,99.0,0.0,  ,  ,0.254,  ,  
2019-11-10 07:30:00,5.40125,5.25664775546,754.059251654,  ,  ,0.864587631858,2.10001044075,99.0,0.0,  ,  ,0.254,  ,  
2019-11-10 07:35:00,5.46333333333,5.31865724413,754.112013072,  ,  ,0.80000397743,2.10001044075,99.0,0.0,  ,  ,0.254,  ,  
2019-11-10 07:40:00,5.5,5.355280289,754.112013072,  ,  ,0.625836444844,2.40001193229,99.0,0.0,  ,  ,0.254,  ,  
2019-11-10 07:45:00,5.51,5.365268391,754.063400725,  ,  ,0.600002983073,2.40001193229,99.0,0.0,  ,  ,0.254,  ,  
2019-11-10 07:50:00,5.52,5.37525649252,754.037006904,  ,  ,0.774170515659,2.10001044075,99.0,0.0,  ,  ,0.254,  ,  
2019-11-10 07:55:00,5.57791666667,5.43310423752,754.037006904,  ,  ,0.80000397743,2.60001292665,99.0,0.0,  ,  ,0.254,  ,  
2019-11-10 08:00:00,5.6,5.45516128705,754.085632363,  ,  ,0.625836444844,2.40001193229,99.0,0.0,  ,  ,0.254,  ,  
2019-11-10 08:05:00,5.6,5.45516128705,754.112013072,  ,  ,0.600002983073,2.80001392101,99.0,0.0,  ,  ,0.254,  ,  
2019-11-10 08:10:00,5.6,5.45516128705,754.112013072,  ,  ,0.774170515659,1.4000069605,99.0,0.0,  ,  ,0.254,  ,  
2019-11-10 08:15:00,5.6,5.45516128705,754.112013072,  ,  ,0.80000397743,1.80000894922,99.0,0.0,  ,  ,0.254,  ,  
2019-11-10 08:20:00,5.6,5.45516128705,754.112013072,  ,  ,0.103333847085,1.4000069605,99.0,0.0,  ,  ,0.254,  ,  
2019-11-10 08:25:00,5.62791666667,5.48304472361,754.112013072,  ,  ,0.0,2.80001392101,99.0,0.0,  ,  ,0.254,  ,  
2019-11-10 08:30:00,5.7,5.55504223622,754.063400725,  ,  ,0.522502597759,1.30000646332,99.0,0.0,  ,  ,0.254,  ,  
2019-11-10 08:35:00,5.7,5.55504223622,754.037006904,  ,  ,0.600002983073,1.4000069605,99.0,0.0,  ,  ,0.254,  ,  
2019-11-10 08:40:00,5.7,5.55504223622,754.037006904,  ,  ,0.0775003853136,2.90001441819,99.0,0.0,  ,  ,0.508,  ,  
2019-11-10 08:45:00,5.70333333333,5.55837160035,754.037006904,  ,  ,0.0,2.80001392101,99.0,0.0,  ,  ,0.508,  ,  
2019-11-10 08:50:00,5.7,5.55504223622,754.037006904,  ,  ,0.783753896639,2.40001193229,99.0,0.0,  ,  ,0.508,  ,  
2019-11-10 08:55:00,5.70333333333,5.55837160035,754.037006904,  ,  ,0.900004474609,2.90001441819,99.0,0.0,  ,  ,0.508,  ,  
2019-11-10 09:00:00,5.78125,5.63619547143,754.037006904,  ,  ,0.900004474609,2.40001193229,99.0,0.0,  ,  ,0.508,  ,  
2019-11-10 09:05:00,5.8,5.65492313652,754.037006904,  ,  ,0.900004474609,3.3000164069,99.0,0.0,  ,  ,0.508,  ,  
2019-11-10 09:10:00,5.8,5.65492313652,754.037006904,  ,  ,1.0741720072,2.80001392101,99.0,0.0,  ,  ,0.508,  ,  
2019-11-10 09:15:00,5.8,5.65492313652,754.085632363,  ,  ,1.10000546897,2.80001392101,99.0,0.0,  ,  ,0.508,  ,  
2019-11-10 09:20:00,5.86458333333,5.71942952531,754.112013072,  ,  ,1.27417300155,2.40001193229,99.0,0.0,  ,  ,0.508,  ,  
2019-11-10 09:25:00,5.9,5.75480398793,754.112013072,  ,  ,1.30000646332,3.40001690408,99.0,0.0,  ,  ,0.508,  ,  
2019-11-10 09:30:00,5.9,5.75480398793,754.112013072,  ,  ,1.30000646332,2.40001193229,99.0,0.0,  ,  ,0.508,  ,  
2019-11-10 09:35:00,5.95791666667,5.81265162536,754.112013072,  ,  ,1.30000646332,1.30000646332,99.0,0.0,  ,  ,0.508,  ,  
2019-11-10 09:40:00,6.05458333333,5.90920304124,754.112013072,  ,  ,0.167917501513,3.10001541254,99.0,0.0,  ,  ,0.508,  ,  
2019-11-10 09:45:00,6.1,5.95456554413,754.112013072,  ,  ,0.0,3.40001690408,99.0,0.0,  ,  ,0.508,  ,  
2019-11-10 09:50:00,6.1,5.95456554413,754.112013072,  ,  ,0.957921429225,2.60001292665,99.0,0.0,  ,  ,0.508,  ,  
2019-11-10 09:55:00,6.1,5.95456554413,754.112013072,  ,  ,1.10000546897,2.60001292665,99.0,0.0,  ,  ,0.762,  ,  
2019-11-10 10:00:00,6.13458333333,5.98910762673,754.112013072,  ,  ,0.92583793638,2.90001441819,99.0,0.0,  ,  ,0.762,  ,  
2019-11-10 10:05:00,6.2,6.05444624892,754.112013072,  ,  ,0.900004474609,2.40001193229,99.0,0.0,  ,  ,0.762,  ,  
2019-11-10 10:10:00,6.2,6.05444624892,754.112013072,  ,  ,0.900004474609,2.40001193229,99.0,0.0,  ,  ,0.762,  ,  
2019-11-10 10:15:00,6.2,6.05444624892,754.112013072,  ,  ,0.900004474609,2.30001143511,99.0,0.0,  ,  ,0.762,  ,  
2019-11-10 10:20:00,6.25125,6.10563509118,754.112013072,  ,  ,0.900004474609,1.9000094464,99.0,0.0,  ,  ,0.762,  ,  
2019-11-10 10:25:00,6.3,6.15432690482,754.112013072,  ,  ,0.900004474609,2.60001292665,99.0,0.0,  ,  ,0.762,  ,  
2019-11-10 10:30:00,6.3,6.15432690482,754.160625419,  ,  ,0.900004474609,2.80001392101,99.0,0.0,  ,  ,0.762,  ,  
2019-11-10 10:35:00,6.3,6.15432690482,754.18701924,  ,  ,0.900004474609,2.60001292665,99.0,0.0,  ,  ,0.762,  ,  
2019-11-10 10:40:00,6.31,6.16431496773,754.18701924,  ,  ,0.812920708316,2.40001193229,99.0,0.0,  ,  ,0.762,  ,  
2019-11-10 10:45:00,6.39125,6.24546796069,754.18701924,  ,  ,0.80000397743,2.30001143511,99.0,0.0,  ,  ,0.762,  ,  
2019-11-10 10:50:00,6.4,6.25420751185,754.18701924,  ,  ,0.887087743724,2.40001193229,99.0,0.0,  ,  ,0.762,  ,  
2019-11-10 10:55:00,6.4,6.25420751185,754.18701924,  ,  ,0.900004474609,1.9000094464,99.0,0.0,  ,  ,0.762,  ,  
2019-11-10 11:00:00,6.43125,6.28542019152,754.18701924,  ,  ,0.63875317573,2.30001143511,99.0,0.0,  ,  ,0.762,  ,  
2019-11-10 11:05:00,6.49666666667,6.35075871885,754.18701924,  ,  ,0.600002983073,1.9000094464,99.0,0.0,  ,  ,0.762,  ,  
2019-11-10 11:10:00,6.52125,6.37531268231,754.18701924,  ,  ,0.774170515659,3.3000164069,99.0,0.0,  ,  ,0.762,  ,  
2019-11-10 11:15:00,6.6,6.45396857928,754.18701924,  ,  ,0.80000397743,3.60001789844,99.0,0.0,  ,  ,0.762,  ,  
2019-11-10 11:20:00,6.6,6.45396857928,754.18701924,  ,  ,1.2354228089,3.80001889279,99.0,0.0,  ,  ,0.762,  ,  
2019-11-10 11:25:00,6.6,6.45396857928,754.18701924,  ,  ,1.30000646332,2.80001392101,99.0,0.0,  ,  ,0.762,  ,  
2019-11-10 11:30:00,6.65791666667,6.51181601854,754.089768322,  ,  ,1.12583893074,3.80001889279,99.0,0.0,  ,  ,0.762,  ,  
2019-11-10 11:35:00,6.7,6.55384903967,754.037006904,  ,  ,1.10000546897,3.10001541254,99.0,0.0,  ,  ,0.762,  ,  
2019-11-10 11:40:00,6.73125,6.58506167352,754.037006904,  ,  ,0.92583793638,2.30001143511,99.0,0.0,  ,  ,0.762,  ,  
2019-11-10 11:45:00,6.8,6.65372945119,753.939782209,  ,  ,0.900004474609,2.90001441819,99.0,0.0,  ,  ,0.762,  ,  
2019-11-10 11:50:00,6.81791666667,6.67162468642,753.886994568,  ,  ,0.900004474609,3.80001889279,99.0,0.0,  ,  ,0.762,  ,  
2019-11-10 11:55:00,6.9,6.75360981383,753.886994568,  ,  ,0.900004474609,1.60000795486,99.0,0.0,  ,  ,0.762,  ,  
2019-11-10 12:00:00,6.9,6.75360981383,753.886994568,  ,  ,0.900004474609,3.10001541254,99.0,0.0,  ,  ,0.762,  ,  
2019-11-10 12:05:00,6.9,6.75360981383,753.886994568,  ,  ,0.900004474609,2.90001441819,99.0,0.0,  ,  ,0.762,  ,  
2019-11-10 12:10:00,6.92458333333,6.77816372883,753.886994568,  ,  ,0.900004474609,1.9000094464,99.0,0.0,  ,  ,0.762,  ,  
2019-11-10 12:15:00,7.01791666667,6.87138534531,753.935644195,  ,  ,0.900004474609,2.10001044075,99.0,0.0,  ,  ,0.762,  ,  
2019-11-10 12:20:00,7.09666666667,6.9500410511,753.962000736,  ,  ,0.812920708316,3.60001789844,99.0,0.0,  ,  ,0.762,  ,  
2019-11-10 12:25:00,7.1,6.95337039248,753.962000736,  ,  ,0.80000397743,1.9000094464,99.0,0.0,  ,  ,0.762,  ,  
2019-11-10 12:30:00,7.09333333333,6.94671170967,753.767551346,  ,  ,0.625836444844,1.9000094464,99.0,0.0,  ,  ,0.762,  ,  
2019-11-10 12:35:00,7.1,6.95337039248,753.661976064,  ,  ,0.600002983073,3.40001690408,99.0,0.0,  ,  ,0.762,  ,  
2019-11-10 12:40:00,7.1,6.95337039248,753.661976064,  ,  ,0.600002983073,2.40001193229,99.0,0.0,  ,  ,0.762,  ,  
2019-11-10 12:45:00,7.1,6.95337039248,753.661976064,  ,  ,0.600002983073,1.9000094464,99.0,0.0,  ,  ,0.762,  ,  
2019-11-10 12:50:00,7.10333333333,6.9566997338,753.661976064,  ,  ,0.600002983073,1.4000069605,99.0,0.0,  ,  ,0.762,  ,  
2019-11-10 12:55:00,7.19125,7.04451109153,753.661976064,  ,  ,0.600002983073,2.80001392101,99.0,0.0,  ,  ,0.762,  ,  
2019-11-10 13:00:00,7.2,7.05325060848,753.661976064,  ,  ,0.600002983073,1.80000894922,99.0,0.0,  ,  ,0.762,  ,  
2019-11-10 13:05:00,7.2,7.05325060848,753.661976064,  ,  ,0.600002983073,2.40001193229,99.0,0.0,  ,  ,0.762,  ,  
2019-11-10 13:10:00,7.20125,7.05449911087,753.661976064,  ,  ,0.600002983073,2.40001193229,99.0,0.0,  ,  ,0.762,  ,  
2019-11-10 13:15:00,7.29,7.1431427611,753.661976064,  ,  ,0.600002983073,2.60001292665,99.0,0.0,  ,  ,0.762,  ,  
2019-11-10 13:20:00,7.3,7.15313077561,753.661976064,  ,  ,0.861254281952,3.10001541254,99.0,0.0,  ,  ,0.762,  ,  
2019-11-10 13:25:00,7.3,7.15313077561,753.661976064,  ,  ,0.900004474609,3.40001690408,99.0,0.0,  ,  ,0.762,  ,  
2019-11-10 13:30:00,7.3,7.15313077561,753.661976064,  ,  ,1.0741720072,1.30000646332,99.0,0.0,  ,  ,0.762,  ,  
2019-11-10 13:35:00,7.3,7.15313077561,753.661976064,  ,  ,1.10000546897,2.10001044075,99.0,0.0,  ,  ,0.762,  ,  
2019-11-10 13:40:00,7.33458333333,7.18767265537,753.661976064,  ,  ,0.142084039742,1.10000546897,99.0,0.0,  ,  ,0.762,  ,  
2019-11-10 13:45:00,7.39666666667,7.24968155738,753.564751369,  ,  ,0.0,0.0,99.0,0.0,  ,  ,0.762,  ,  
2019-11-10 13:50:00,7.4,7.25301089387,753.511963728,  ,  ,0.0,0.0,99.0,0.0,  ,  ,0.762,  ,  
2019-11-10 13:55:00,7.4,7.25301089387,753.511963728,  ,  ,0.0,0.0,99.0,0.0,  ,  ,0.762,  ,  
2019-11-10 14:00:00,7.4,7.25301089387,753.511963728,  ,  ,0.0,0.0,99.0,0.0,  ,  ,0.762,  ,  
2019-11-10 14:05:00,7.4,7.25301089387,753.511963728,  ,  ,0.0,0.0,99.0,0.0,  ,  ,0.762,  ,  
2019-11-10 14:10:00,7.43333333333,7.28630425576,753.511963728,  ,  ,0.0,0.0,99.0,0.0,  ,  ,0.762,  ,  
2019-11-10 14:15:00,7.49791666667,7.35081012896,753.511963728,  ,  ,0.0,0.0,99.0,0.0,  ,  ,0.762,  ,  
2019-11-10 14:20:00,7.54666666667,7.39950164556,753.511963728,  ,  ,0.0,0.0,99.0,0.0,  ,  ,0.762,  ,  
2019-11-10 14:25:00,7.59125,7.4440314839,753.511963728,  ,  ,0.0,0.0,99.0,0.0,  ,  ,0.762,  ,  
2019-11-10 14:30:00,7.6,7.45277098374,753.463351381,  ,  ,0.0,0.0,99.0,0.0,  ,  ,0.762,  ,  
2019-11-10 14:35:00,7.6,7.45277098374,753.43695756,  ,  ,0.0,0.0,99.0,0.0,  ,  ,0.762,  ,  
2019-11-10 14:40:00,7.6,7.45277098374,753.43695756,  ,  ,0.0,0.0,99.0,0.0,  ,  ,0.762,  ,  
2019-11-10 14:45:00,7.6,7.45277098374,753.43695756,  ,  ,0.0,0.0,99.0,0.0,  ,  ,0.762,  ,  
2019-11-10 14:50:00,7.64125,7.49397147796,753.43695756,  ,  ,0.0,0.0,99.0,0.0,  ,  ,0.762,  ,  
2019-11-10 14:55:00,7.7,7.55265095536,753.43695756,  ,  ,0.0,2.10001044075,99.0,0.0,  ,  ,0.762,  ,  
2019-11-10 15:00:00,7.7,7.55265095536,753.388345213,  ,  ,0.0,2.10001044075,99.0,0.0,  ,  ,0.762,  ,  
2019-11-10 15:05:00,7.7,7.55265095536,753.361951392,  ,  ,0.0,2.10001044075,99.0,0.0,  ,  ,0.762,  ,  
2019-11-10 15:10:00,7.77791666667,7.63047406604,753.361951392,  ,  ,0.522502597759,2.30001143511,99.0,0.0,  ,  ,0.762,  ,  
2019-11-10 15:15:00,7.8,7.65253087811,753.264700474,  ,  ,0.600002983073,1.80000894922,99.0,0.0,  ,  ,0.762,  ,  
2019-11-10 15:20:00,7.8,7.65253087811,753.211939056,  ,  ,0.600002983073,2.30001143511,99.0,0.0,  ,  ,0.762,  ,  
2019-11-10 15:25:00,7.8,7.65253087811,753.211939056,  ,  ,0.600002983073,2.30001143511,99.0,0.0,  ,  ,0.762,  ,  
2019-11-10 15:30:00,7.84458333333,7.69706066124,753.163313597,  ,  ,0.600002983073,2.40001193229,99.0,0.0,  ,  ,0.762,  ,  
2019-11-10 15:35:00,7.88333333333,7.73576410972,753.136932888,  ,  ,0.600002983073,2.10001044075,99.0,0.0,  ,  ,0.762,  ,  
2019-11-10 15:40:00,7.9,7.75241075197,753.136932888,  ,  ,0.774170515659,2.60001292665,99.0,0.0,  ,  ,0.762,  ,  
2019-11-10 15:45:00,7.9,7.75241075197,753.185545235,  ,  ,0.80000397743,1.60000795486,99.0,0.0,  ,  ,0.762,  ,  
2019-11-10 15:50:00,7.9,7.75241075197,753.211939056,  ,  ,0.80000397743,2.40001193229,99.0,0.0,  ,  ,0.762,  ,  
2019-11-10 15:55:00,7.9,7.75241075197,753.211939056,  ,  ,0.80000397743,2.40001193229,99.0,0.0,  ,  ,0.762,  ,  
2019-11-10 16:00:00,7.9,7.75241075197,753.163313597,  ,  ,0.80000397743,0.80000397743,99.0,0.0,  ,  ,0.762,  ,  
2019-11-10 16:05:00,7.95458333333,7.80692849584,753.136932888,  ,  ,0.80000397743,2.40001193229,99.0,0.0,  ,  ,0.762,  ,  
2019-11-10 16:10:00,7.99666666667,7.84896125025,753.136932888,  ,  ,0.625836444844,3.90001938997,99.0,0.0,  ,  ,0.762,  ,  
2019-11-10 16:15:00,8.00125,7.85353907446,753.088283261,  ,  ,0.600002983073,0.600002983073,99.0,0.0,  ,  ,0.762,  ,  
2019-11-10 16:20:00,8.08,7.93219440176,753.06192672,  ,  ,0.0775003853136,0.600002983073,99.0,0.0,  ,  ,0.762,  ,  
2019-11-10 16:25:00,8.1,7.95217035307,753.06192672,  ,  ,0.0,0.0,99.0,0.0,  ,  ,0.762,  ,  
2019-11-10 16:30:00,8.1,7.95217035307,753.013314373,  ,  ,0.0,0.0,99.0,0.0,  ,  ,0.762,  ,  
2019-11-10 16:35:00,8.1,7.95217035307,752.986920552,  ,  ,0.0,0.0,99.0,0.0,  ,  ,0.762,  ,  
2019-11-10 16:40:00,8.16458333333,8.01667601584,752.986920552,  ,  ,0.0,0.0,99.0,0.0,  ,  ,0.762,  ,  
2019-11-10 16:45:00,8.2,8.05205008031,752.938295093,  ,  ,0.0,0.0,99.0,0.0,  ,  ,0.762,  ,  
2019-11-10 16:50:00,8.2,8.05205008031,752.911914384,  ,  ,0.0,0.0,99.0,0.0,  ,  ,0.762,  ,  
2019-11-10 16:55:00,8.2,8.05205008031,752.911914384,  ,  ,0.0,0.0,99.0,0.0,  ,  ,0.762,  ,  
2019-11-10 17:00:00,8.2,8.05205008031,753.009139079,  ,  ,0.0,0.0,99.0,0.0,  ,  ,0.762,  ,  
2019-11-10 17:05:00,8.23,8.08201398895,753.06192672,  ,  ,0.0,0.0,99.0,0.0,  ,  ,0.762,  ,  
2019-11-10 17:10:00,8.28125,8.1332023227,753.06192672,  ,  ,0.0,0.0,99.0,0.0,  ,  ,0.762,  ,  
2019-11-10 17:15:00,8.3,8.15192975867,752.964675802,  ,  ,0.0,0.0,99.0,0.0,  ,  ,0.762,  ,  
2019-11-10 17:20:00,8.36125,8.21310603753,752.911914384,  ,  ,0.0,2.60001292665,99.0,0.0,  ,  ,0.762,  ,  
2019-11-10 17:25:00,8.4,8.25180938815,752.911914384,  ,  ,0.0,2.60001292665,99.0,0.0,  ,  ,0.762,  ,  
2019-11-10 17:30:00,8.4,8.25180938815,752.863264757,  ,  ,0.783753896639,4.10002038433,99.0,0.0,  ,  ,0.762,  ,  
2019-11-10 17:35:00,8.45791666667,8.30965631787,752.836908216,  ,  ,0.900004474609,3.10001541254,99.0,0.0,  ,  ,0.762,  ,  
2019-11-10 17:40:00,8.51458333333,8.36625473684,752.836908216,  ,  ,1.24833953978,3.60001789844,99.0,0.0,  ,  ,0.762,  ,  
2019-11-10 17:45:00,8.59666666667,8.40656761666,752.788295869,  ,  ,1.30000646332,3.80001889279,98.7208333333,0.0,  ,  ,0.762,  ,  
2019-11-10 17:50:00,8.6,8.42359080126,752.761902048,  ,  ,1.38709022962,2.90001441819,98.8125,0.0,  ,  ,0.762,  ,  
2019-11-10 17:55:00,8.61458333333,8.46613426144,752.761902048,  ,  ,1.4000069605,4.10002038433,99.0,0.0,  ,  ,0.762,  ,  
2019-11-10 18:00:00,8.69666666667,8.54811866802,752.810527507,  ,  ,0.964588129037,1.4000069605,99.0,0.0,  ,  ,0.762,  ,  
2019-11-10 18:05:00,8.7,8.4716794978,752.836908216,  ,  ,0.900004474609,0.900004474609,98.4666666667,0.0,  ,  ,0.762,  ,  
2019-11-10 18:10:00,8.7,8.48479254779,752.836908216,  ,  ,0.11625057797,0.900004474609,98.5541666667,0.0,  ,  ,0.762,  ,  
2019-11-10 18:15:00,8.78125,8.48764371154,752.836908216,  ,  ,0.0,0.0,98.0333333333,0.0,  ,  ,0.762,  ,  
2019-11-10 18:20:00,8.8,8.501327411,752.836908216,  ,  ,0.0,0.900004474609,98.0,0.0,  ,  ,0.762,  ,  
2019-11-10 18:25:00,8.81,8.51130319213,752.836908216,  ,  ,0.0,3.80001889279,98.0,0.0,  ,  ,0.762,  ,  
2019-11-10 18:30:00,8.89458333333,8.59568163487,752.788295869,  ,  ,0.522502597759,0.600002983073,98.0,0.0,  ,  ,0.762,  ,  
2019-11-10 18:35:00,8.9,8.60108517808,752.761902048,  ,  ,0.600002983073,0.600002983073,98.0,0.0,  ,  ,0.762,  ,  
2019-11-10 18:40:00,8.9,8.60108517808,752.761902048,  ,  ,0.0775003853136,0.600002983073,98.0,0.0,  ,  ,0.762,  ,  
2019-11-10 18:45:00,8.94125,8.64223522843,752.713276589,  ,  ,0.0,0.0,98.0,0.0,  ,  ,0.762,  ,  
2019-11-10 18:50:00,9.05458333333,8.75529386671,752.68689588,  ,  ,0.0,0.0,98.0,0.0,  ,  ,0.762,  ,  
2019-11-10 18:55:00,9.1,8.80060041802,752.68689588,  ,  ,0.0,0.80000397743,98.0,0.0,  ,  ,0.762,  ,  
2019-11-10 19:00:00,9.1,8.80060041802,752.589671185,  ,  ,0.0,0.0,98.0,0.0,  ,  ,0.762,  ,  
2019-11-10 19:05:00,9.12666666667,8.82720242037,752.536883544,  ,  ,0.0,0.0,98.0,0.0,  ,  ,0.762,  ,  
2019-11-10 19:10:00,9.19458333333,8.89495436361,752.536883544,  ,  ,0.0,0.0,98.0,0.0,  ,  ,0.762,  ,  
2019-11-10 19:15:00,9.2,8.90035789088,752.536883544,  ,  ,0.0,0.0,98.0,0.0,  ,  ,0.762,  ,  
2019-11-10 19:20:00,9.2,8.90035789088,752.536883544,  ,  ,0.0,0.0,98.0,0.0,  ,  ,0.762,  ,  
2019-11-10 19:25:00,9.20791666667,8.90825535329,752.536883544,  ,  ,0.0,0.0,98.0,0.0,  ,  ,0.762,  ,  
2019-11-10 19:30:00,9.26,8.96021232752,752.48827745,  ,  ,0.0,0.0,98.0,0.0,  ,  ,0.762,  ,  
2019-11-10 19:35:00,9.3,9.00011526567,752.461877376,  ,  ,0.0,0.600002983073,98.0,0.0,  ,  ,0.762,  ,  
2019-11-10 19:40:00,9.3,9.00011526567,752.461877376,  ,  ,0.0,0.0,98.0,0.0,  ,  ,0.762,  ,  
2019-11-10 19:45:00,9.3,9.00011526567,752.461877376,  ,  ,0.0,0.0,98.0,0.0,  ,  ,0.762,  ,  
2019-11-10 19:50:00,9.33125,9.03128942518,752.461877376,  ,  ,0.0,0.0,98.0,0.0,  ,  ,0.762,  ,  
2019-11-10 19:55:00,9.39,9.08989681914,752.461877376,  ,  ,0.0,0.0,98.0,0.0,  ,  ,0.762,  ,  
2019-11-10 20:00:00,9.4,9.0998725424,752.510492485,  ,  ,0.0,0.0,98.0,0.0,  ,  ,0.762,  ,  
2019-11-10 20:05:00,9.4,9.0998725424,752.536883544,  ,  ,0.0,0.0,98.0,0.0,  ,  ,0.762,  ,  
2019-11-10 20:10:00,9.4,8.95605628644,752.536883544,  ,  ,0.0,0.0,97.0541666667,0.0,  ,  ,0.762,  ,  
2019-11-10 20:15:00,9.4,8.94778283685,752.48828165,  ,  ,0.0,0.0,97.0,0.0,  ,  ,0.762,  ,  
2019-11-10 20:20:00,9.41333333333,8.96106741092,752.461877376,  ,  ,0.0,0.0,97.0,0.0,  ,  ,0.762,  ,  
2019-11-10 20:25:00,9.46791666667,9.01545110867,752.461877376,  ,  ,0.0,0.0,97.0,0.0,  ,  ,0.762,  ,  
2019-11-10 20:30:00,9.5,9.04741707843,752.461877376,  ,  ,0.0,0.0,97.0,0.0,  ,  ,0.762,  ,  
2019-11-10 20:35:00,9.51791666667,9.06526819779,752.461877376,  ,  ,0.0,0.0,97.0,0.0,  ,  ,0.762,  ,  
2019-11-10 20:40:00,9.59333333333,9.14040890408,752.461877376,  ,  ,0.0,0.0,97.0,0.0,  ,  ,0.762,  ,  
2019-11-10 20:45:00,9.6,9.14705117242,752.413249065,  ,  ,0.0,0.0,97.0,0.0,  ,  ,0.762,  ,  
2019-11-10 20:50:00,9.6,9.14705117242,752.386871208,  ,  ,0.0,0.0,97.0,0.0,  ,  ,0.762,  ,  
2019-11-10 20:55:00,9.6,9.14705117242,752.386871208,  ,  ,0.0,0.0,97.0,0.0,  ,  ,0.762,  ,  
2019-11-10 21:00:00,9.6,9.14705117242,752.386871208,  ,  ,0.0,0.0,97.0,0.0,  ,  ,0.762,  ,  
2019-11-10 21:05:00,9.6,9.14705117242,752.386871208,  ,  ,0.0,0.0,97.0,0.0,  ,  ,0.762,  ,  
2019-11-10 21:10:00,9.6,9.14705117242,752.386871208,  ,  ,0.0,0.0,97.0,0.0,  ,  ,0.762,  ,  
2019-11-10 21:15:00,9.6,9.14705117242,752.435496667,  ,  ,0.0,0.0,97.0,0.0,  ,  ,0.762,  ,  
2019-11-10 21:20:00,9.6,9.14705117242,752.461877376,  ,  ,0.0,5.80002883637,97.0,0.0,  ,  ,0.762,  ,  
2019-11-10 21:25:00,9.6,9.14705117242,752.461877376,  ,  ,0.0,0.0,97.0,0.0,  ,  ,0.762,  ,  
2019-11-10 21:30:00,9.61,9.1570145737,752.510502835,  ,  ,0.0,0.0,97.0,0.0,  ,  ,0.762,  ,  
2019-11-10 21:35:00,9.64791666667,9.19479245682,752.536883544,  ,  ,0.0,0.0,97.0,0.0,  ,  ,0.762,  ,  
2019-11-10 21:40:00,9.66333333333,9.21015268895,752.536883544,  ,  ,0.0,0.0,97.0,0.0,  ,  ,0.762,  ,  
2019-11-10 21:45:00,9.68666666667,9.23340060117,752.488271197,  ,  ,0.0,3.60001789844,97.0,0.0,  ,  ,0.762,  ,  
2019-11-10 21:50:00,9.69666666667,9.24336398966,752.461877376,  ,  ,0.522502597759,2.60001292665,97.0,0.0,  ,  ,0.762,  ,  
2019-11-10 21:55:00,9.65666666667,9.20351042684,752.461877376,  ,  ,0.600002983073,3.60001789844,97.0,0.0,  ,  ,0.762,  ,  
2019-11-10 22:00:00,9.63208333333,9.17901707964,752.559128294,  ,  ,0.774170515659,5.30002635048,97.0,0.0,  ,  ,0.762,  ,  
2019-11-10 22:05:00,9.63333333333,9.18026250429,752.611889712,  ,  ,0.80000397743,5.60002784201,97.0,0.0,  ,  ,0.762,  ,  
2019-11-10 22:10:00,9.6,9.14705117242,752.611889712,  ,  ,1.2354228089,5.30002635048,97.0,0.0,  ,  ,0.762,  ,  
2019-11-10 22:15:00,9.6,9.14705117242,752.611889712,  ,  ,1.30000646332,4.50002237305,97.0,0.0,  ,  ,0.762,  ,  
2019-11-10 22:20:00,9.6,9.14705117242,752.611889712,  ,  ,1.30000646332,4.30002137869,97.0,0.0,  ,  ,0.762,  ,  
2019-11-10 22:25:00,9.6,9.14705117242,752.611889712,  ,  ,1.30000646332,1.30000646332,97.0,0.0,  ,  ,0.762,  ,  
2019-11-10 22:30:00,9.6,9.14705117242,752.514638794,  ,  ,0.864587631858,4.30002137869,97.0,0.0,  ,  ,0.762,  ,  
2019-11-10 22:35:00,9.59333333333,9.14040890408,752.461877376,  ,  ,0.80000397743,0.80000397743,97.0,0.0,  ,  ,0.762,  ,  
2019-11-10 22:40:00,9.57333333333,9.12048209512,752.461877376,  ,  ,0.103333847085,0.80000397743,97.0,0.0,  ,  ,0.762,  ,  
2019-11-10 22:45:00,9.51208333333,9.08683151099,752.364626458,  ,  ,0.0,0.0,97.1791666667,0.0,  ,  ,0.762,  ,  
2019-11-10 22:50:00,9.44541666667,9.14517893986,752.31186504,  ,  ,0.0,1.30000646332,98.0,0.0,  ,  ,0.762,  ,  
2019-11-10 22:55:00,9.4,9.0998725424,752.31186504,  ,  ,0.0,1.80000894922,98.0,0.0,  ,  ,0.762,  ,  
2019-11-10 23:00:00,9.4,9.0998725424,752.360477387,  ,  ,0.0,2.10001044075,98.0,0.0,  ,  ,0.762,  ,  
2019-11-10 23:05:00,9.39,9.08989681914,752.386871208,  ,  ,0.0,2.30001143511,98.0,0.0,  ,  ,0.762,  ,  
2019-11-10 23:10:00,9.30541666667,9.00551878734,752.386871208,  ,  ,0.522502597759,2.30001143511,98.0,0.0,  ,  ,0.762,  ,  
2019-11-10 23:15:00,9.3,9.00011526567,752.338245749,  ,  ,0.600002983073,4.60002287023,98.0,0.0,  ,  ,0.762,  ,  
2019-11-10 23:20:00,9.3,9.00011526567,752.31186504,  ,  ,0.600002983073,4.10002038433,98.0,0.0,  ,  ,0.762,  ,  
2019-11-10 23:25:00,9.3,9.00011526567,752.31186504,  ,  ,0.600002983073,4.10002038433,98.0,0.0,  ,  ,0.762,  ,  
2019-11-10 23:30:00,9.3,9.00011526567,752.360514667,  ,  ,1.73209194488,5.80002883637,98.0,0.0,  ,  ,0.762,  ,  
2019-11-10 23:35:00,9.3,9.00011526567,752.386871208,  ,  ,1.9000094464,4.80002386458,98.0,0.0,  ,  ,0.762,  ,  
2019-11-10 23:40:00,9.3,9.00011526567,752.386871208,  ,  ,2.24834451157,6.6000328138,98.0,0.0,  ,  ,0.762,  ,  
2019-11-10 23:45:00,9.25875,8.95896536045,752.386871208,  ,  ,2.30001143511,6.30003132226,98.0,0.0,  ,  ,0.762,  ,  
2019-11-10 23:50:00,9.20333333333,8.90368313829,752.386871208,  ,  ,1.86459260365,4.80002386458,98.0,0.0,  ,  ,0.762,  ,  
  

    

