Date,TemperatureHighC,TemperatureAvgC,TemperatureLowC,DewpointHighC,DewpointAvgC,DewpointLowC,HumidityHigh,HumidityAvg,HumidityLow,PressureMaxhPa,PressureMinhPa,WindSpeedMaxKMH,WindSpeedAvgKMH,GustSpeedMaxKMH,PrecipitationSumCM,aqiusHigh,aqiusLow
                
2019-10-01,15.6,11.7748012794,3.9,14.4381061282,10.7908656537,3.17285025609,99.0,93.8052228009,77.0,741.210952176,731.610162672,3.3000164069,0.790012608311,9.60004772917,4.572,$day.aqius.max.raw,$day.aqius.min.raw
2019-10-02,10.6,6.93024248634,3.9,9.02764393814,5.77782734899,3.07079979991,95.0,92.3924180328,89.0,741.81100152,739.860841152,5.10002535612,2.56578119908,11.0000546897,0.0,$day.aqius.max.raw,$day.aqius.min.raw
 
 
2019-10-05,8.6,4.96709131484,1.1,5.23234292329,2.87711315098,-0.354692968478,92.0,86.5128917379,74.0,751.111766352,747.886501128,2.60001292665,1.05574242839,5.60002784201,0.0,$day.aqius.max.raw,$day.aqius.min.raw
2019-10-06,3.3,1.87157943737,0.8,1.62091373859,0.488112696569,-0.400786713307,96.0,90.628220583,83.0,751.18677252,745.56130992,3.90001938997,2.09717586207,8.10004027148,0.0,$day.aqius.max.raw,$day.aqius.min.raw
2019-10-07,3.5,2.36127772451,1.2,0.790245289012,0.199557406288,-0.523148132885,95.0,85.7609522703,78.0,745.93634076,744.961260576,2.60001292665,1.60827574086,8.0000397743,0.0,$day.aqius.max.raw,$day.aqius.min.raw
2019-10-08,5.3,2.79357187751,0.8,1.15791575109,0.159506175494,-0.958271439198,90.0,83.023983576,71.0,748.861581312,745.486303752,3.40001690408,1.90676990757,9.50004723199,0.0,$day.aqius.max.raw,$day.aqius.min.raw
2019-10-09,5.2,3.90931134259,2.9,4.11188856788,3.10660867811,1.08654796751,98.0,94.5325810185,86.0,748.036513464,743.536143384,3.90001938997,1.90550281862,9.00004474609,2.286,$day.aqius.max.raw,$day.aqius.min.raw
2019-10-10,9.1,6.39125434028,4.1,8.64887922661,5.96362958837,3.21530126305,99.0,97.0915943287,92.0,747.136439448,739.410804144,1.4000069605,0.40813570971,4.30002137869,10.414,$day.aqius.max.raw,$day.aqius.min.raw
2019-10-11,11.9,8.75878038194,6.6,9.35400194444,7.78639005663,6.45396857928,99.0,93.8839699074,75.0,747.211445616,740.160865824,1.30000646332,0.375001864421,7.00003480252,0.0,$day.aqius.max.raw,$day.aqius.min.raw
2019-10-12,10.8,9.26474103009,8.2,10.3426487889,8.37415966753,6.97791321366,97.0,94.1933738426,86.0,747.43646412,739.260791808,6.00002983073,2.76304082972,15.100075074,5.08,$day.aqius.max.raw,$day.aqius.min.raw
2019-10-13,12.6,9.56404658565,8.2,9.48259288289,8.11867554723,7.39121869428,97.0,90.854296875,78.0,749.086599816,740.835921336,2.40001193229,1.10106594878,8.0000397743,2.032,$day.aqius.max.raw,$day.aqius.min.raw
2019-10-14,13.5,8.4456062342,5.2,12.9460968412,7.83878931614,4.7142166003,99.0,95.9923386195,91.0,751.9368342,743.611149552,1.60000795486,0.266667992477,8.80004375174,11.684,$day.aqius.max.raw,$day.aqius.min.raw
2019-10-15,13.3,6.64754398996,-0.6,12.3539719681,5.23476574019,-0.876340598828,98.0,90.7677657194,83.0,759.137426328,744.136192728,2.90001441819,0.979171534876,7.60003778559,0.0,$day.aqius.max.raw,$day.aqius.min.raw
2019-10-16,9.7,4.78855394899,-0.6,7.97459759777,2.69688925828,-0.876340598828,99.0,86.7149757743,75.0,760.112506512,751.336784856,3.90001938997,1.52851454386,8.0000397743,0.0,$day.aqius.max.raw,$day.aqius.min.raw
2019-10-17,18.3,13.3602978871,9.4,12.9877105943,10.4243398869,7.77737641439,97.0,82.9244212963,70.0,751.336784856,747.43646412,3.60001789844,1.94282215925,8.10004027148,0.762,$day.aqius.max.raw,$day.aqius.min.raw
2019-10-18,13.9,11.192676427,9.1,11.6378555584,10.4052514228,8.74851391094,99.0,95.0636080615,80.0,752.911914384,747.961507296,1.10000546897,0.176589419627,5.00002485894,0.254,$day.aqius.max.raw,$day.aqius.min.raw
2019-10-19,17.0,12.9245862269,9.3,12.5423544456,10.6922569978,9.15072385402,99.0,87.012962963,71.0,753.8119884,752.386871208,3.60001789844,1.25423511307,7.1000352997,0.0,$day.aqius.max.raw,$day.aqius.min.raw
2019-10-20,15.1,11.3814639872,8.6,12.2827492639,10.0013768879,7.84432789303,99.0,91.3748408565,81.0,754.112013072,752.536883544,2.10001044075,0.361745143419,4.30002137869,0.0,$day.aqius.max.raw,$day.aqius.min.raw
2019-10-21,15.3,10.9641781318,7.9,12.4276163427,9.92026699262,7.75241075197,99.0,93.5189091435,83.0,754.262025408,750.211692336,3.10001541254,0.938893556845,8.5000422602,3.556,$day.aqius.max.raw,$day.aqius.min.raw
2019-10-22,11.4,8.48238570602,6.3,10.6270758519,7.59133361203,6.15432690482,99.0,94.2991254673,81.0,756.512210448,750.286698504,3.10001541254,0.780821997183,7.00003480252,0.0,$day.aqius.max.raw,$day.aqius.min.raw
2019-10-23,13.1,11.7534168943,10.4,11.5214893294,9.26689391443,7.37757713027,95.0,84.877025463,76.0,752.761902048,749.086599816,2.60001292665,1.11224408407,8.30004126584,0.0,$day.aqius.max.raw,$day.aqius.min.raw
2019-10-24,10.6,9.37660747666,8.3,8.79613291529,7.89731842351,6.98757013337,98.0,90.5927618453,81.0,755.237105592,752.68689588,0.80000397743,0.0611114149426,2.90001441819,0.0,$day.aqius.max.raw,$day.aqius.min.raw
2019-10-25,13.3,9.34744166957,4.9,8.26158954186,6.91364765504,4.41566034719,99.0,85.3324797454,70.0,755.6871426,750.136686168,3.10001541254,1.13386269748,7.60003778559,0.0,$day.aqius.max.raw,$day.aqius.min.raw
2019-10-26,13.5,11.0711313657,8.2,9.82823752387,8.18515443782,5.99830691243,93.0,82.8459201389,66.0,750.136686168,743.536143384,3.90001938997,1.93883197738,12.300061153,0.0,$day.aqius.max.raw,$day.aqius.min.raw
2019-10-27,14.2,13.0236418335,11.3,11.7126943568,10.7831984332,6.26629019392,92.0,86.346251313,62.0,743.536143384,733.110286032,5.30002635048,2.61515333757,15.6000775599,0.762,$day.aqius.max.raw,$day.aqius.min.raw
2019-10-28,13.4,5.28706597222,-1.4,6.91961667289,1.35866959712,-2.28383778455,94.0,76.1415075231,61.0,748.861581312,733.785341544,7.30003629405,3.19414059116,19.5000969499,0.0,$day.aqius.max.raw,$day.aqius.min.raw
2019-10-29,5.1,1.20876255472,-2.1,2.72555103454,-0.101545459772,-2.8344023455,99.0,91.2368055556,74.0,749.161605984,744.4362174,4.30002137869,1.06602121557,7.80003877995,6.35,$day.aqius.max.raw,$day.aqius.min.raw
2019-10-30,1.6,-0.994678625736,-1.9,0.886608654327,-2.35830870158,-4.45988479233,97.0,90.4912481356,82.0,754.112013072,744.586229736,4.30002137869,2.85070861749,9.80004872352,0.508,$day.aqius.max.raw,$day.aqius.min.raw
2019-10-31,-1.7,-2.47947792164,-3.8,-3.21968078967,-4.98658106484,-6.83411968423,92.0,83.0551775813,70.0,755.987167272,752.536883544,3.40001690408,2.06200249832,7.1000352997,0.0,$day.aqius.max.raw,$day.aqius.min.raw

    

