Time,TemperatureC,DewpointC,PressurehPa,WindDirection,WindDirectionDegrees,WindSpeedKMH,WindSpeedGustKMH,Humidity,HourlyPrecipMM,Conditions,Clouds,dailyrainMM,SoftwareType,DateUTC
                
2019-08-11 00:00:00,12.8641666667,10.9513121794,748.93658748,  ,  ,0.0,0.600002983073,88.1583333333,0.0,  ,  ,0.0,  ,  
2019-08-11 00:05:00,12.8,10.9915185742,748.93658748,  ,  ,0.0,0.900004474609,88.7656903766,0.0,  ,  ,0.0,  ,  
2019-08-11 00:10:00,12.7708333333,11.0024853329,748.93658748,  ,  ,0.0,0.0,89.0,0.0,  ,  ,0.0,  ,  
2019-08-11 00:15:00,12.7033333333,10.8964079479,748.93658748,  ,  ,0.0,1.4000069605,88.7666666667,0.0,  ,  ,0.0,  ,  
2019-08-11 00:20:00,12.7,10.9326485096,748.93658748,  ,  ,0.0,0.0,89.0,0.0,  ,  ,0.0,  ,  
2019-08-11 00:25:00,12.6041666667,10.8381629519,748.93658748,  ,  ,0.0,0.0,89.0,0.0,  ,  ,0.0,  ,  
2019-08-11 00:30:00,12.4683333333,10.7042390695,748.975059829,  ,  ,0.0,0.0,89.0,0.0,  ,  ,0.0,  ,  
2019-08-11 00:35:00,12.2883333333,10.5267678049,749.011593648,  ,  ,0.0,0.0,89.0,0.0,  ,  ,0.0,  ,  
2019-08-11 00:40:00,12.0758333333,10.4500216104,749.011593648,  ,  ,0.0,0.0,89.7916666667,0.0,  ,  ,0.0,  ,  
2019-08-11 00:45:00,11.8408333333,10.4115058475,749.011593648,  ,  ,0.0,0.600002983073,90.9583333333,0.0,  ,  ,0.0,  ,  
2019-08-11 00:50:00,11.7575,10.4876493409,749.011593648,  ,  ,0.0,0.900004474609,91.925,0.0,  ,  ,0.0,  ,  
2019-08-11 00:55:00,11.7658333333,10.5081368698,749.011593648,  ,  ,0.0,0.600002983073,92.0,0.0,  ,  ,0.0,  ,  
2019-08-11 01:00:00,11.8,10.541959875,748.973140411,  ,  ,0.0,0.0,92.0,0.0,  ,  ,0.0,  ,  
2019-08-11 01:05:00,11.7208333333,10.4635894257,748.93658748,  ,  ,0.0,0.0,92.0,0.0,  ,  ,0.0,  ,  
2019-08-11 01:10:00,11.6375,10.3810939449,748.93658748,  ,  ,0.0,0.0,92.0,0.0,  ,  ,0.0,  ,  
2019-08-11 01:15:00,11.6258333333,10.3695445555,748.93658748,  ,  ,0.0,0.0,92.0,0.0,  ,  ,0.0,  ,  
2019-08-11 01:20:00,11.7,10.4429655816,748.93658748,  ,  ,0.0,0.600002983073,92.0,0.0,  ,  ,0.0,  ,  
2019-08-11 01:25:00,11.7891666667,10.5312355126,748.93658748,  ,  ,0.0,0.0,92.0,0.0,  ,  ,0.0,  ,  
2019-08-11 01:30:00,11.8458333333,10.5014207066,748.975104161,  ,  ,0.0,0.0,91.475,0.0,  ,  ,0.0,  ,  
2019-08-11 01:35:00,11.9,10.4768678345,749.011593648,  ,  ,0.0,1.4000069605,91.0,0.0,  ,  ,0.0,  ,  
2019-08-11 01:40:00,11.9425,10.4762236655,749.011593648,  ,  ,0.0,1.10000546897,90.7416666667,0.0,  ,  ,0.0,  ,  
2019-08-11 01:45:00,12.0691666667,10.478208216,749.011593648,  ,  ,0.0,2.40001193229,90.0,0.0,  ,  ,0.0,  ,  
2019-08-11 01:50:00,12.1,10.5086499773,749.011593648,  ,  ,0.0,0.900004474609,90.0,0.0,  ,  ,0.0,  ,  
2019-08-11 01:55:00,12.1,10.5086499773,749.011593648,  ,  ,0.0,0.900004474609,90.0,0.0,  ,  ,0.0,  ,  
2019-08-11 02:00:00,12.1,10.5086499773,749.011593648,  ,  ,0.0,0.0,90.0,0.0,  ,  ,0.0,  ,  
2019-08-11 02:05:00,12.1,10.5086499773,749.011593648,  ,  ,0.0,0.900004474609,90.0,0.0,  ,  ,0.0,  ,  
2019-08-11 02:10:00,12.0341666667,10.4436526452,749.011593648,  ,  ,0.0,1.4000069605,90.0,0.0,  ,  ,0.0,  ,  
2019-08-11 02:15:00,12.0,10.4099197665,749.050046885,  ,  ,0.0,0.600002983073,90.0,0.0,  ,  ,0.0,  ,  
2019-08-11 02:20:00,11.9541666667,10.3646682516,749.086599816,  ,  ,0.0,2.80001392101,90.0,0.0,  ,  ,0.0,  ,  
2019-08-11 02:25:00,11.9133333333,10.3243531765,749.086599816,  ,  ,0.0,1.80000894922,90.0,0.0,  ,  ,0.0,  ,  
2019-08-11 02:30:00,11.9,10.3111890521,749.125072165,  ,  ,0.530002635048,2.30001143511,90.0,0.0,  ,  ,0.0,  ,  
2019-08-11 02:35:00,11.9,10.3707424938,749.161605984,  ,  ,0.600002983073,0.900004474609,90.3583333333,0.0,  ,  ,0.0,  ,  
2019-08-11 02:40:00,11.8966666667,10.4735724035,749.161605984,  ,  ,0.0700003480252,0.600002983073,91.0,0.0,  ,  ,0.0,  ,  
2019-08-11 02:45:00,11.8208333333,10.3986012141,749.161605984,  ,  ,0.0,0.0,91.0,0.0,  ,  ,0.0,  ,  
2019-08-11 02:50:00,11.8,10.2622909906,749.161605984,  ,  ,0.0,1.80000894922,90.3,0.0,  ,  ,0.0,  ,  
2019-08-11 02:55:00,11.79,10.3681183485,749.161605984,  ,  ,0.0,0.600002983073,91.0,0.0,  ,  ,0.0,  ,  
2019-08-11 03:00:00,11.7008333333,10.2799649551,749.238512457,  ,  ,0.0,0.80000397743,91.0,0.0,  ,  ,0.0,  ,  
2019-08-11 03:05:00,11.6775,10.256896718,749.31161832,  ,  ,0.0,1.10000546897,91.0,0.0,  ,  ,0.0,  ,  
2019-08-11 03:10:00,11.6,10.1802770401,749.31161832,  ,  ,0.0,1.9000094464,91.0,0.0,  ,  ,0.0,  ,  
2019-08-11 03:15:00,11.485,10.1199071039,749.350090669,  ,  ,0.0,1.4000069605,91.325,0.0,  ,  ,0.0,  ,  
2019-08-11 03:20:00,11.3941666667,10.080465197,749.386624488,  ,  ,0.0,1.80000894922,91.6333333333,0.0,  ,  ,0.0,  ,  
2019-08-11 03:25:00,11.2875,10.0346098914,749.386624488,  ,  ,0.0,1.4000069605,92.0,0.0,  ,  ,0.0,  ,  
2019-08-11 03:30:00,11.2,9.9479881122,749.425044106,  ,  ,0.0,0.900004474609,92.0,0.0,  ,  ,0.0,  ,  
2019-08-11 03:35:00,11.1116666667,9.86054105288,749.461630656,  ,  ,0.0,0.0,92.0,0.0,  ,  ,0.0,  ,  
2019-08-11 03:40:00,10.9408333333,9.69142085424,749.461630656,  ,  ,0.0,0.900004474609,92.0,0.0,  ,  ,0.0,  ,  
2019-08-11 03:45:00,10.7583333333,9.51074969338,749.538627473,  ,  ,0.0,0.0,92.0,0.0,  ,  ,0.0,  ,  
2019-08-11 03:50:00,10.5458333333,9.30037748424,749.611642992,  ,  ,0.0,0.0,92.0,0.0,  ,  ,0.0,  ,  
2019-08-11 03:55:00,10.3408333333,9.22995993282,749.611642992,  ,  ,0.0,0.0,92.825,0.0,  ,  ,0.0,  ,  
2019-08-11 04:00:00,10.2208333333,9.29124237196,749.650141401,  ,  ,0.0,1.60000795486,93.9583333333,0.0,  ,  ,0.0,  ,  
2019-08-11 04:05:00,10.2,9.27715272827,749.68664916,  ,  ,0.0,0.600002983073,94.0,0.0,  ,  ,0.0,  ,  
2019-08-11 04:10:00,10.2125,9.28955983268,749.68664916,  ,  ,0.0,2.10001044075,94.0,0.0,  ,  ,0.0,  ,  
2019-08-11 04:15:00,10.3,9.37640943315,749.68664916,  ,  ,0.0,0.900004474609,94.0,0.0,  ,  ,0.0,  ,  
2019-08-11 04:20:00,10.3033333333,9.37971798485,749.68664916,  ,  ,0.0,0.0,94.0,0.0,  ,  ,0.0,  ,  
2019-08-11 04:25:00,10.2575,9.33422537,749.68664916,  ,  ,0.0,0.80000397743,94.0,0.0,  ,  ,0.0,  ,  
2019-08-11 04:30:00,10.2,9.32319524314,749.725121509,  ,  ,0.0,0.900004474609,94.2916666667,0.0,  ,  ,0.0,  ,  
2019-08-11 04:35:00,10.2,9.43449335291,749.761655328,  ,  ,0.0,0.80000397743,95.0,0.0,  ,  ,0.0,  ,  
2019-08-11 04:40:00,10.2,9.41359901712,749.761655328,  ,  ,0.0,0.600002983073,94.8666666667,0.0,  ,  ,0.0,  ,  
2019-08-11 04:45:00,10.1933333333,9.38605551823,749.761655328,  ,  ,0.0,1.9000094464,94.7333333333,0.0,  ,  ,0.0,  ,  
2019-08-11 04:50:00,10.1833333333,9.3604155064,749.761655328,  ,  ,0.0,1.9000094464,94.6333333333,0.0,  ,  ,0.0,  ,  
2019-08-11 04:55:00,10.2,9.29426888486,749.761655328,  ,  ,0.0,2.10001044075,94.1083333333,0.0,  ,  ,0.0,  ,  
2019-08-11 05:00:00,10.2,9.27715272827,749.800127677,  ,  ,0.530002635048,1.80000894922,94.0,0.0,  ,  ,0.0,  ,  
2019-08-11 05:05:00,10.1208333333,9.19857429216,749.836661496,  ,  ,0.600002983073,1.10000546897,94.0,0.0,  ,  ,0.0,  ,  
2019-08-11 05:10:00,10.1,9.21864980473,749.836661496,  ,  ,0.0700003480252,0.900004474609,94.2583333333,0.0,  ,  ,0.0,  ,  
2019-08-11 05:15:00,10.1,9.24226839527,749.875133845,  ,  ,0.0,1.60000795486,94.4083333333,0.0,  ,  ,0.0,  ,  
2019-08-11 05:20:00,10.0408333333,9.11916852482,749.911667664,  ,  ,0.0,1.60000795486,94.0,0.0,  ,  ,0.0,  ,  
2019-08-11 05:25:00,9.98333333333,9.07655432802,749.911667664,  ,  ,0.0,1.80000894922,94.0916666667,0.0,  ,  ,0.0,  ,  
2019-08-11 05:30:00,9.96,9.04550791267,749.911667664,  ,  ,0.0,1.80000894922,94.0416666667,0.0,  ,  ,0.0,  ,  
2019-08-11 05:35:00,9.91083333333,9.10930681888,749.911667664,  ,  ,0.0,1.80000894922,94.7583333333,0.0,  ,  ,0.0,  ,  
2019-08-11 05:40:00,9.9925,9.22305989226,749.911667664,  ,  ,0.0,1.80000894922,94.9666666667,0.0,  ,  ,0.0,  ,  
2019-08-11 05:45:00,10.0033333333,9.1619848102,749.950140013,  ,  ,0.0,2.80001392101,94.5083333333,0.0,  ,  ,0.0,  ,  
2019-08-11 05:50:00,9.97666666667,9.05547834438,749.986673832,  ,  ,0.530002635048,2.10001044075,94.0,0.0,  ,  ,0.0,  ,  
2019-08-11 05:55:00,9.9775,9.05630549037,749.986673832,  ,  ,0.600002983073,2.30001143511,94.0,0.0,  ,  ,0.0,  ,  
2019-08-11 06:00:00,9.99333333333,9.07202126019,750.025128014,  ,  ,0.776670528089,2.40001193229,94.0,0.0,  ,  ,0.0,  ,  
2019-08-11 06:05:00,10.0883333333,9.16631572219,750.06168,  ,  ,0.80000397743,2.10001044075,94.0,0.0,  ,  ,0.0,  ,  
2019-08-11 06:10:00,10.1058577406,9.18370995125,750.06168,  ,  ,0.622597237666,1.10000546897,94.0,0.0,  ,  ,0.0,  ,  
2019-08-11 06:15:00,10.19,9.26722704139,750.100095976,  ,  ,0.600002983073,0.900004474609,94.0,0.0,  ,  ,0.0,  ,  
2019-08-11 06:20:00,10.2,9.16083106364,750.136686168,  ,  ,0.0700003480252,2.40001193229,93.2666666667,0.0,  ,  ,0.0,  ,  
2019-08-11 06:25:00,10.2,9.27715272827,750.136686168,  ,  ,0.0,1.9000094464,94.0,0.0,  ,  ,0.0,  ,  
2019-08-11 06:30:00,10.2691666667,9.34580531427,750.175147017,  ,  ,0.530002635048,0.80000397743,94.0,0.0,  ,  ,0.0,  ,  
2019-08-11 06:35:00,10.3958333333,9.34040566579,750.211692336,  ,  ,0.600002983073,1.10000546897,93.175,0.0,  ,  ,0.0,  ,  
2019-08-11 06:40:00,10.4033333333,9.31989478987,750.211692336,  ,  ,0.0700003480252,1.10000546897,93.0,0.0,  ,  ,0.0,  ,  
2019-08-11 06:45:00,10.4391666667,9.35541582409,750.28872367,  ,  ,0.0,1.10000546897,93.0,0.0,  ,  ,0.0,  ,  
2019-08-11 06:50:00,10.4475,9.30628633198,750.361704672,  ,  ,0.0,2.40001193229,92.6416666667,0.0,  ,  ,0.0,  ,  
2019-08-11 06:55:00,10.4425,9.3573877128,750.361704672,  ,  ,0.0,1.30000646332,92.9916666667,0.0,  ,  ,0.0,  ,  
2019-08-11 07:00:00,10.6183333333,9.53302032309,750.47700988,  ,  ,0.0,1.30000646332,93.0,0.0,  ,  ,0.0,  ,  
2019-08-11 07:05:00,10.7191666667,9.61694282786,750.586723176,  ,  ,0.0,0.0,92.9,0.0,  ,  ,0.0,  ,  
2019-08-11 07:10:00,10.82,9.57314763634,750.586723176,  ,  ,0.0,1.9000094464,92.0083333333,0.0,  ,  ,0.0,  ,  
2019-08-11 07:15:00,10.8066666667,9.55859880637,750.586723176,  ,  ,0.0,1.30000646332,92.0,0.0,  ,  ,0.0,  ,  
2019-08-11 07:20:00,10.7933333333,9.5453990604,750.586723176,  ,  ,0.0,1.10000546897,92.0,0.0,  ,  ,0.0,  ,  
2019-08-11 07:25:00,10.8458333333,9.60276985497,750.586723176,  ,  ,0.0,1.60000795486,92.0333333333,0.0,  ,  ,0.0,  ,  
2019-08-11 07:30:00,11.0116666667,9.61089168531,750.625176413,  ,  ,0.0,1.60000795486,91.075,0.0,  ,  ,0.0,  ,  
2019-08-11 07:35:00,11.1066666667,9.69800144965,750.661729344,  ,  ,0.0,1.4000069605,91.0333333333,0.0,  ,  ,0.0,  ,  
2019-08-11 07:40:00,11.235,9.85355267459,750.661729344,  ,  ,0.0,1.10000546897,91.2083333333,0.0,  ,  ,0.0,  ,  
2019-08-11 07:45:00,11.3625,9.91808912903,750.623294275,  ,  ,0.0,1.10000546897,90.8333333333,0.0,  ,  ,0.0,  ,  
2019-08-11 07:50:00,11.4658333333,9.92119593872,750.586723176,  ,  ,0.0,0.80000397743,90.2333333333,0.0,  ,  ,0.0,  ,  
2019-08-11 07:55:00,11.5158333333,9.90974911703,750.586723176,  ,  ,0.0,1.10000546897,89.8666666667,0.0,  ,  ,0.0,  ,  
2019-08-11 08:00:00,11.6258333333,10.0404997605,750.548288107,  ,  ,0.0,0.0,90.0,0.0,  ,  ,0.0,  ,  
2019-08-11 08:05:00,11.7625,10.1532451632,750.511717008,  ,  ,0.0,0.600002983073,89.8666666667,0.0,  ,  ,0.0,  ,  
2019-08-11 08:10:00,11.9475,10.1935207383,750.511717008,  ,  ,0.0,0.900004474609,89.0166666667,0.0,  ,  ,0.0,  ,  
2019-08-11 08:15:00,12.1158333333,10.1874330143,750.511717008,  ,  ,0.0,1.10000546897,88.0,0.0,  ,  ,0.0,  ,  
2019-08-11 08:20:00,12.2358333333,10.2088308538,750.511717008,  ,  ,0.0,0.600002983073,87.4333333333,0.0,  ,  ,0.0,  ,  
2019-08-11 08:25:00,12.3058333333,10.250551439,750.511717008,  ,  ,0.0,0.0,87.275,0.0,  ,  ,0.0,  ,  
2019-08-11 08:30:00,12.4725,10.2822421853,750.511717008,  ,  ,0.0,1.30000646332,86.5083333333,0.0,  ,  ,0.0,  ,  
2019-08-11 08:35:00,12.5791666667,10.2943643532,750.511717008,  ,  ,0.0,0.600002983073,85.975,0.0,  ,  ,0.0,  ,  
2019-08-11 08:40:00,12.6916666667,10.3728136775,750.511717008,  ,  ,0.0,0.80000397743,85.7916666667,0.0,  ,  ,0.0,  ,  
2019-08-11 08:45:00,12.8125,10.4198486194,750.588623481,  ,  ,0.0,0.600002983073,85.3833333333,0.0,  ,  ,0.0,  ,  
2019-08-11 08:50:00,12.9458333333,10.4462971584,750.661729344,  ,  ,0.0,1.10000546897,84.7916666667,0.0,  ,  ,0.0,  ,  
2019-08-11 08:55:00,13.1316666667,10.5307214764,750.661729344,  ,  ,0.0,1.30000646332,84.2416666667,0.0,  ,  ,0.0,  ,  
2019-08-11 09:00:00,13.2391666667,10.5152025595,750.584859206,  ,  ,0.0,1.80000894922,83.5666666667,0.0,  ,  ,0.0,  ,  
2019-08-11 09:05:00,13.3491666667,10.5582933036,750.511717008,  ,  ,0.0,1.60000795486,83.2083333333,0.0,  ,  ,0.0,  ,  
2019-08-11 09:10:00,13.4883333333,10.6567089584,750.511717008,  ,  ,0.0,1.4000069605,83.0,0.0,  ,  ,0.0,  ,  
2019-08-11 09:15:00,13.7283333333,10.7943194785,750.588587146,  ,  ,0.0,1.4000069605,82.4666666667,0.0,  ,  ,0.0,  ,  
2019-08-11 09:20:00,13.8758333333,10.8789431995,750.661729344,  ,  ,0.0,1.60000795486,82.1416666667,0.0,  ,  ,0.0,  ,  
2019-08-11 09:25:00,14.0316666667,11.0050729003,750.661729344,  ,  ,0.0,0.80000397743,82.0,0.0,  ,  ,0.0,  ,  
2019-08-11 09:30:00,14.1891666667,11.0249006539,750.661729344,  ,  ,0.0,1.80000894922,81.275,0.0,  ,  ,0.0,  ,  
2019-08-11 09:35:00,14.2683333333,11.1252669192,750.661729344,  ,  ,0.0,2.10001044075,81.4,0.0,  ,  ,0.0,  ,  
2019-08-11 09:40:00,14.3925,11.0364264717,750.661729344,  ,  ,0.530002635048,1.10000546897,80.275,0.0,  ,  ,0.0,  ,  
2019-08-11 09:45:00,14.5366666667,11.0510123464,750.700190193,  ,  ,0.600002983073,2.30001143511,79.6083333333,0.0,  ,  ,0.0,  ,  
2019-08-11 09:50:00,14.51,10.8602241101,750.736735512,  ,  ,0.0700003480252,1.30000646332,78.7416666667,0.0,  ,  ,0.0,  ,  
2019-08-11 09:55:00,14.5158333333,10.8403852003,750.736735512,  ,  ,0.0,2.40001193229,78.6083333333,0.0,  ,  ,0.0,  ,  
2019-08-11 10:00:00,14.61,10.6728575921,750.775188749,  ,  ,0.530002635048,2.30001143511,77.2666666667,0.0,  ,  ,0.0,  ,  
2019-08-11 10:05:00,14.7125,10.7201989582,750.81174168,  ,  ,0.600002983073,2.60001292665,77.0,0.0,  ,  ,0.0,  ,  
2019-08-11 10:10:00,14.88,11.0332808896,750.81174168,  ,  ,0.776670528089,2.80001392101,77.775,0.0,  ,  ,0.0,  ,  
2019-08-11 10:15:00,15.1391666667,10.8719304755,750.81174168,  ,  ,0.80000397743,3.10001541254,75.675,0.0,  ,  ,0.0,  ,  
2019-08-11 10:20:00,15.1808333333,10.6835334155,750.81174168,  ,  ,0.888337749938,2.60001292665,74.5333333333,0.0,  ,  ,0.0,  ,  
2019-08-11 10:25:00,15.245,10.6898693745,750.81174168,  ,  ,0.900004474609,3.10001541254,74.2583333333,0.0,  ,  ,0.0,  ,  
2019-08-11 10:30:00,15.31,10.4374789379,750.81174168,  ,  ,0.900004474609,2.40001193229,72.7166666667,0.0,  ,  ,0.0,  ,  
2019-08-11 10:35:00,15.3158333333,10.5117103052,750.81174168,  ,  ,0.900004474609,2.90001441819,73.05,0.0,  ,  ,0.0,  ,  
2019-08-11 10:40:00,15.3858333333,10.5104191458,750.81174168,  ,  ,0.900004474609,3.3000164069,72.7166666667,0.0,  ,  ,0.0,  ,  
2019-08-11 10:45:00,15.6416666667,10.7633778034,750.81174168,  ,  ,0.900004474609,3.40001690408,72.75,0.0,  ,  ,0.0,  ,  
2019-08-11 10:50:00,15.7825,10.7690099888,750.81174168,  ,  ,0.900004474609,2.90001441819,72.125,0.0,  ,  ,0.0,  ,  
2019-08-11 10:55:00,15.8,10.8569289084,750.81174168,  ,  ,0.900004474609,3.40001690408,72.4666666667,0.0,  ,  ,0.0,  ,  
2019-08-11 11:00:00,15.7041666667,10.7647958227,750.850176749,  ,  ,1.25333956464,3.3000164069,72.4666666667,0.0,  ,  ,0.0,  ,  
2019-08-11 11:05:00,15.7033333333,10.5183991517,750.886747848,  ,  ,1.30000646332,3.3000164069,71.2916666667,0.0,  ,  ,0.0,  ,  
2019-08-11 11:10:00,15.6175,10.2952037222,750.886747848,  ,  ,1.12333891831,2.40001193229,70.625,0.0,  ,  ,0.0,  ,  
2019-08-11 11:15:00,15.6458333333,10.3806084115,750.886747848,  ,  ,1.10000546897,1.9000094464,70.9,0.0,  ,  ,0.0,  ,  
2019-08-11 11:20:00,15.7191666667,10.6402881745,750.886747848,  ,  ,0.835004151443,3.3000164069,71.8,0.0,  ,  ,0.0,  ,  
2019-08-11 11:25:00,15.8,10.6759875769,750.886747848,  ,  ,0.80000397743,1.9000094464,71.6,0.0,  ,  ,0.0,  ,  
2019-08-11 11:30:00,15.8825,10.809355056,750.848306248,  ,  ,0.80000397743,2.10001044075,71.8583333333,0.0,  ,  ,0.0,  ,  
2019-08-11 11:35:00,16.0116666667,10.9211749347,750.81174168,  ,  ,0.80000397743,2.90001441819,71.8,0.0,  ,  ,0.0,  ,  
2019-08-11 11:40:00,16.05,10.6011673551,750.81174168,  ,  ,0.888337749938,2.60001292665,70.1166666667,0.0,  ,  ,0.0,  ,  
2019-08-11 11:45:00,16.1,10.5469554083,750.773306611,  ,  ,0.900004474609,4.60002287023,69.6416666667,0.0,  ,  ,0.0,  ,  
2019-08-11 11:50:00,16.1858333333,10.5045891971,750.736735512,  ,  ,0.900004474609,2.60001292665,69.0666666667,0.0,  ,  ,0.0,  ,  
2019-08-11 11:55:00,16.1441666667,10.4701958,750.736735512,  ,  ,0.900004474609,2.80001392101,69.0916666667,0.0,  ,  ,0.0,  ,  
2019-08-11 12:00:00,16.1691666667,10.7331269216,750.736735512,  ,  ,0.900004474609,3.90001938997,70.2,0.0,  ,  ,0.0,  ,  
2019-08-11 12:05:00,16.2291666667,10.7691441903,750.736735512,  ,  ,0.900004474609,2.80001392101,70.1,0.0,  ,  ,0.0,  ,  
2019-08-11 12:10:00,16.3425,10.8346559204,750.736735512,  ,  ,1.25333956464,2.60001292665,69.9,0.0,  ,  ,0.0,  ,  
2019-08-11 12:15:00,16.475,10.8570021278,750.736735512,  ,  ,1.30000646332,3.10001541254,69.4166666667,0.0,  ,  ,0.0,  ,  
2019-08-11 12:20:00,16.5966666667,10.8772349509,750.736735512,  ,  ,0.946671373293,3.10001541254,68.975,0.0,  ,  ,0.0,  ,  
2019-08-11 12:25:00,16.675,11.1258870449,750.736735512,  ,  ,0.900004474609,2.80001392101,69.775,0.0,  ,  ,0.0,  ,  
2019-08-11 12:30:00,16.8,11.0496504216,750.698300443,  ,  ,0.811670702101,3.60001789844,68.875,0.0,  ,  ,0.0,  ,  
2019-08-11 12:35:00,16.8066666667,11.0341193675,750.661729344,  ,  ,0.80000397743,3.10001541254,68.775,0.0,  ,  ,0.0,  ,  
2019-08-11 12:40:00,16.81,10.8684639721,750.661729344,  ,  ,0.80000397743,2.30001143511,68.0083333333,0.0,  ,  ,0.0,  ,  
2019-08-11 12:45:00,16.8658333333,10.8588730166,750.661729344,  ,  ,0.80000397743,2.90001441819,67.725,0.0,  ,  ,0.0,  ,  
2019-08-11 12:50:00,16.9,10.7818078653,750.661729344,  ,  ,0.80000397743,1.80000894922,67.2333333333,0.0,  ,  ,0.0,  ,  
2019-08-11 12:55:00,16.9941666667,11.145408652,750.661729344,  ,  ,0.80000397743,2.30001143511,68.4666666667,0.0,  ,  ,0.0,  ,  
2019-08-11 13:00:00,17.2491666667,11.2354560733,750.700190193,  ,  ,0.80000397743,1.60000795486,67.775,0.0,  ,  ,0.0,  ,  
2019-08-11 13:05:00,17.1791666667,11.0346290363,750.736735512,  ,  ,0.80000397743,2.90001441819,67.175,0.0,  ,  ,0.0,  ,  
2019-08-11 13:10:00,16.8516666667,10.6367149371,750.736735512,  ,  ,0.888337749938,1.4000069605,66.7916666667,0.0,  ,  ,0.0,  ,  
2019-08-11 13:15:00,16.7991666667,10.9078497466,750.698219845,  ,  ,0.900004474609,2.30001143511,68.2333333333,0.0,  ,  ,0.0,  ,  
2019-08-11 13:20:00,16.9183333333,10.9773337864,750.661729344,  ,  ,0.635003157085,3.40001690408,68.0333333333,0.0,  ,  ,0.0,  ,  
2019-08-11 13:25:00,17.1616666667,11.0366464934,750.661729344,  ,  ,0.600002983073,1.9000094464,67.2583333333,0.0,  ,  ,0.0,  ,  
2019-08-11 13:30:00,17.4016666667,11.25401573,750.623313368,  ,  ,0.600002983073,3.3000164069,67.2083333333,0.0,  ,  ,0.0,  ,  
2019-08-11 13:35:00,17.5891666667,11.4400816235,750.586723176,  ,  ,0.600002983073,2.10001044075,67.2416666667,0.0,  ,  ,0.0,  ,  
2019-08-11 13:40:00,17.5908333333,11.1677806643,750.586723176,  ,  ,0.776670528089,2.10001044075,66.0333333333,0.0,  ,  ,0.0,  ,  
2019-08-11 13:45:00,17.4475,10.955320422,750.548288107,  ,  ,0.80000397743,2.80001392101,65.7,0.0,  ,  ,0.0,  ,  
2019-08-11 13:50:00,17.4691666667,11.1507907731,750.511717008,  ,  ,1.06500529495,1.9000094464,66.4666666667,0.0,  ,  ,0.0,  ,  
2019-08-11 13:55:00,17.635,11.270593966,750.511717008,  ,  ,1.10000546897,2.40001193229,66.3,0.0,  ,  ,0.0,  ,  
2019-08-11 14:00:00,17.7225,11.368972487,750.511717008,  ,  ,0.658336606427,2.10001044075,66.3666666667,0.0,  ,  ,0.0,  ,  
2019-08-11 14:05:00,17.7933333333,11.3220336525,750.511717008,  ,  ,0.600002983073,2.80001392101,65.8666666667,0.0,  ,  ,0.0,  ,  
2019-08-11 14:10:00,17.8525,11.4450332443,750.511717008,  ,  ,0.600002983073,2.80001392101,66.1583333333,0.0,  ,  ,0.0,  ,  
2019-08-11 14:15:00,17.9858333333,11.4704153949,750.511717008,  ,  ,0.600002983073,2.30001143511,65.7166666667,0.0,  ,  ,0.0,  ,  
2019-08-11 14:20:00,17.9175,11.2088808631,750.511717008,  ,  ,0.865004300597,2.30001143511,64.8666666667,0.0,  ,  ,0.0,  ,  
2019-08-11 14:25:00,17.9125,11.3181517332,750.511717008,  ,  ,0.900004474609,1.80000894922,65.3583333333,0.0,  ,  ,0.0,  ,  
2019-08-11 14:30:00,18.0558333333,11.6268447077,750.473281939,  ,  ,0.105000522038,2.30001143511,66.1083333333,0.0,  ,  ,0.0,  ,  
2019-08-11 14:35:00,18.0575,11.4962080923,750.43671084,  ,  ,0.0,3.3000164069,65.5333333333,0.0,  ,  ,0.0,  ,  
2019-08-11 14:40:00,17.9975,11.5312915005,750.43671084,  ,  ,0.795003952572,2.80001392101,65.9333333333,0.0,  ,  ,0.0,  ,  
2019-08-11 14:45:00,17.9225,11.5743393494,750.43671084,  ,  ,0.900004474609,2.80001392101,66.4333333333,0.0,  ,  ,0.0,  ,  
2019-08-11 14:50:00,18.0791666667,11.3621705345,750.43671084,  ,  ,1.07667201963,2.30001143511,64.8666666667,0.0,  ,  ,0.0,  ,  
2019-08-11 14:55:00,18.0933333333,11.4318145357,750.43671084,  ,  ,1.10000546897,2.40001193229,65.1083333333,0.0,  ,  ,0.0,  ,  
2019-08-11 15:00:00,18.11,11.3272082282,750.43671084,  ,  ,0.835004151443,2.90001441819,64.5916666667,0.0,  ,  ,0.0,  ,  
2019-08-11 15:05:00,18.1858333333,11.3541611596,750.43671084,  ,  ,0.80000397743,2.60001292665,64.4,0.0,  ,  ,0.0,  ,  
2019-08-11 15:10:00,18.1708333333,11.4257575117,750.43671084,  ,  ,0.888337749938,2.40001193229,64.7666666667,0.0,  ,  ,0.0,  ,  
2019-08-11 15:15:00,18.2116666667,11.3727655789,750.398275771,  ,  ,0.900004474609,1.80000894922,64.375,0.0,  ,  ,0.0,  ,  
2019-08-11 15:20:00,18.3941666667,11.6938832244,750.361704672,  ,  ,0.635003157085,1.80000894922,65.0083333333,0.0,  ,  ,0.0,  ,  
2019-08-11 15:25:00,18.6033333333,11.8571925844,750.361704672,  ,  ,0.600002983073,3.40001690408,64.8583333333,0.0,  ,  ,0.0,  ,  
2019-08-11 15:30:00,18.6,11.7993678478,750.361704672,  ,  ,0.776670528089,2.10001044075,64.625,0.0,  ,  ,0.0,  ,  
2019-08-11 15:35:00,18.6058333333,11.863460882,750.361704672,  ,  ,0.80000397743,2.40001193229,64.875,0.0,  ,  ,0.0,  ,  
2019-08-11 15:40:00,18.7125,11.7427700436,750.361704672,  ,  ,0.623336432415,1.9000094464,63.9333333333,0.0,  ,  ,0.0,  ,  
2019-08-11 15:45:00,18.8725,11.9040749994,750.361704672,  ,  ,0.600002983073,2.90001441819,63.975,0.0,  ,  ,0.0,  ,  
2019-08-11 15:50:00,18.9,11.880597139,750.361704672,  ,  ,0.776670528089,2.40001193229,63.7666666667,0.0,  ,  ,0.0,  ,  
2019-08-11 15:55:00,18.8441666667,11.6304171234,750.361704672,  ,  ,0.80000397743,1.80000894922,62.9416666667,0.0,  ,  ,0.0,  ,  
2019-08-11 16:00:00,18.8233333333,11.5806427134,750.361704672,  ,  ,0.0933337973669,3.60001789844,62.8166666667,0.0,  ,  ,0.0,  ,  
2019-08-11 16:05:00,18.81,11.7398771324,750.361704672,  ,  ,0.0,2.30001143511,63.5333333333,0.0,  ,  ,0.0,  ,  
2019-08-11 16:10:00,18.83,11.7030259097,750.361704672,  ,  ,0.530002635048,1.60000795486,63.3,0.0,  ,  ,0.0,  ,  
2019-08-11 16:15:00,18.8,11.7383705467,750.361704672,  ,  ,0.600002983073,1.9000094464,63.5666666667,0.0,  ,  ,0.0,  ,  
2019-08-11 16:20:00,18.8891666667,12.0968848767,750.361704672,  ,  ,0.0675003355957,1.80000894922,64.725,0.0,  ,  ,0.0,  ,  
2019-08-11 16:25:00,18.9066666667,11.8273080143,750.361704672,  ,  ,0.0,1.9000094464,63.5166666667,0.0,  ,  ,0.0,  ,  
2019-08-11 16:30:00,18.8966666667,11.726077101,750.400157909,  ,  ,0.532502647477,1.4000069605,63.1333333333,0.0,  ,  ,0.0,  ,  
2019-08-11 16:35:00,18.9,11.6027340335,750.43671084,  ,  ,0.600002983073,1.80000894922,62.6083333333,0.0,  ,  ,0.0,  ,  
2019-08-11 16:40:00,18.9,11.5428176992,750.43671084,  ,  ,0.0675003355957,1.9000094464,62.3609958506,0.0,  ,  ,0.0,  ,  
2019-08-11 16:45:00,18.9393305439,11.9125922211,750.398174872,  ,  ,0.0,2.10001044075,63.7447698745,0.0,  ,  ,0.0,  ,  
2019-08-11 16:50:00,18.9834024896,11.8616387319,750.361704672,  ,  ,0.532502647477,2.30001143511,63.356846473,0.0,  ,  ,0.0,  ,  
2019-08-11 16:55:00,19.00375,11.8672526056,750.361704672,  ,  ,0.600002983073,1.30000646332,63.3,0.0,  ,  ,0.0,  ,  
2019-08-11 17:00:00,19.00625,12.051422961,750.323150451,  ,  ,0.0675003355957,2.90001441819,64.0625,0.0,  ,  ,0.0,  ,  
2019-08-11 17:05:00,18.9833333333,11.9990726966,750.286698504,  ,  ,0.0,3.3000164069,63.9333333333,0.0,  ,  ,0.0,  ,  
2019-08-11 17:10:00,18.88375,11.8572911146,750.286698504,  ,  ,0.798753971216,2.60001292665,63.7333333333,0.0,  ,  ,0.0,  ,  
2019-08-11 17:15:00,18.9129166667,12.050749447,750.286698504,  ,  ,0.900004474609,1.60000795486,64.4333333333,0.0,  ,  ,0.0,  ,  
2019-08-11 17:20:00,19.0329166667,11.9755444459,750.286698504,  ,  ,0.101250503394,1.30000646332,63.6375,0.0,  ,  ,0.0,  ,  
2019-08-11 17:25:00,19.1,12.07774285,750.286698504,  ,  ,0.0,2.10001044075,63.8,0.0,  ,  ,0.0,  ,  
2019-08-11 17:30:00,19.1,11.9652190875,750.286698504,  ,  ,0.532502647477,1.4000069605,63.3291666667,0.0,  ,  ,0.0,  ,  
2019-08-11 17:35:00,19.1033333333,12.1433161423,750.286698504,  ,  ,0.600002983073,2.40001193229,64.0625,0.0,  ,  ,0.0,  ,  
2019-08-11 17:40:00,19.0966666667,12.0835197779,750.286698504,  ,  ,0.600002983073,2.10001044075,63.8375,0.0,  ,  ,0.0,  ,  
2019-08-11 17:45:00,19.04375,11.8430093245,750.248188876,  ,  ,0.600002983073,1.4000069605,63.0416666667,0.0,  ,  ,0.0,  ,  
2019-08-11 17:50:00,18.9304166667,11.5556913726,750.211692336,  ,  ,0.600002983073,1.30000646332,62.2958333333,0.0,  ,  ,0.0,  ,  
2019-08-11 17:55:00,18.9,11.7761739792,750.211692336,  ,  ,0.600002983073,0.600002983073,63.3291666667,0.0,  ,  ,0.0,  ,  
2019-08-11 18:00:00,18.9033333333,11.9628915288,750.173145429,  ,  ,0.0675003355957,0.600002983073,64.1,0.0,  ,  ,0.0,  ,  
2019-08-11 18:05:00,19.0158333333,12.224766545,750.136686168,  ,  ,0.0,0.600002983073,64.7583333333,0.0,  ,  ,0.0,  ,  
2019-08-11 18:10:00,19.1,12.191511826,750.136686168,  ,  ,0.0,2.30001143511,64.2791666667,0.0,  ,  ,0.0,  ,  
2019-08-11 18:15:00,18.9708333333,11.9068861218,750.136686168,  ,  ,0.0,2.40001193229,63.5958333333,0.0,  ,  ,0.0,  ,  
2019-08-11 18:20:00,18.8704166667,11.8833125846,750.136686168,  ,  ,0.976254853708,2.40001193229,63.8958333333,0.0,  ,  ,0.0,  ,  
2019-08-11 18:25:00,18.8033333333,12.1489886951,750.136686168,  ,  ,1.10000546897,1.9000094464,65.2958333333,0.0,  ,  ,0.0,  ,  
2019-08-11 18:30:00,18.80625,12.1614571804,750.136686168,  ,  ,0.833754145228,1.10000546897,65.3375,0.0,  ,  ,0.0,  ,  
2019-08-11 18:35:00,18.8933333333,12.1574969136,750.136686168,  ,  ,0.80000397743,0.900004474609,64.9666666667,0.0,  ,  ,0.0,  ,  
2019-08-11 18:40:00,18.9066666667,12.4161494279,750.136686168,  ,  ,0.0900004474609,1.4000069605,66.025,0.0,  ,  ,0.0,  ,  
2019-08-11 18:45:00,18.8966666667,12.4862814627,750.213940273,  ,  ,0.0,1.4000069605,66.3708333333,0.0,  ,  ,0.0,  ,  
2019-08-11 18:50:00,18.7575,12.4806929129,750.286698504,  ,  ,0.0,1.10000546897,66.925,0.0,  ,  ,0.0,  ,  
2019-08-11 18:55:00,18.6270833333,12.7178984486,750.286698504,  ,  ,0.0,0.0,68.5291666667,0.0,  ,  ,0.0,  ,  
2019-08-11 19:00:00,18.4708333333,12.7386307512,750.325227281,  ,  ,0.0,0.0,69.2958333333,0.0,  ,  ,0.0,  ,  
2019-08-11 19:05:00,18.2345833333,12.6807485924,750.361704672,  ,  ,0.0,0.0,70.0625,0.0,  ,  ,0.0,  ,  
2019-08-11 19:10:00,17.9579166667,12.6535786639,750.361704672,  ,  ,0.0,0.0,71.1625,0.0,  ,  ,0.0,  ,  
2019-08-11 19:15:00,17.7041666667,12.5745275625,750.4002143,  ,  ,0.0,0.0,71.9333333333,0.0,  ,  ,0.0,  ,  
2019-08-11 19:20:00,17.4345833333,12.5243164371,750.43671084,  ,  ,0.0,0.0,72.925,0.0,  ,  ,0.0,  ,  
2019-08-11 19:25:00,17.2041666667,12.7958143421,750.43671084,  ,  ,0.0,0.0,75.3208333333,0.0,  ,  ,0.0,  ,  
2019-08-11 19:30:00,16.8883333333,12.9970659421,750.43671084,  ,  ,0.0,0.0,77.8583333333,0.0,  ,  ,0.0,  ,  
2019-08-11 19:35:00,16.54125,12.9465889665,750.43671084,  ,  ,0.0,0.0,79.3291666667,0.0,  ,  ,0.0,  ,  
2019-08-11 19:40:00,16.195,12.9584719317,750.43671084,  ,  ,0.0,0.0,81.1583333333,0.0,  ,  ,0.0,  ,  
2019-08-11 19:45:00,15.8145833333,12.873632483,750.513768395,  ,  ,0.0,0.0,82.6916666667,0.0,  ,  ,0.0,  ,  
2019-08-11 19:50:00,15.495,12.8011481031,750.586723176,  ,  ,0.0,0.0,84.0,0.0,  ,  ,0.0,  ,  
2019-08-11 19:55:00,15.155,12.4683396773,750.586723176,  ,  ,0.0,0.0,84.0,0.0,  ,  ,0.0,  ,  
2019-08-11 20:00:00,14.7941666667,12.2765041058,750.625251954,  ,  ,0.0,0.0,84.8958333333,0.0,  ,  ,0.0,  ,  
2019-08-11 20:05:00,14.505,12.1651480441,750.661729344,  ,  ,0.0,0.0,85.8625,0.0,  ,  ,0.0,  ,  
2019-08-11 20:10:00,14.2108333333,12.0922741739,750.661729344,  ,  ,0.0,0.0,87.0916666667,0.0,  ,  ,0.0,  ,  
2019-08-11 20:15:00,13.9741666667,12.0170819985,750.700170005,  ,  ,0.0,0.0,88.0,0.0,  ,  ,0.0,  ,  
2019-08-11 20:20:00,13.7708333333,11.9649080282,750.736735512,  ,  ,0.0,0.0,88.8625,0.0,  ,  ,0.0,  ,  
2019-08-11 20:25:00,13.5841666667,11.9055833136,750.736735512,  ,  ,0.0,0.0,89.5958333333,0.0,  ,  ,0.0,  ,  
2019-08-11 20:30:00,13.3575,11.7501393984,750.775252193,  ,  ,0.0,0.0,90.0,0.0,  ,  ,0.0,  ,  
2019-08-11 20:35:00,13.1479166667,11.648697496,750.81174168,  ,  ,0.0,0.0,90.6291666667,0.0,  ,  ,0.0,  ,  
2019-08-11 20:40:00,12.8875,11.529802754,750.81174168,  ,  ,0.0,0.0,91.4625,0.0,  ,  ,0.0,  ,  
2019-08-11 20:45:00,12.6941666667,11.4271160651,750.81174168,  ,  ,0.0,0.0,92.0,0.0,  ,  ,0.0,  ,  
2019-08-11 20:50:00,12.5008333333,11.2357336536,750.81174168,  ,  ,0.0,0.0,92.0,0.0,  ,  ,0.0,  ,  
2019-08-11 20:55:00,12.2941666667,11.0849883253,750.81174168,  ,  ,0.0,0.0,92.3291666667,0.0,  ,  ,0.0,  ,  
2019-08-11 21:00:00,12.1241666667,11.0256799132,750.850232178,  ,  ,0.0,0.0,93.0,0.0,  ,  ,0.0,  ,  
2019-08-11 21:05:00,11.92375,10.827021151,750.886747848,  ,  ,0.0,0.0,93.0,0.0,  ,  ,0.0,  ,  
2019-08-11 21:10:00,11.7875,10.6919654334,750.886747848,  ,  ,0.0,0.0,93.0,0.0,  ,  ,0.0,  ,  
2019-08-11 21:15:00,11.6604166667,10.5659954493,750.886747848,  ,  ,0.0,0.0,93.0,0.0,  ,  ,0.0,  ,  
2019-08-11 21:20:00,11.6,10.6340503671,750.886747848,  ,  ,0.0,0.0,93.7958333333,0.0,  ,  ,0.0,  ,  
2019-08-11 21:25:00,11.4808333333,10.5484431471,750.886747848,  ,  ,0.0,0.0,94.0,0.0,  ,  ,0.0,  ,  
2019-08-11 21:30:00,11.3804166667,10.4487764067,750.886747848,  ,  ,0.0,0.0,94.0,0.0,  ,  ,0.0,  ,  
2019-08-11 21:35:00,11.2966666667,10.3656516339,750.886747848,  ,  ,0.0,0.0,94.0,0.0,  ,  ,0.0,  ,  
2019-08-11 21:40:00,11.1975,10.2672250157,750.886747848,  ,  ,0.0,0.0,94.0,0.0,  ,  ,0.0,  ,  
2019-08-11 21:45:00,11.12,10.1903031689,750.925238346,  ,  ,0.0,0.0,94.0,0.0,  ,  ,0.0,  ,  
2019-08-11 21:50:00,11.03375,10.1046963869,750.961754016,  ,  ,0.0,0.0,94.0,0.0,  ,  ,0.0,  ,  
2019-08-11 21:55:00,10.90375,9.97566545591,750.961754016,  ,  ,0.0,0.0,94.0,0.0,  ,  ,0.0,  ,  
2019-08-11 22:00:00,10.9,9.97194340235,751.000282794,  ,  ,0.0,0.0,94.0,0.0,  ,  ,0.0,  ,  
2019-08-11 22:05:00,10.8866666667,9.95870943073,751.036760184,  ,  ,0.0,0.0,94.0,0.0,  ,  ,0.0,  ,  
2019-08-11 22:10:00,10.80375,9.8764105508,751.036760184,  ,  ,0.0,0.0,94.0,0.0,  ,  ,0.0,  ,  
2019-08-11 22:15:00,10.8,9.87268848606,751.075232533,  ,  ,0.0,0.0,94.0,0.0,  ,  ,0.0,  ,  
2019-08-11 22:20:00,10.7204166667,9.79369790216,751.111766352,  ,  ,0.0,0.0,94.0,0.0,  ,  ,0.0,  ,  
2019-08-11 22:25:00,10.6970833333,9.77053832345,751.111766352,  ,  ,0.0,0.0,94.0,0.0,  ,  ,0.0,  ,  
2019-08-11 22:30:00,10.6033333333,9.67748628108,751.111766352,  ,  ,0.0,0.0,94.0,0.0,  ,  ,0.0,  ,  
2019-08-11 22:35:00,10.5304166667,9.68417526457,751.111766352,  ,  ,0.0,0.0,94.5,0.0,  ,  ,0.0,  ,  
2019-08-11 22:40:00,10.4004166667,9.5963776163,751.111766352,  ,  ,0.0,0.0,94.7625,0.0,  ,  ,0.0,  ,  
2019-08-11 22:45:00,10.3604166667,9.5939205084,751.15029513,  ,  ,0.0,0.0,95.0,0.0,  ,  ,0.0,  ,  
2019-08-11 22:50:00,10.3,9.53387658956,751.18677252,  ,  ,0.0,0.0,95.0,0.0,  ,  ,0.0,  ,  
2019-08-11 22:55:00,10.2604166667,9.49453742133,751.18677252,  ,  ,0.0,0.0,95.0,0.0,  ,  ,0.0,  ,  
2019-08-11 23:00:00,10.19375,9.42828189239,751.225263018,  ,  ,0.0,0.0,95.0,0.0,  ,  ,0.0,  ,  
2019-08-11 23:05:00,10.1,9.33510986866,751.261778688,  ,  ,0.0,0.0,95.0,0.0,  ,  ,0.0,  ,  
2019-08-11 23:10:00,10.0504166667,9.28583213256,751.261778688,  ,  ,0.0,0.0,95.0,0.0,  ,  ,0.0,  ,  
2019-08-11 23:15:00,9.93041666667,9.16657147732,751.261778688,  ,  ,0.0,0.0,95.0,0.0,  ,  ,0.0,  ,  
2019-08-11 23:20:00,9.88041666667,9.11687943241,751.261778688,  ,  ,0.0,0.0,95.0,0.0,  ,  ,0.0,  ,  
2019-08-11 23:25:00,9.8,9.03695793033,751.261778688,  ,  ,0.0,0.0,95.0,0.0,  ,  ,0.0,  ,  
2019-08-11 23:30:00,9.70083333333,8.85043202548,751.261778688,  ,  ,0.0,0.0,94.4375,0.0,  ,  ,0.0,  ,  
2019-08-11 23:35:00,9.6,8.77507875195,751.261778688,  ,  ,0.0,0.0,94.5958333333,0.0,  ,  ,0.0,  ,  
2019-08-11 23:40:00,9.53708333333,8.90948296918,751.261778688,  ,  ,0.0,0.0,95.8625,0.0,  ,  ,0.0,  ,  
2019-08-11 23:45:00,9.49333333333,8.88718354908,751.338759683,  ,  ,0.0,0.0,96.0,0.0,  ,  ,0.0,  ,  
2019-08-11 23:50:00,9.40041666667,8.67157205026,751.411791024,  ,  ,0.0,0.0,95.2041666667,0.0,  ,  ,0.0,  ,  
  

    

