Time,TemperatureC,DewpointC,PressurehPa,WindDirection,WindDirectionDegrees,WindSpeedKMH,WindSpeedGustKMH,Humidity,HourlyPrecipMM,Conditions,Clouds,dailyrainMM,SoftwareType,DateUTC
                
2020-01-12 00:00:00,-4.96791666667,-5.20118919154,753.211939056,  ,  ,0.729170291929,2.30001143511,98.2458333333,0.0,  ,  ,0.0,  ,  
2020-01-12 00:05:00,-4.86125,-5.11599252692,753.211939056,  ,  ,0.80000397743,2.10001044075,98.0875,0.0,  ,  ,0.0,  ,  
2020-01-12 00:10:00,-4.64041666667,-4.77332287017,753.211939056,  ,  ,0.80000397743,2.10001044075,99.0,0.0,  ,  ,0.0,  ,  
2020-01-12 00:15:00,-4.45791666667,-4.71466549502,753.265273437,  ,  ,0.80000397743,2.30001143511,98.0791666667,0.0,  ,  ,0.0,  ,  
2020-01-12 00:20:00,-4.35458333333,-4.62224621659,753.361951392,  ,  ,0.80000397743,2.60001292665,98.0,0.0,  ,  ,0.0,  ,  
2020-01-12 00:25:00,-4.24125,-4.50917279904,753.361951392,  ,  ,0.80000397743,2.80001392101,98.0,0.0,  ,  ,0.0,  ,  
2020-01-12 00:30:00,-4.18791666667,-4.45596182261,753.415186386,  ,  ,0.864587631858,2.60001292665,98.0,0.0,  ,  ,0.0,  ,  
2020-01-12 00:35:00,-4.1,-4.44796642036,753.511963728,  ,  ,0.900004474609,2.60001292665,97.4125,0.0,  ,  ,0.0,  ,  
2020-01-12 00:40:00,-4.1,-4.43323438256,753.511963728,  ,  ,0.835420820181,2.40001193229,97.5208333333,0.0,  ,  ,0.0,  ,  
2020-01-12 00:45:00,-4.04791666667,-4.36883976383,753.565246798,  ,  ,0.80000397743,2.30001143511,97.6125,0.0,  ,  ,0.0,  ,  
2020-01-12 00:50:00,-4.03541666667,-4.43983473465,753.661976064,  ,  ,0.670836668575,2.60001292665,97.0,0.0,  ,  ,0.0,  ,  
2020-01-12 00:55:00,-4.1,-4.50419473531,753.661976064,  ,  ,0.600002983073,1.9000094464,97.0,0.0,  ,  ,0.0,  ,  
2020-01-12 01:00:00,-4.13541666667,-4.53948895537,753.608666511,  ,  ,0.600002983073,1.30000646332,97.0,0.0,  ,  ,0.0,  ,  
2020-01-12 01:05:00,-4.24541666667,-4.7844135844,753.511963728,  ,  ,0.600002983073,3.3000164069,96.0125,0.0,  ,  ,0.0,  ,  
2020-01-12 01:10:00,-4.3,-4.70520779272,753.511963728,  ,  ,0.729170291929,2.60001292665,96.9875,0.0,  ,  ,0.0,  ,  
2020-01-12 01:15:00,-4.38875,-4.79194697526,753.565271415,  ,  ,0.80000397743,0.80000397743,97.0,0.0,  ,  ,0.0,  ,  
2020-01-12 01:20:00,-4.44875,-4.92282635936,753.661976064,  ,  ,0.283334742007,1.4000069605,96.4791666667,0.0,  ,  ,0.0,  ,  
2020-01-12 01:25:00,-4.60416666667,-5.14322554883,753.661976064,  ,  ,0.0,0.0,96.0,0.0,  ,  ,0.0,  ,  
2020-01-12 01:30:00,-4.70875,-5.24732582936,753.635334529,  ,  ,0.0,0.0,96.0,0.0,  ,  ,0.0,  ,  
2020-01-12 01:35:00,-4.82875,-5.36677183572,753.586969896,  ,  ,0.0,0.0,96.0,0.0,  ,  ,0.0,  ,  
2020-01-12 01:40:00,-4.94541666667,-5.47093198685,753.586969896,  ,  ,0.0,1.9000094464,96.0875,0.0,  ,  ,0.0,  ,  
2020-01-12 01:45:00,-4.96125,-5.32805640082,753.586969896,  ,  ,0.0,2.10001044075,97.2541666667,0.0,  ,  ,0.0,  ,  
2020-01-12 01:50:00,-4.83458333333,-5.1011467936,753.586969896,  ,  ,0.516669235424,2.30001143511,98.0,0.0,  ,  ,0.0,  ,  
2020-01-12 01:55:00,-4.8,-5.06664259662,753.586969896,  ,  ,0.80000397743,2.10001044075,98.0,0.0,  ,  ,0.0,  ,  
2020-01-12 02:00:00,-4.8,-5.186513803,753.586969896,  ,  ,0.283334742007,1.4000069605,97.1125,0.0,  ,  ,0.0,  ,  
2020-01-12 02:05:00,-4.8,-5.14025165523,753.586969896,  ,  ,0.0,1.80000894922,97.4541666667,0.0,  ,  ,0.0,  ,  
2020-01-12 02:10:00,-4.8,-5.06664259662,753.586969896,  ,  ,0.0,1.30000646332,98.0,0.0,  ,  ,0.0,  ,  
2020-01-12 02:15:00,-4.8,-5.07112737126,753.560189971,  ,  ,0.0,1.4000069605,97.9666666667,0.0,  ,  ,0.0,  ,  
2020-01-12 02:20:00,-4.8,-5.06664259662,753.511963728,  ,  ,0.0,1.10000546897,98.0,0.0,  ,  ,0.0,  ,  
2020-01-12 02:25:00,-4.79666666667,-5.0633168915,753.511963728,  ,  ,0.0,0.900004474609,98.0,0.0,  ,  ,0.0,  ,  
2020-01-12 02:30:00,-4.8,-5.06664259662,753.378317052,  ,  ,0.0,1.4000069605,98.0,0.0,  ,  ,0.0,  ,  
2020-01-12 02:35:00,-4.8,-5.06664259662,753.136932888,  ,  ,0.0,1.9000094464,98.0,0.0,  ,  ,0.0,  ,  
2020-01-12 02:40:00,-4.8,-5.06664259662,753.136932888,  ,  ,0.581252889852,1.60000795486,98.0,0.0,  ,  ,0.0,  ,  
2020-01-12 02:45:00,-4.80333333333,-5.15991933189,753.217081059,  ,  ,0.900004474609,0.900004474609,97.3333333333,0.0,  ,  ,0.0,  ,  
2020-01-12 02:50:00,-4.81666666667,-5.08327112382,753.361951392,  ,  ,0.318751584757,1.30000646332,98.0,0.0,  ,  ,0.0,  ,  
2020-01-12 02:55:00,-4.80333333333,-5.06996830184,753.361951392,  ,  ,0.0,0.0,98.0,0.0,  ,  ,0.0,  ,  
2020-01-12 03:00:00,-4.89875,-5.17412996564,753.388693701,  ,  ,0.0,0.0,97.9333333333,0.0,  ,  ,0.0,  ,  
2020-01-12 03:05:00,-4.9,-5.1664138007,753.43695756,  ,  ,0.0,1.10000546897,98.0,0.0,  ,  ,0.0,  ,  
2020-01-12 03:10:00,-4.9,-5.1664138007,753.43695756,  ,  ,0.0,1.30000646332,98.0,0.0,  ,  ,0.0,  ,  
2020-01-12 03:15:00,-4.90208333333,-5.16849236849,753.356697607,  ,  ,0.0,1.4000069605,98.0,0.0,  ,  ,0.0,  ,  
2020-01-12 03:20:00,-5.0,-5.3948788951,753.211939056,  ,  ,0.387501926568,2.10001044075,97.0458333333,0.0,  ,  ,0.0,  ,  
2020-01-12 03:25:00,-5.09541666667,-5.49617698571,753.211939056,  ,  ,0.600002983073,1.10000546897,97.0,0.0,  ,  ,0.0,  ,  
2020-01-12 03:30:00,-5.1,-5.43488220393,753.265445691,  ,  ,0.600002983073,1.10000546897,97.4875,0.0,  ,  ,0.0,  ,  
2020-01-12 03:35:00,-5.11208333333,-5.47053753417,753.361951392,  ,  ,0.600002983073,0.80000397743,97.3125,0.0,  ,  ,0.0,  ,  
2020-01-12 03:40:00,-5.2,-5.6004003317,753.361951392,  ,  ,0.212501056505,0.600002983073,97.0,0.0,  ,  ,0.0,  ,  
2020-01-12 03:45:00,-5.20208333333,-5.60247649561,753.361951392,  ,  ,0.0,1.4000069605,97.0,0.0,  ,  ,0.0,  ,  
2020-01-12 03:50:00,-5.29333333333,-5.69341253777,753.361951392,  ,  ,0.0,1.60000795486,97.0,0.0,  ,  ,0.0,  ,  
2020-01-12 03:55:00,-5.3,-5.58057627032,753.361951392,  ,  ,0.0,1.4000069605,97.8875,0.0,  ,  ,0.0,  ,  
2020-01-12 04:00:00,-5.3,-5.56549959793,753.361951392,  ,  ,0.387501926568,1.30000646332,98.0,0.0,  ,  ,0.0,  ,  
2020-01-12 04:05:00,-5.37541666667,-5.64074407513,753.361951392,  ,  ,0.600002983073,0.600002983073,98.0,0.0,  ,  ,0.0,  ,  
2020-01-12 04:10:00,-5.4,-5.74410713547,753.361951392,  ,  ,0.212501056505,0.600002983073,97.4125,0.0,  ,  ,0.0,  ,  
2020-01-12 04:15:00,-5.45541666667,-5.7758439542,753.388718007,  ,  ,0.0,1.30000646332,97.5875,0.0,  ,  ,0.0,  ,  
2020-01-12 04:20:00,-5.5,-5.76504308509,753.43695756,  ,  ,0.0,1.10000546897,98.0,0.0,  ,  ,0.0,  ,  
2020-01-12 04:25:00,-5.52,-5.78499745539,753.43695756,  ,  ,0.0,2.10001044075,98.0,0.0,  ,  ,0.0,  ,  
2020-01-12 04:30:00,-5.48125,-5.7463358665,753.410228225,  ,  ,0.581252889852,1.9000094464,98.0,0.0,  ,  ,0.0,  ,  
2020-01-12 04:35:00,-5.4,-5.64910882034,753.361951392,  ,  ,0.900004474609,2.80001392101,98.1208333333,0.0,  ,  ,0.0,  ,  
2020-01-12 04:40:00,-5.37791666667,-5.50998329545,753.361951392,  ,  ,0.900004474609,2.40001193229,99.0,0.0,  ,  ,0.0,  ,  
2020-01-12 04:45:00,-5.3,-5.43215520401,753.361951392,  ,  ,0.900004474609,1.9000094464,99.0,0.0,  ,  ,0.0,  ,  
2020-01-12 04:50:00,-5.27125,-5.40343789434,753.361951392,  ,  ,0.835420820181,1.60000795486,99.0,0.0,  ,  ,0.0,  ,  
2020-01-12 04:55:00,-5.2,-5.33226892692,753.361951392,  ,  ,0.80000397743,1.9000094464,99.0,0.0,  ,  ,0.0,  ,  
2020-01-12 05:00:00,-5.19791666667,-5.33018796334,753.255183169,  ,  ,0.864587631858,2.30001143511,99.0,0.0,  ,  ,0.0,  ,  
2020-01-12 05:05:00,-5.1,-5.23238269872,753.06192672,  ,  ,0.900004474609,2.60001292665,99.0,0.0,  ,  ,0.0,  ,  
2020-01-12 05:10:00,-5.04125,-5.17369956245,753.06192672,  ,  ,1.15833909232,2.80001392101,99.0,0.0,  ,  ,0.0,  ,  
2020-01-12 05:15:00,-4.91125,-5.0438475762,753.008569128,  ,  ,1.30000646332,2.80001392101,99.0,0.0,  ,  ,0.0,  ,  
2020-01-12 05:20:00,-4.89666666667,-5.02928085213,752.911914384,  ,  ,1.36459011775,2.30001143511,99.0,0.0,  ,  ,0.0,  ,  
2020-01-12 05:25:00,-4.80458333333,-5.00689835104,752.911914384,  ,  ,1.4000069605,2.10001044075,98.4791666667,0.0,  ,  ,0.0,  ,  
2020-01-12 05:30:00,-4.8,-5.06664259662,752.938581574,  ,  ,1.20625599722,3.10001541254,98.0,0.0,  ,  ,0.0,  ,  
2020-01-12 05:35:00,-4.8,-5.06664259662,752.986920552,  ,  ,1.10000546897,2.80001392101,98.0,0.0,  ,  ,0.0,  ,  
2020-01-12 05:40:00,-4.75791666667,-5.02465557756,752.986920552,  ,  ,1.22917277782,2.80001392101,98.0,0.0,  ,  ,0.0,  ,  
2020-01-12 05:45:00,-4.70875,-4.97560145848,752.93353644,  ,  ,1.30000646332,2.30001143511,98.0,0.0,  ,  ,0.0,  ,  
2020-01-12 05:50:00,-4.77,-5.09794874007,752.836908216,  ,  ,1.36459011775,2.40001193229,97.5458333333,0.0,  ,  ,0.0,  ,  
2020-01-12 05:55:00,-4.79458333333,-5.19638005412,752.836908216,  ,  ,1.4000069605,3.3000164069,97.0,0.0,  ,  ,0.0,  ,  
2020-01-12 06:00:00,-4.71666666667,-5.07803313045,752.703514236,  ,  ,1.65834157822,3.60001789844,97.3,0.0,  ,  ,0.0,  ,  
2020-01-12 06:05:00,-4.7,-5.10212284615,752.461877376,  ,  ,1.80000894922,3.80001889279,97.0,0.0,  ,  ,0.0,  ,  
2020-01-12 06:10:00,-4.69333333333,-5.09547917128,752.461877376,  ,  ,1.86459260365,2.30001143511,97.0,0.0,  ,  ,0.0,  ,  
2020-01-12 06:15:00,-4.61458333333,-5.01700081148,752.541953543,  ,  ,1.9000094464,2.80001392101,97.0,0.0,  ,  ,0.0,  ,  
2020-01-12 06:20:00,-4.6,-5.00246779194,752.68689588,  ,  ,1.51250751983,2.40001193229,97.0,0.0,  ,  ,0.0,  ,  
2020-01-12 06:25:00,-4.6,-5.00246779194,752.68689588,  ,  ,1.30000646332,2.30001143511,97.0,0.0,  ,  ,0.0,  ,  
2020-01-12 06:30:00,-4.51458333333,-4.91734588337,752.607006987,  ,  ,1.30000646332,2.60001292665,97.0,0.0,  ,  ,0.0,  ,  
2020-01-12 06:35:00,-4.42125,-4.82433475033,752.461877376,  ,  ,1.30000646332,1.9000094464,97.0,0.0,  ,  ,0.0,  ,  
2020-01-12 06:40:00,-4.4,-4.8031581264,752.461877376,  ,  ,1.36459011775,2.60001292665,97.0,0.0,  ,  ,0.0,  ,  
2020-01-12 06:45:00,-4.35791666667,-4.76122012614,752.43519858,  ,  ,1.4000069605,2.40001193229,97.0,0.0,  ,  ,0.0,  ,  
2020-01-12 06:50:00,-4.3,-4.70350351507,752.386871208,  ,  ,1.4000069605,2.80001392101,97.0,0.0,  ,  ,0.0,  ,  
2020-01-12 06:55:00,-4.3,-4.76098821863,752.386871208,  ,  ,1.4000069605,2.80001392101,96.5791666667,0.0,  ,  ,0.0,  ,  
2020-01-12 07:00:00,-4.3,-4.84046500455,752.253410929,  ,  ,1.72292523264,3.40001690408,96.0,0.0,  ,  ,0.0,  ,  
2020-01-12 07:05:00,-4.29666666667,-4.8371470909,752.011840368,  ,  ,1.9000094464,3.10001541254,96.0,0.0,  ,  ,0.0,  ,  
2020-01-12 07:10:00,-4.27333333333,-4.81392170149,752.011840368,  ,  ,2.02917675525,3.10001541254,96.0,0.0,  ,  ,0.0,  ,  
2020-01-12 07:15:00,-4.22125,-4.87090284654,751.985185592,  ,  ,2.10001044075,3.90001938997,95.2125,0.0,  ,  ,0.0,  ,  
2020-01-12 07:20:00,-4.2,-4.87927806438,751.9368342,  ,  ,2.22917774961,3.3000164069,95.0,0.0,  ,  ,0.0,  ,  
2020-01-12 07:25:00,-4.19666666667,-4.87596409707,751.9368342,  ,  ,2.30001143511,3.3000164069,95.0,0.0,  ,  ,0.0,  ,  
2020-01-12 07:30:00,-4.12125,-4.80098566016,751.883403093,  ,  ,1.97709316297,3.60001789844,95.0,0.0,  ,  ,0.0,  ,  
2020-01-12 07:35:00,-4.1,-4.80132125675,751.786821864,  ,  ,1.80000894922,3.60001789844,94.8458333333,0.0,  ,  ,0.0,  ,  
2020-01-12 07:40:00,-4.1,-4.85423826456,751.786821864,  ,  ,1.9937599125,3.60001789844,94.4666666667,0.0,  ,  ,0.0,  ,  
2020-01-12 07:45:00,-4.05458333333,-4.87452750908,751.680053641,  ,  ,2.10001044075,4.30002137869,94.0,0.0,  ,  ,0.0,  ,  
2020-01-12 07:50:00,-3.92458333333,-4.74543859182,751.486797192,  ,  ,2.10001044075,3.80001889279,94.0,0.0,  ,  ,0.0,  ,  
2020-01-12 07:55:00,-3.9,-4.72102760325,751.486797192,  ,  ,2.10001044075,3.40001690408,94.0,0.0,  ,  ,0.0,  ,  
2020-01-12 08:00:00,-3.83791666667,-4.65937959372,751.406760804,  ,  ,2.10001044075,3.80001889279,94.0,0.0,  ,  ,0.0,  ,  
2020-01-12 08:05:00,-3.8,-4.6217288525,751.261778688,  ,  ,2.10001044075,4.50002237305,94.0,0.0,  ,  ,0.0,  ,  
2020-01-12 08:10:00,-3.8,-4.6217288525,751.261778688,  ,  ,2.10001044075,3.3000164069,94.0,0.0,  ,  ,0.0,  ,  
2020-01-12 08:15:00,-3.75125,-4.65629606925,751.181702521,  ,  ,2.10001044075,4.50002237305,93.4125,0.0,  ,  ,0.0,  ,  
2020-01-12 08:20:00,-3.7,-4.66400351627,751.036760184,  ,  ,2.10001044075,5.00002485894,93.0,0.0,  ,  ,0.0,  ,  
2020-01-12 08:25:00,-3.61458333333,-4.57928930482,751.036760184,  ,  ,2.10001044075,3.80001889279,93.0,0.0,  ,  ,0.0,  ,  
2020-01-12 08:30:00,-3.6,-4.5962985753,750.93024166,  ,  ,2.29376140404,4.30002137869,92.7791666667,0.0,  ,  ,0.0,  ,  
2020-01-12 08:35:00,-3.6,-4.7078766389,750.736735512,  ,  ,2.40001193229,6.00002983073,92.0,0.0,  ,  ,0.0,  ,  
2020-01-12 08:40:00,-3.54791666667,-4.65628516144,750.736735512,  ,  ,2.65834655,5.30002635048,92.0,0.0,  ,  ,0.0,  ,  
2020-01-12 08:45:00,-3.42125,-4.53081514164,750.656699124,  ,  ,2.80001392101,5.80002883637,92.0,0.0,  ,  ,0.0,  ,  
2020-01-12 08:50:00,-3.35125,-4.46147672216,750.511717008,  ,  ,2.86459757543,5.10002535612,92.0,0.0,  ,  ,0.0,  ,  
2020-01-12 08:55:00,-3.28125,-4.44809275945,750.511717008,  ,  ,2.90001441819,5.00002485894,91.6125,0.0,  ,  ,0.0,  ,  
2020-01-12 09:00:00,-3.17458333333,-4.43143921139,750.324872617,  ,  ,2.90001441819,5.10002535612,91.0,0.0,  ,  ,0.0,  ,  
2020-01-12 09:05:00,-3.0425,-4.4307518584,749.986673832,  ,  ,2.90001441819,6.30003132226,90.1125,0.0,  ,  ,0.0,  ,  
2020-01-12 09:10:00,-2.89125,-4.2978657236,749.986673832,  ,  ,3.02918172704,3.90001938997,90.0,0.0,  ,  ,0.0,  ,  
2020-01-12 09:15:00,-2.79666666667,-4.34091839301,749.93331624,  ,  ,3.10001541254,6.50003231662,89.0791666667,0.0,  ,  ,0.0,  ,  
2020-01-12 09:20:00,-2.70458333333,-4.30167238057,749.836661496,  ,  ,3.29376637583,7.80003877995,88.7333333333,0.0,  ,  ,0.0,  ,  
2020-01-12 09:25:00,-2.65125,-4.33220510287,749.836661496,  ,  ,3.40001690408,6.80003380816,88.1791666667,0.0,  ,  ,0.0,  ,  
2020-01-12 09:30:00,-2.56458333333,-4.27377364205,749.836661496,  ,  ,3.40001690408,5.50002734483,88.0,0.0,  ,  ,0.0,  ,  
2020-01-12 09:35:00,-2.42458333333,-4.16414346674,749.836661496,  ,  ,3.40001690408,7.00003480252,87.8125,0.0,  ,  ,0.0,  ,  
2020-01-12 09:40:00,-2.33791666667,-4.20227961446,749.836661496,  ,  ,2.88334766866,5.30002635048,87.0,0.0,  ,  ,0.0,  ,  
2020-01-12 09:45:00,-2.26125,-4.1268229243,749.81000672,  ,  ,2.60001292665,8.10004027148,87.0,0.0,  ,  ,0.0,  ,  
2020-01-12 09:50:00,-2.14125,-4.06808861283,749.761655328,  ,  ,2.47084561779,5.60002784201,86.6125,0.0,  ,  ,0.0,  ,  
2020-01-12 09:55:00,-2.02583333333,-4.04897090997,749.761655328,  ,  ,2.40001193229,6.80003380816,86.0,0.0,  ,  ,0.0,  ,  
2020-01-12 10:00:00,-1.9,-4.0217040012,749.68161894,  ,  ,3.04584847657,7.60003778559,85.3791666667,0.0,  ,  ,0.0,  ,  
2020-01-12 10:05:00,-1.80916666667,-3.99173360517,749.536636824,  ,  ,3.40001690408,7.80003877995,85.0,0.0,  ,  ,0.0,  ,  
2020-01-12 10:10:00,-1.68458333333,-3.97756315811,749.536636824,  ,  ,3.72293517622,6.80003380816,84.3125,0.0,  ,  ,0.0,  ,  
2020-01-12 10:15:00,-1.6,-3.94405352441,749.456672495,  ,  ,3.90001938997,5.60002784201,84.0,0.0,  ,  ,0.0,  ,  
2020-01-12 10:20:00,-1.49583333333,-3.8419454172,749.31161832,  ,  ,3.25418284569,7.30003629405,84.0,0.0,  ,  ,0.0,  ,  
2020-01-12 10:25:00,-1.37125,-3.79210479012,749.31161832,  ,  ,2.90001441819,8.10004027148,83.5458333333,0.0,  ,  ,0.0,  ,  
2020-01-12 10:30:00,-1.25125,-3.76196914332,749.098678344,  ,  ,3.54585096247,8.30004126584,83.0,0.0,  ,  ,0.0,  ,  
2020-01-12 10:35:00,-1.1225,-3.76310030008,748.711568976,  ,  ,3.90001938997,8.5000422602,82.2125,0.0,  ,  ,0.0,  ,  
2020-01-12 10:40:00,-0.909166666667,-3.73426482954,748.711568976,  ,  ,3.90001938997,8.30004126584,81.1125,0.0,  ,  ,0.0,  ,  
2020-01-12 10:45:00,-0.747916666667,-3.69804753079,748.684952673,  ,  ,3.90001938997,7.80003877995,80.3791666667,0.0,  ,  ,0.0,  ,  
2020-01-12 10:50:00,-0.676666666667,-3.69165247692,748.636562808,  ,  ,3.83543573555,8.5000422602,80.0,0.0,  ,  ,0.0,  ,  
2020-01-12 10:55:00,-0.617916666667,-3.6343877758,748.636562808,  ,  ,3.80001889279,8.0000397743,80.0,0.0,  ,  ,0.0,  ,  
2020-01-12 11:00:00,-0.643333333333,-3.65916182204,748.556486641,  ,  ,3.80001889279,7.00003480252,80.0,0.0,  ,  ,0.0,  ,  
2020-01-12 11:05:00,-0.61,-3.6266712834,748.411544304,  ,  ,3.80001889279,6.10003032791,80.0,0.0,  ,  ,0.0,  ,  
2020-01-12 11:10:00,-0.65875,-3.60209487032,748.411544304,  ,  ,3.47710062065,6.10003032791,80.4333333333,0.0,  ,  ,0.0,  ,  
2020-01-12 11:15:00,-0.7,-3.68663628696,748.30482912,  ,  ,3.3000164069,8.10004027148,80.1666666667,0.0,  ,  ,0.0,  ,  
2020-01-12 11:20:00,-0.686666666667,-3.5651598241,748.111519632,  ,  ,3.3000164069,10.3000512094,80.8208333333,0.0,  ,  ,0.0,  ,  
2020-01-12 11:25:00,-0.62125,-3.48824055764,748.111519632,  ,  ,3.3000164069,6.00002983073,80.9,0.0,  ,  ,0.0,  ,  
2020-01-12 11:30:00,-0.6,-3.45098992188,748.05813552,  ,  ,3.17084909804,6.00002983073,81.0,0.0,  ,  ,0.0,  ,  
2020-01-12 11:35:00,-0.6,-3.45098992188,747.961507296,  ,  ,3.10001541254,8.60004275738,81.0,0.0,  ,  ,0.0,  ,  
2020-01-12 11:40:00,-0.6,-3.45098992188,747.961507296,  ,  ,3.2291827214,6.6000328138,81.0,0.0,  ,  ,0.0,  ,  
2020-01-12 11:45:00,-0.567916666667,-3.41967356762,747.93485252,  ,  ,3.3000164069,6.00002983073,81.0,0.0,  ,  ,0.0,  ,  
2020-01-12 11:50:00,-0.467916666667,-3.32206480555,747.886501128,  ,  ,3.3000164069,6.50003231662,81.0,0.0,  ,  ,0.0,  ,  
2020-01-12 11:55:00,-0.4,-3.37539869961,747.886501128,  ,  ,3.3000164069,7.60003778559,80.2791666667,0.0,  ,  ,0.0,  ,  
2020-01-12 12:00:00,-0.393333333333,-3.37653699678,747.779785944,  ,  ,3.68751833347,8.60004275738,80.2333333333,0.0,  ,  ,0.0,  ,  
2020-01-12 12:05:00,-0.32125,-3.26183820403,747.586476456,  ,  ,3.90001938997,9.80004872352,80.5,0.0,  ,  ,0.0,  ,  
2020-01-12 12:10:00,-0.3,-3.30431679964,747.586476456,  ,  ,3.90001938997,8.80004375174,80.1208333333,0.0,  ,  ,0.0,  ,  
2020-01-12 12:15:00,-0.3,-3.2002729131,747.293137361,  ,  ,3.90001938997,8.10004027148,80.7458333333,0.0,  ,  ,0.0,  ,  
2020-01-12 12:20:00,-0.3,-3.19889048693,746.761408608,  ,  ,3.83543573555,10.600052701,80.7541666667,0.0,  ,  ,0.0,  ,  
2020-01-12 12:25:00,-0.3,-3.15816565287,746.761408608,  ,  ,3.80001889279,6.80003380816,81.0,0.0,  ,  ,0.0,  ,  
2020-01-12 12:30:00,-0.3,-3.15816565287,746.681447078,  ,  ,4.25210447379,8.60004275738,81.0,0.0,  ,  ,0.0,  ,  
2020-01-12 12:35:00,-0.3,-3.15816565287,746.536390104,  ,  ,4.50002237305,7.60003778559,81.0,0.0,  ,  ,0.0,  ,  
2020-01-12 12:40:00,-0.3,-3.15816565287,746.536390104,  ,  ,4.11252044648,5.80002883637,81.0,0.0,  ,  ,0.0,  ,  
2020-01-12 12:45:00,-0.29,-3.14840499735,746.509711308,  ,  ,3.90001938997,6.6000328138,81.0,0.0,  ,  ,0.0,  ,  
2020-01-12 12:50:00,-0.256666666667,-3.11586955047,746.461383936,  ,  ,3.51251746341,7.1000352997,81.0,0.0,  ,  ,0.0,  ,  
2020-01-12 12:55:00,-0.28125,-3.1398644319,746.461383936,  ,  ,3.3000164069,8.10004027148,81.0,0.0,  ,  ,0.0,  ,  
2020-01-12 13:00:00,-0.253333333333,-3.11261601183,746.381307769,  ,  ,3.81668564232,7.00003480252,81.0,0.0,  ,  ,0.0,  ,  
2020-01-12 13:05:00,-0.206666666667,-3.06706658639,746.236365432,  ,  ,4.10002038433,6.10003032791,81.0,0.0,  ,  ,0.0,  ,  
2020-01-12 13:10:00,-0.2,-3.06055954321,746.236365432,  ,  ,3.13126556791,7.30003629405,81.0,0.0,  ,  ,0.0,  ,  
2020-01-12 13:15:00,-0.19,-3.03631687108,746.263044228,  ,  ,2.60001292665,6.10003032791,81.0875,0.0,  ,  ,0.0,  ,  
2020-01-12 13:20:00,-0.11125,-2.96082290086,746.3113716,  ,  ,2.79376388993,7.1000352997,81.0791666667,0.0,  ,  ,0.0,  ,  
2020-01-12 13:25:00,-0.1,-2.96295442354,746.3113716,  ,  ,2.90001441819,6.6000328138,81.0,0.0,  ,  ,0.0,  ,  
2020-01-12 13:30:00,-0.0345833333333,-2.89910494339,746.177911321,  ,  ,3.22293269033,7.50003728841,81.0,0.0,  ,  ,0.0,  ,  
2020-01-12 13:35:00,0.06875,-2.88144854157,745.93634076,  ,  ,3.40001690408,8.5000422602,80.5,0.0,  ,  ,0.0,  ,  
2020-01-12 13:40:00,0.1,-2.86558018233,745.93634076,  ,  ,3.40001690408,9.30004623763,80.4125,0.0,  ,  ,0.0,  ,  
2020-01-12 13:45:00,0.13875,-2.8968831896,745.909685984,  ,  ,3.40001690408,8.5000422602,80.0,0.0,  ,  ,0.0,  ,  
2020-01-12 13:50:00,0.2,-2.83718692548,745.861334592,  ,  ,3.52918421294,8.30004126584,80.0,0.0,  ,  ,0.0,  ,  
2020-01-12 13:55:00,0.2,-2.83718692548,745.861334592,  ,  ,3.60001789844,6.6000328138,80.0,0.0,  ,  ,0.0,  ,  
2020-01-12 14:00:00,0.2,-2.83718692548,745.861334592,  ,  ,3.40626693515,7.1000352997,80.0,0.0,  ,  ,0.0,  ,  
2020-01-12 14:05:00,0.21,-2.82744063392,745.861334592,  ,  ,3.3000164069,4.80002386458,80.0,0.0,  ,  ,0.0,  ,  
2020-01-12 14:10:00,0.22,-2.81769435281,745.861334592,  ,  ,2.71876351705,6.00002983073,80.0,0.0,  ,  ,0.0,  ,  
2020-01-12 14:15:00,0.253333333333,-2.78520682466,745.968003354,  ,  ,2.40001193229,5.10002535612,80.0,0.0,  ,  ,0.0,  ,  
2020-01-12 14:20:00,0.233333333333,-2.8046993276,746.161359264,  ,  ,2.07709366015,9.00004474609,80.0,0.0,  ,  ,0.0,  ,  
2020-01-12 14:25:00,0.256666666667,-2.80227690458,746.161359264,  ,  ,1.9000094464,10.0000497179,79.8791666667,0.0,  ,  ,0.0,  ,  
2020-01-12 14:30:00,0.203333333333,-2.84163869134,746.161359264,  ,  ,2.48126233625,7.50003728841,79.9541666667,0.0,  ,  ,0.0,  ,  
2020-01-12 14:35:00,0.2,-2.83718692548,746.161359264,  ,  ,2.80001392101,8.10004027148,80.0,0.0,  ,  ,0.0,  ,  
2020-01-12 14:40:00,0.197916666667,-2.74642304345,746.161359264,  ,  ,2.54167930329,7.00003480252,80.5541666667,0.0,  ,  ,0.0,  ,  
2020-01-12 14:45:00,0.11,-2.75798689458,746.134680468,  ,  ,2.40001193229,6.00002983073,81.0,0.0,  ,  ,0.0,  ,  
2020-01-12 14:50:00,0.1,-2.70907295797,746.086353096,  ,  ,2.52917924115,5.80002883637,81.3541666667,0.0,  ,  ,0.0,  ,  
2020-01-12 14:55:00,0.0645833333333,-2.63727496803,746.086353096,  ,  ,2.60001292665,5.80002883637,82.0,0.0,  ,  ,0.0,  ,  
2020-01-12 15:00:00,-0.0366666666667,-2.71097377148,746.032968984,  ,  ,2.92293119879,6.6000328138,82.1541666667,0.0,  ,  ,0.0,  ,  
2020-01-12 15:05:00,-0.0987447698745,-2.66647339362,745.93634076,  ,  ,3.10001541254,8.0000397743,82.7991631799,0.0,  ,  ,0.0,  ,  
2020-01-12 15:10:00,-0.1,-2.6209131437,745.93634076,  ,  ,2.97084810369,8.0000397743,83.0875,0.0,  ,  ,0.0,  ,  
2020-01-12 15:15:00,-0.1,-2.48448426796,745.829625576,  ,  ,2.90001441819,7.60003778559,83.9333333333,0.0,  ,  ,0.0,  ,  
2020-01-12 15:20:00,-0.1,-2.47378307928,745.636316088,  ,  ,2.83543076376,5.00002485894,84.0,0.0,  ,  ,0.0,  ,  
2020-01-12 15:25:00,-0.106666666667,-2.48031720427,745.636316088,  ,  ,2.80001392101,6.80003380816,84.0,0.0,  ,  ,0.0,  ,  
2020-01-12 15:30:00,-0.152083333333,-2.51948557442,745.609624032,  ,  ,2.67084661215,7.60003778559,84.0333333333,0.0,  ,  ,0.0,  ,  
2020-01-12 15:35:00,-0.16,-2.39621084213,745.56130992,  ,  ,2.60001292665,8.80004375174,84.8541666667,0.0,  ,  ,0.0,  ,  
2020-01-12 15:40:00,-0.196666666667,-2.40903479966,745.56130992,  ,  ,2.92293119879,6.6000328138,85.0,0.0,  ,  ,0.0,  ,  
2020-01-12 15:45:00,-0.2,-2.34041967416,745.508000367,  ,  ,3.10001541254,6.50003231662,85.4541666667,0.0,  ,  ,0.0,  ,  
2020-01-12 15:50:00,-0.2,-2.25446999014,745.411297584,  ,  ,2.97084810369,7.80003877995,86.0,0.0,  ,  ,0.0,  ,  
2020-01-12 15:55:00,-0.2,-2.25446999014,745.411297584,  ,  ,2.90001441819,7.30003629405,86.0,0.0,  ,  ,0.0,  ,  
2020-01-12 16:00:00,-0.2,-2.25446999014,745.357939992,  ,  ,3.22293269033,6.6000328138,86.0,0.0,  ,  ,0.0,  ,  
2020-01-12 16:05:00,-0.2,-2.14170092143,745.261285248,  ,  ,3.40001690408,7.60003778559,86.7208333333,0.0,  ,  ,0.0,  ,  
2020-01-12 16:10:00,-0.24875,-2.14622406759,745.261285248,  ,  ,3.2062659408,6.10003032791,87.0,0.0,  ,  ,0.0,  ,  
2020-01-12 16:15:00,-0.3,-2.19665834922,745.261285248,  ,  ,3.10001541254,6.80003380816,87.0,0.0,  ,  ,0.0,  ,  
2020-01-12 16:20:00,-0.3,-2.15207662792,745.261285248,  ,  ,3.2291827214,5.50002734483,87.2875,0.0,  ,  ,0.0,  ,  
2020-01-12 16:25:00,-0.3,-2.04214922133,745.261285248,  ,  ,3.3000164069,7.50003728841,88.0,0.0,  ,  ,0.0,  ,  
2020-01-12 16:30:00,-0.3,-1.98779979136,745.181009588,  ,  ,2.97709813476,7.60003778559,88.3541666667,0.0,  ,  ,0.0,  ,  
2020-01-12 16:35:00,-0.3,-1.88918654987,745.036266744,  ,  ,2.80001392101,6.10003032791,89.0,0.0,  ,  ,0.0,  ,  
2020-01-12 16:40:00,-0.3,-1.88918654987,745.036266744,  ,  ,2.86459757543,9.80004872352,89.0,0.0,  ,  ,0.0,  ,  
2020-01-12 16:45:00,-0.3,-1.88918654987,745.009587948,  ,  ,2.90001441819,7.50003728841,89.0,0.0,  ,  ,0.0,  ,  
2020-01-12 16:50:00,-0.277916666667,-1.86739789795,744.961260576,  ,  ,3.35209999918,7.30003629405,89.0,0.0,  ,  ,0.0,  ,  
2020-01-12 16:55:00,-0.2,-1.79052117302,744.961260576,  ,  ,3.60001789844,6.80003380816,89.0,0.0,  ,  ,0.0,  ,  
2020-01-12 17:00:00,-0.2,-1.79052117302,744.93456852,  ,  ,3.47085058958,5.80002883637,89.0,0.0,  ,  ,0.0,  ,  
2020-01-12 17:05:00,-0.2,-1.79052117302,744.886254408,  ,  ,3.40001690408,7.80003877995,89.0,0.0,  ,  ,0.0,  ,  
2020-01-12 17:10:00,-0.2,-1.79052117302,744.886254408,  ,  ,2.88334766866,6.00002983073,89.0,0.0,  ,  ,0.0,  ,  
2020-01-12 17:15:00,-0.2,-1.66095710616,744.859575612,  ,  ,2.60001292665,7.30003629405,89.8541666667,0.0,  ,  ,0.0,  ,  
2020-01-12 17:20:00,-0.177916666667,-1.61712889453,744.81124824,  ,  ,2.60001292665,6.6000328138,90.0,0.0,  ,  ,0.0,  ,  
2020-01-12 17:25:00,-0.1,-1.54015375759,744.81124824,  ,  ,2.60001292665,9.00004474609,90.0,0.0,  ,  ,0.0,  ,  
2020-01-12 17:30:00,-0.1,-1.54015375759,744.784556184,  ,  ,3.11668216207,7.1000352997,90.0,0.0,  ,  ,0.0,  ,  
2020-01-12 17:35:00,-0.0745833333333,-1.51504428713,744.736242072,  ,  ,3.40001690408,6.6000328138,90.0,0.0,  ,  ,0.0,  ,  
2020-01-12 17:40:00,-0.00333333333333,-1.44465561728,744.736242072,  ,  ,3.07709863194,7.1000352997,90.0,0.0,  ,  ,0.0,  ,  
2020-01-12 17:45:00,0.0120833333333,-1.42942535397,744.709587296,  ,  ,2.90001441819,6.6000328138,90.0,0.0,  ,  ,0.0,  ,  
2020-01-12 17:50:00,0.1,-1.34257191918,744.661235904,  ,  ,3.1583490359,7.60003778559,90.0,0.0,  ,  ,0.0,  ,  
2020-01-12 17:55:00,0.0966666666667,-1.21225350269,744.661235904,  ,  ,3.3000164069,7.00003480252,90.8875,0.0,  ,  ,0.0,  ,  
2020-01-12 18:00:00,0.1,-1.17900576545,744.634582061,  ,  ,3.04168178919,6.00002983073,91.0875,0.0,  ,  ,0.0,  ,  
2020-01-12 18:05:00,0.0645833333333,-1.07816535914,744.586229736,  ,  ,2.90001441819,7.50003728841,92.0,0.0,  ,  ,0.0,  ,  
2020-01-12 18:10:00,-0.0154166666667,-1.0117876295,744.586229736,  ,  ,2.90001441819,9.00004474609,92.9875,0.0,  ,  ,0.0,  ,  
2020-01-12 18:15:00,-0.1,-0.964234880845,744.479367522,  ,  ,2.90001441819,6.6000328138,93.8875,0.0,  ,  ,0.0,  ,  
2020-01-12 18:20:00,-0.1,-0.923694155862,744.286205064,  ,  ,2.90001441819,8.10004027148,94.1666666667,0.0,  ,  ,0.0,  ,  
2020-01-12 18:25:00,-0.1,-0.877233678553,744.286205064,  ,  ,2.90001441819,7.1000352997,94.4875,0.0,  ,  ,0.0,  ,  
2020-01-12 18:30:00,-0.1,-0.803306303089,744.259526268,  ,  ,3.02918172704,5.80002883637,95.0,0.0,  ,  ,0.0,  ,  
2020-01-12 18:35:00,-0.1,-0.803306303089,744.211198896,  ,  ,3.10001541254,6.10003032791,95.0,0.0,  ,  ,0.0,  ,  
2020-01-12 18:40:00,-0.1,-0.803306303089,744.211198896,  ,  ,2.64792983155,7.00003480252,95.0,0.0,  ,  ,0.0,  ,  
2020-01-12 18:45:00,-0.0745833333333,-0.778039890596,744.1845201,  ,  ,2.40001193229,6.30003132226,95.0,0.0,  ,  ,0.0,  ,  
2020-01-12 18:50:00,0.0,-0.70389755942,744.136192728,  ,  ,2.85209751329,5.50002734483,95.0,0.0,  ,  ,0.0,  ,  
2020-01-12 18:55:00,0.0,-0.614739535669,744.136192728,  ,  ,3.10001541254,6.10003032791,95.6208333333,0.0,  ,  ,0.0,  ,  
2020-01-12 19:00:00,0.0,-0.560538840994,744.082808616,  ,  ,2.7770971404,7.60003778559,96.0,0.0,  ,  ,0.0,  ,  
2020-01-12 19:05:00,0.0354166666667,-0.525289027348,743.986180392,  ,  ,2.60001292665,7.1000352997,96.0,0.0,  ,  ,0.0,  ,  
2020-01-12 19:10:00,0.0866666666667,-0.474280517342,743.986180392,  ,  ,2.92293119879,7.30003629405,96.0,0.0,  ,  ,0.0,  ,  
2020-01-12 19:15:00,0.1,-0.461010019176,743.906144004,  ,  ,3.10001541254,7.60003778559,96.0,0.0,  ,  ,0.0,  ,  
2020-01-12 19:20:00,0.1,-0.461010019176,743.761161888,  ,  ,2.97084810369,6.6000328138,96.0,0.0,  ,  ,0.0,  ,  
2020-01-12 19:25:00,0.145416666667,-0.415807411145,743.761161888,  ,  ,2.90001441819,6.30003132226,96.0,0.0,  ,  ,0.0,  ,  
2020-01-12 19:30:00,0.2,-0.361481394839,743.707895556,  ,  ,2.7062634549,7.60003778559,96.0,0.0,  ,  ,0.0,  ,  
2020-01-12 19:35:00,0.2,-0.361481394839,743.611149552,  ,  ,2.60001292665,5.30002635048,96.0,0.0,  ,  ,0.0,  ,  
2020-01-12 19:40:00,0.292083333333,-0.269832294577,743.611149552,  ,  ,2.60001292665,6.10003032791,96.0,0.0,  ,  ,0.0,  ,  
2020-01-12 19:45:00,0.31875,-0.243291409932,743.584519921,  ,  ,2.60001292665,7.1000352997,96.0,0.0,  ,  ,0.0,  ,  
2020-01-12 19:50:00,0.4,-0.162424738606,743.536143384,  ,  ,3.05209850764,8.30004126584,96.0,0.0,  ,  ,0.0,  ,  
2020-01-12 19:55:00,0.4,-0.162424738606,743.536143384,  ,  ,3.3000164069,6.00002983073,96.0,0.0,  ,  ,0.0,  ,  
2020-01-12 20:00:00,0.4,-0.162424738606,743.456181854,  ,  ,3.3000164069,8.10004027148,96.0,0.0,  ,  ,0.0,  ,  
2020-01-12 20:05:00,0.4,-0.162424738606,743.31112488,  ,  ,3.3000164069,7.1000352997,96.0,0.0,  ,  ,0.0,  ,  
2020-01-12 20:10:00,0.4,-0.162424738606,743.31112488,  ,  ,3.3000164069,6.80003380816,96.0,0.0,  ,  ,0.0,  ,  
2020-01-12 20:15:00,0.4,-0.162424738606,743.257740768,  ,  ,3.3000164069,6.10003032791,96.0,0.0,  ,  ,0.0,  ,  
2020-01-12 20:20:00,0.4,-0.154671276329,743.161112544,  ,  ,2.71876351705,7.1000352997,96.0541666667,0.0,  ,  ,0.0,  ,  
2020-01-12 20:25:00,0.4,-0.0199033030167,743.161112544,  ,  ,2.40001193229,6.50003231662,97.0,0.0,  ,  ,0.0,  ,  
2020-01-12 20:30:00,0.4,-0.0199033030167,743.134433748,  ,  ,2.65834655,6.50003231662,97.0,0.0,  ,  ,0.0,  ,  
2020-01-12 20:35:00,0.4,-0.0199033030167,743.086106376,  ,  ,2.80001392101,6.10003032791,97.0,0.0,  ,  ,0.0,  ,  
2020-01-12 20:40:00,0.4,-0.0199033030167,743.086106376,  ,  ,2.99376488429,5.80002883637,97.0,0.0,  ,  ,0.0,  ,  
2020-01-12 20:45:00,0.4,-0.0199033030167,743.032722264,  ,  ,3.10001541254,5.10002535612,97.0,0.0,  ,  ,0.0,  ,  
2020-01-12 20:50:00,0.4,-0.0199033030167,742.93609404,  ,  ,2.7770971404,5.50002734483,97.0,0.0,  ,  ,0.0,  ,  
2020-01-12 20:55:00,0.4,-0.0199033030167,742.93609404,  ,  ,2.60001292665,6.50003231662,97.0,0.0,  ,  ,0.0,  ,  
2020-01-12 21:00:00,0.4,-0.0199033030167,742.909401984,  ,  ,2.60001292665,6.6000328138,97.0,0.0,  ,  ,0.0,  ,  
2020-01-12 21:05:00,0.435416666667,0.0153885458086,742.861087872,  ,  ,2.60001292665,6.80003380816,97.0,0.0,  ,  ,0.0,  ,  
2020-01-12 21:10:00,0.54875,0.0731814425632,742.861087872,  ,  ,2.7291802355,5.50002734483,96.6125,0.0,  ,  ,0.0,  ,  
2020-01-12 21:15:00,0.6,0.0366311277108,742.834409076,  ,  ,2.80001392101,6.10003032791,96.0,0.0,  ,  ,0.0,  ,  
2020-01-12 21:20:00,0.632083333333,0.0685629327445,742.786081704,  ,  ,2.54167930329,8.0000397743,96.0,0.0,  ,  ,0.0,  ,  
2020-01-12 21:25:00,0.7,0.136158764652,742.786081704,  ,  ,2.40001193229,8.10004027148,96.0,0.0,  ,  ,0.0,  ,  
2020-01-12 21:30:00,0.7,0.136158764652,742.81277376,  ,  ,2.40001193229,7.50003728841,96.0,0.0,  ,  ,0.0,  ,  
2020-01-12 21:35:00,0.703333333333,0.139476349149,742.861087872,  ,  ,2.40001193229,7.1000352997,96.0,0.0,  ,  ,0.0,  ,  
2020-01-12 21:40:00,0.706666666667,0.142793933426,742.861087872,  ,  ,2.33542827786,6.80003380816,96.0,0.0,  ,  ,0.0,  ,  
2020-01-12 21:45:00,0.7,0.143931731622,742.80782861,  ,  ,2.30001143511,9.10004524327,96.0541666667,0.0,  ,  ,0.0,  ,  
2020-01-12 21:50:00,0.7,0.279038830603,742.711075536,  ,  ,2.17084412626,5.60002784201,97.0,0.0,  ,  ,0.0,  ,  
2020-01-12 21:55:00,0.7,0.279038830603,742.711075536,  ,  ,2.10001044075,6.00002983073,97.0,0.0,  ,  ,0.0,  ,  
2020-01-12 22:00:00,0.7,0.279038830603,742.711075536,  ,  ,2.29376140404,5.50002734483,97.0,0.0,  ,  ,0.0,  ,  
2020-01-12 22:05:00,0.7,0.279038830603,742.711075536,  ,  ,2.40001193229,5.10002535612,97.0,0.0,  ,  ,0.0,  ,  
2020-01-12 22:10:00,0.7,0.279038830603,742.711075536,  ,  ,2.40001193229,5.50002734483,97.0,0.0,  ,  ,0.0,  ,  
2020-01-12 22:15:00,0.7,0.357658348677,742.657691424,  ,  ,2.40001193229,6.30003132226,97.5541666667,0.0,  ,  ,0.0,  ,  
2020-01-12 22:20:00,0.7,0.420622573014,742.5610632,  ,  ,2.33542827786,5.80002883637,98.0,0.0,  ,  ,0.0,  ,  
2020-01-12 22:25:00,0.7,0.420622573014,742.5610632,  ,  ,2.30001143511,5.30002635048,98.0,0.0,  ,  ,0.0,  ,  
2020-01-12 22:30:00,0.696666666667,0.417297047616,742.534384404,  ,  ,2.30001143511,4.80002386458,98.0,0.0,  ,  ,0.0,  ,  
2020-01-12 22:35:00,0.674583333333,0.395265439104,742.486057032,  ,  ,2.30001143511,5.10002535612,98.0,0.0,  ,  ,0.0,  ,  
2020-01-12 22:40:00,0.6,0.320856763677,742.486057032,  ,  ,2.17084412626,4.30002137869,98.0,0.0,  ,  ,0.0,  ,  
2020-01-12 22:45:00,0.6,0.320856763677,742.43267292,  ,  ,2.10001044075,4.10002038433,98.0,0.0,  ,  ,0.0,  ,  
2020-01-12 22:50:00,0.6,0.403373549535,742.336044696,  ,  ,1.90625947747,3.60001789844,98.5875,0.0,  ,  ,0.0,  ,  
2020-01-12 22:55:00,0.6,0.461051508235,742.336044696,  ,  ,1.80000894922,3.80001889279,99.0,0.0,  ,  ,0.0,  ,  
2020-01-12 23:00:00,0.6,0.461051508235,742.336044696,  ,  ,1.80000894922,5.30002635048,99.0,0.0,  ,  ,0.0,  ,  
2020-01-12 23:05:00,0.6,0.461051508235,742.336044696,  ,  ,1.80000894922,4.50002237305,99.0,0.0,  ,  ,0.0,  ,  
2020-01-12 23:10:00,0.6,0.461051508235,742.336044696,  ,  ,2.18751087579,5.00002485894,99.0,0.0,  ,  ,0.0,  ,  
2020-01-12 23:15:00,0.6,0.461051508235,742.3093659,  ,  ,2.40001193229,5.30002635048,99.0,0.0,  ,  ,0.0,  ,  
2020-01-12 23:20:00,0.6,0.461051508235,742.261038528,  ,  ,2.01251000572,5.00002485894,99.0,0.0,  ,  ,0.0,  ,  
2020-01-12 23:25:00,0.6,0.461051508235,742.261038528,  ,  ,1.80000894922,3.90001938997,99.0,0.0,  ,  ,0.0,  ,  
2020-01-12 23:30:00,0.615416666667,0.476450201193,742.261038528,  ,  ,1.67084164036,4.60002287023,99.0,0.0,  ,  ,0.0,  ,  
2020-01-12 23:35:00,0.696666666667,0.557605455701,742.261038528,  ,  ,1.60000795486,4.30002137869,99.0,0.0,  ,  ,0.0,  ,  
2020-01-12 23:40:00,0.7,0.56093490135,742.261038528,  ,  ,1.922926227,7.1000352997,99.0,0.0,  ,  ,0.0,  ,  
2020-01-12 23:45:00,0.7,0.56093490135,742.261038528,  ,  ,2.10001044075,5.50002734483,99.0,0.0,  ,  ,0.0,  ,  
2020-01-12 23:50:00,0.7,0.56093490135,742.261038528,  ,  ,2.10001044075,5.30002635048,99.0,0.0,  ,  ,0.0,  ,  
  

    

