Time,TemperatureC,DewpointC,PressurehPa,WindDirection,WindDirectionDegrees,WindSpeedKMH,WindSpeedGustKMH,Humidity,HourlyPrecipMM,Conditions,Clouds,dailyrainMM,SoftwareType,DateUTC
                
2019-08-12 00:00:00,9.32375,8.71843059237,751.527377357,  ,  ,0.0,0.0,96.0,0.0,  ,  ,0.0,  ,  
2019-08-12 00:05:00,9.29708333333,8.69189444924,751.636809528,  ,  ,0.0,0.0,96.0,0.0,  ,  ,0.0,  ,  
2019-08-12 00:10:00,9.24,8.63509047066,751.636809528,  ,  ,0.0,0.0,96.0,0.0,  ,  ,0.0,  ,  
2019-08-12 00:15:00,9.2,8.59528618455,751.675307937,  ,  ,0.0,0.0,96.0,0.0,  ,  ,0.0,  ,  
2019-08-12 00:20:00,9.2,8.59528618455,751.711815696,  ,  ,0.0,0.0,96.0,0.0,  ,  ,0.0,  ,  
2019-08-12 00:25:00,9.10375,8.49950699167,751.711815696,  ,  ,0.0,0.0,96.0,0.0,  ,  ,0.0,  ,  
2019-08-12 00:30:00,9.08708333333,8.54368617577,751.711815696,  ,  ,0.0,0.0,96.3958333333,0.0,  ,  ,0.0,  ,  
2019-08-12 00:35:00,8.98375,8.53305372057,751.711815696,  ,  ,0.0,0.0,97.0,0.0,  ,  ,0.0,  ,  
2019-08-12 00:40:00,8.9,8.4496094152,751.711815696,  ,  ,0.0,0.0,97.0,0.0,  ,  ,0.0,  ,  
2019-08-12 00:45:00,8.86708333333,8.41681286882,751.711815696,  ,  ,0.0,0.0,97.0,0.0,  ,  ,0.0,  ,  
2019-08-12 00:50:00,8.8,8.34997428811,751.711815696,  ,  ,0.0,0.0,97.0,0.0,  ,  ,0.0,  ,  
2019-08-12 00:55:00,8.75708333333,8.30721416747,751.711815696,  ,  ,0.0,0.0,97.0,0.0,  ,  ,0.0,  ,  
2019-08-12 01:00:00,8.70958333333,8.29972085511,751.750332377,  ,  ,0.0,0.0,97.2625,0.0,  ,  ,0.0,  ,  
2019-08-12 01:05:00,8.79,8.48695680305,751.786821864,  ,  ,0.0,0.0,97.9708333333,0.0,  ,  ,0.0,  ,  
2019-08-12 01:10:00,8.74708333333,8.29725064031,751.786821864,  ,  ,0.0,0.0,97.0,0.0,  ,  ,0.0,  ,  
2019-08-12 01:15:00,8.7,8.25033901343,751.825357832,  ,  ,0.0,0.0,97.0,0.0,  ,  ,0.0,  ,  
2019-08-12 01:20:00,8.61041666667,8.16108228788,751.861828032,  ,  ,0.0,0.0,97.0,0.0,  ,  ,0.0,  ,  
2019-08-12 01:25:00,8.6,8.15070359117,751.861828032,  ,  ,0.0,0.0,97.0,0.0,  ,  ,0.0,  ,  
2019-08-12 01:30:00,8.4875,8.03861356472,751.823329623,  ,  ,0.0,0.0,97.0,0.0,  ,  ,0.0,  ,  
2019-08-12 01:35:00,8.4,7.95143230389,751.786821864,  ,  ,0.0,0.0,97.0,0.0,  ,  ,0.0,  ,  
2019-08-12 01:40:00,8.4,7.95143230389,751.786821864,  ,  ,0.0,0.0,97.0,0.0,  ,  ,0.0,  ,  
2019-08-12 01:45:00,8.34375,7.89538714798,751.825317291,  ,  ,0.0,0.0,97.0,0.0,  ,  ,0.0,  ,  
2019-08-12 01:50:00,8.28041666667,7.83228439802,751.861828032,  ,  ,0.0,0.0,97.0,0.0,  ,  ,0.0,  ,  
2019-08-12 01:55:00,8.2,7.75216042626,751.861828032,  ,  ,0.0,0.0,97.0,0.0,  ,  ,0.0,  ,  
2019-08-12 02:00:00,8.17041666667,7.72268474424,751.861828032,  ,  ,0.0,0.0,97.0,0.0,  ,  ,0.0,  ,  
2019-08-12 02:05:00,8.1,7.65252426606,751.861828032,  ,  ,0.0,0.0,97.0,0.0,  ,  ,0.0,  ,  
2019-08-12 02:10:00,8.03041666667,7.58319401751,751.861828032,  ,  ,0.0,0.0,97.0,0.0,  ,  ,0.0,  ,  
2019-08-12 02:15:00,7.92708333333,7.4802363908,751.823374795,  ,  ,0.0,0.0,97.0,0.0,  ,  ,0.0,  ,  
2019-08-12 02:20:00,7.9,7.45325150289,751.786821864,  ,  ,0.0,0.0,97.0,0.0,  ,  ,0.0,  ,  
2019-08-12 02:25:00,7.87041666667,7.56838247205,751.786821864,  ,  ,0.0,0.0,97.9625,0.0,  ,  ,0.0,  ,  
2019-08-12 02:30:00,7.8,7.50374434636,751.825275101,  ,  ,0.0,0.0,98.0,0.0,  ,  ,0.0,  ,  
2019-08-12 02:35:00,7.8,7.50374434636,751.861828032,  ,  ,0.0,0.0,98.0,0.0,  ,  ,0.0,  ,  
2019-08-12 02:40:00,7.75708333333,7.39168899438,751.861828032,  ,  ,0.0,0.0,97.5375,0.0,  ,  ,0.0,  ,  
2019-08-12 02:45:00,7.7,7.33852393027,751.861828032,  ,  ,0.0,0.0,97.5625,0.0,  ,  ,0.0,  ,  
2019-08-12 02:50:00,7.7,7.4039855005,751.861828032,  ,  ,0.0,0.0,98.0,0.0,  ,  ,0.0,  ,  
2019-08-12 02:55:00,7.7,7.4039855005,751.861828032,  ,  ,0.0,0.0,98.0,0.0,  ,  ,0.0,  ,  
2019-08-12 03:00:00,7.7,7.4039855005,751.861828032,  ,  ,0.0,0.0,98.0,0.0,  ,  ,0.0,  ,  
2019-08-12 03:05:00,7.7,7.4039855005,751.861828032,  ,  ,0.0,0.0,98.0,0.0,  ,  ,0.0,  ,  
2019-08-12 03:10:00,7.7,7.4039855005,751.861828032,  ,  ,0.0,0.0,98.0,0.0,  ,  ,0.0,  ,  
2019-08-12 03:15:00,7.7,7.45803042627,751.900300381,  ,  ,0.0,0.0,98.3625,0.0,  ,  ,0.0,  ,  
2019-08-12 03:20:00,7.75625,7.60883341792,751.9368342,  ,  ,0.0,0.0,99.0,0.0,  ,  ,0.0,  ,  
2019-08-12 03:25:00,7.8,7.65253087811,751.9368342,  ,  ,0.0,0.0,99.0,0.0,  ,  ,0.0,  ,  
2019-08-12 03:30:00,7.87958333333,7.73201861503,751.9368342,  ,  ,0.0,0.0,99.0,0.0,  ,  ,0.0,  ,  
2019-08-12 03:35:00,8.08208333333,7.93427523011,751.9368342,  ,  ,0.0,0.0,99.0,0.0,  ,  ,0.0,  ,  
2019-08-12 03:40:00,8.24291666667,8.09491511492,751.9368342,  ,  ,0.0,0.600002983073,99.0,0.0,  ,  ,0.0,  ,  
2019-08-12 03:45:00,8.44875,8.3005006898,751.898380963,  ,  ,0.0,1.4000069605,99.0,0.0,  ,  ,0.0,  ,  
2019-08-12 03:50:00,8.65625,8.5077507156,751.861828032,  ,  ,0.0,0.0,99.0,0.0,  ,  ,0.0,  ,  
2019-08-12 03:55:00,8.82583333333,8.67712959647,751.861828032,  ,  ,0.0,0.0,99.0,0.0,  ,  ,0.0,  ,  
2019-08-12 04:00:00,8.99916666667,8.85025381102,751.861828032,  ,  ,0.0,0.0,99.0,0.0,  ,  ,0.0,  ,  
2019-08-12 04:05:00,9.14958333333,8.93609584347,751.861828032,  ,  ,0.0,0.0,98.5708333333,0.0,  ,  ,0.0,  ,  
2019-08-12 04:10:00,9.22625,8.92654421126,751.861828032,  ,  ,0.0,0.0,98.0,0.0,  ,  ,0.0,  ,  
2019-08-12 04:15:00,9.30291666667,8.9480939033,751.900281269,  ,  ,0.0,0.0,97.6375,0.0,  ,  ,0.0,  ,  
2019-08-12 04:20:00,9.39,8.93781940457,751.9368342,  ,  ,0.0,0.900004474609,97.0,0.0,  ,  ,0.0,  ,  
2019-08-12 04:25:00,9.4,8.94778283685,751.9368342,  ,  ,0.0,1.9000094464,97.0,0.0,  ,  ,0.0,  ,  
2019-08-12 04:30:00,9.4,8.94778283685,751.9368342,  ,  ,0.0,2.10001044075,97.0,0.0,  ,  ,0.0,  ,  
2019-08-12 04:35:00,9.46625,9.01379053839,751.9368342,  ,  ,0.0,1.30000646332,97.0,0.0,  ,  ,0.0,  ,  
2019-08-12 04:40:00,9.58958333333,9.06063292964,751.9368342,  ,  ,0.0,1.30000646332,96.5041666667,0.0,  ,  ,0.0,  ,  
2019-08-12 04:45:00,9.63958333333,9.03271696979,751.898399131,  ,  ,0.0,2.30001143511,96.0,0.0,  ,  ,0.0,  ,  
2019-08-12 04:50:00,9.7,9.09283749042,751.861828032,  ,  ,0.71000352997,3.10001541254,96.0,0.0,  ,  ,0.0,  ,  
2019-08-12 04:55:00,9.7,9.08317527369,751.861828032,  ,  ,0.80000397743,1.4000069605,95.9375,0.0,  ,  ,0.0,  ,  
2019-08-12 05:00:00,9.75,8.98726572397,751.900281269,  ,  ,0.622503094938,1.9000094464,95.0,0.0,  ,  ,0.0,  ,  
2019-08-12 05:05:00,9.78291666667,9.01997976679,751.9368342,  ,  ,0.600002983073,2.10001044075,95.0,0.0,  ,  ,0.0,  ,  
2019-08-12 05:10:00,9.76041666667,8.99761827206,751.9368342,  ,  ,0.777503865565,1.60000795486,95.0,0.0,  ,  ,0.0,  ,  
2019-08-12 05:15:00,9.70666666667,8.94419909504,752.013778897,  ,  ,0.80000397743,0.80000397743,95.0,0.0,  ,  ,0.0,  ,  
2019-08-12 05:20:00,9.7,8.9375734557,752.086846536,  ,  ,0.0900004474609,0.80000397743,95.0,0.0,  ,  ,0.0,  ,  
2019-08-12 05:25:00,9.7,8.9375734557,752.086846536,  ,  ,0.0,0.80000397743,95.0,0.0,  ,  ,0.0,  ,  
2019-08-12 05:30:00,9.7,8.9375734557,752.086846536,  ,  ,0.0,1.9000094464,95.0,0.0,  ,  ,0.0,  ,  
2019-08-12 05:35:00,9.65375,8.89160805244,752.086846536,  ,  ,0.0,1.80000894922,95.0,0.0,  ,  ,0.0,  ,  
2019-08-12 05:40:00,9.60958333333,8.9816153066,752.086846536,  ,  ,0.0,0.600002983073,95.8625,0.0,  ,  ,0.0,  ,  
2019-08-12 05:45:00,9.7,9.09283749042,752.125299773,  ,  ,0.0,0.0,96.0,0.0,  ,  ,0.0,  ,  
2019-08-12 05:50:00,9.74291666667,9.1355437475,752.161852704,  ,  ,0.0,0.0,96.0,0.0,  ,  ,0.0,  ,  
2019-08-12 05:55:00,9.81333333333,9.20561510025,752.161852704,  ,  ,0.0,1.30000646332,96.0,0.0,  ,  ,0.0,  ,  
2019-08-12 06:00:00,9.91916666667,9.22880199335,752.161852704,  ,  ,0.0,1.4000069605,95.4708333333,0.0,  ,  ,0.0,  ,  
2019-08-12 06:05:00,10.0629166667,9.29825509698,752.161852704,  ,  ,0.0,2.10001044075,95.0,0.0,  ,  ,0.0,  ,  
2019-08-12 06:10:00,10.1,9.33510986866,752.161852704,  ,  ,0.532502647477,1.60000795486,95.0,0.0,  ,  ,0.0,  ,  
2019-08-12 06:15:00,10.13625,9.37113641031,752.161852704,  ,  ,0.600002983073,0.600002983073,95.0,0.0,  ,  ,0.0,  ,  
2019-08-12 06:20:00,10.2033333333,9.43780613145,752.161852704,  ,  ,0.0675003355957,0.600002983073,95.0,0.0,  ,  ,0.0,  ,  
2019-08-12 06:25:00,10.28625,9.49472532494,752.161852704,  ,  ,0.0,0.900004474609,94.8375,0.0,  ,  ,0.0,  ,  
2019-08-12 06:30:00,10.3829166667,9.45870955822,752.161852704,  ,  ,0.0,1.10000546897,94.0,0.0,  ,  ,0.0,  ,  
2019-08-12 06:35:00,10.4,9.47566583993,752.161852704,  ,  ,0.0,1.4000069605,94.0,0.0,  ,  ,0.0,  ,  
2019-08-12 06:40:00,10.4891666667,9.5641692179,752.161852704,  ,  ,0.0,1.80000894922,94.0,0.0,  ,  ,0.0,  ,  
2019-08-12 06:45:00,10.5966666667,9.67086923698,752.123391855,  ,  ,0.0,2.10001044075,94.0,0.0,  ,  ,0.0,  ,  
2019-08-12 06:50:00,10.6,9.67417775919,752.086846536,  ,  ,0.532502647477,2.90001441819,94.0,0.0,  ,  ,0.0,  ,  
2019-08-12 06:55:00,10.6729166667,9.74655159981,752.086846536,  ,  ,0.600002983073,2.40001193229,94.0,0.0,  ,  ,0.0,  ,  
2019-08-12 07:00:00,10.7495833333,9.82264735273,752.125325676,  ,  ,0.600002983073,0.600002983073,94.0,0.0,  ,  ,0.0,  ,  
2019-08-12 07:05:00,10.8,9.87268848606,752.161852704,  ,  ,0.600002983073,0.600002983073,94.0,0.0,  ,  ,0.0,  ,  
2019-08-12 07:10:00,10.8829166667,9.95498737526,752.161852704,  ,  ,0.0675003355957,0.600002983073,94.0,0.0,  ,  ,0.0,  ,  
2019-08-12 07:15:00,10.9758333333,9.9887882817,752.277457508,  ,  ,0.0,0.0,93.6333333333,0.0,  ,  ,0.0,  ,  
2019-08-12 07:20:00,11.0933333333,10.1479067017,752.386871208,  ,  ,0.0,0.0,93.9,0.0,  ,  ,0.0,  ,  
2019-08-12 07:25:00,11.1595833333,10.2295912313,752.386871208,  ,  ,0.0,0.600002983073,94.0,0.0,  ,  ,0.0,  ,  
2019-08-12 07:30:00,11.2,10.2537640592,752.425306277,  ,  ,0.0,0.900004474609,93.9,0.0,  ,  ,0.0,  ,  
2019-08-12 07:35:00,11.2395833333,10.2504475805,752.461877376,  ,  ,0.0,1.30000646332,93.6333333333,0.0,  ,  ,0.0,  ,  
2019-08-12 07:40:00,11.29,10.3271122012,752.461877376,  ,  ,0.0,1.9000094464,93.8,0.0,  ,  ,0.0,  ,  
2019-08-12 07:45:00,11.3,10.3103850244,752.461877376,  ,  ,0.0,1.60000795486,93.6333333333,0.0,  ,  ,0.0,  ,  
2019-08-12 07:50:00,11.3629166667,10.394802827,752.461877376,  ,  ,0.532502647477,1.30000646332,93.7708333333,0.0,  ,  ,0.0,  ,  
2019-08-12 07:55:00,11.5358333333,10.5283063969,752.461877376,  ,  ,0.600002983073,0.80000397743,93.5333333333,0.0,  ,  ,0.0,  ,  
2019-08-12 08:00:00,11.7025,10.6077101621,752.461877376,  ,  ,0.0675003355957,2.10001044075,93.0,0.0,  ,  ,0.0,  ,  
2019-08-12 08:05:00,11.8295833333,10.7336799596,752.461877376,  ,  ,0.0,1.30000646332,93.0,0.0,  ,  ,0.0,  ,  
2019-08-12 08:10:00,11.9658333333,10.7122504133,752.461877376,  ,  ,0.0,1.60000795486,92.0375,0.0,  ,  ,0.0,  ,  
2019-08-12 08:15:00,12.1295833333,10.8682257348,752.461877376,  ,  ,0.0,0.80000397743,92.0,0.0,  ,  ,0.0,  ,  
2019-08-12 08:20:00,12.24625,10.983717033,752.461877376,  ,  ,0.0,0.600002983073,92.0,0.0,  ,  ,0.0,  ,  
2019-08-12 08:25:00,12.3558333333,11.0491195447,752.461877376,  ,  ,0.0,1.60000795486,91.7375,0.0,  ,  ,0.0,  ,  
2019-08-12 08:30:00,12.5895833333,11.0928507557,752.500349725,  ,  ,0.0,2.60001292665,90.6041666667,0.0,  ,  ,0.0,  ,  
2019-08-12 08:35:00,12.7554166667,11.2893086245,752.536883544,  ,  ,0.0,1.30000646332,90.8,0.0,  ,  ,0.0,  ,  
2019-08-12 08:40:00,12.9395833333,11.3375525103,752.536883544,  ,  ,0.532502647477,2.30001143511,90.0,0.0,  ,  ,0.0,  ,  
2019-08-12 08:45:00,13.1425,11.5273706481,752.575318613,  ,  ,0.600002983073,1.30000646332,89.9375,0.0,  ,  ,0.0,  ,  
2019-08-12 08:50:00,13.3025,11.5881824755,752.611889712,  ,  ,0.0675003355957,1.10000546897,89.3625,0.0,  ,  ,0.0,  ,  
2019-08-12 08:55:00,13.44625,11.6747674669,752.611889712,  ,  ,0.0,2.40001193229,89.0375,0.0,  ,  ,0.0,  ,  
2019-08-12 09:00:00,13.6720833333,11.8234066434,752.611889712,  ,  ,0.0,2.60001292665,88.6041666667,0.0,  ,  ,0.0,  ,  
2019-08-12 09:05:00,13.8595833333,11.8927719332,752.611889712,  ,  ,0.0,2.60001292665,87.9333333333,0.0,  ,  ,0.0,  ,  
2019-08-12 09:10:00,13.9825,12.0087344288,752.611889712,  ,  ,0.71000352997,2.30001143511,87.9041666667,0.0,  ,  ,0.0,  ,  
2019-08-12 09:15:00,14.1691666667,12.0353049757,752.573391303,  ,  ,0.80000397743,1.10000546897,87.0,0.0,  ,  ,0.0,  ,  
2019-08-12 09:20:00,14.3495833333,12.1374615016,752.536883544,  ,  ,0.622503094938,2.40001193229,86.5708333333,0.0,  ,  ,0.0,  ,  
2019-08-12 09:25:00,14.5825,12.2655692345,752.536883544,  ,  ,0.600002983073,2.30001143511,86.0,0.0,  ,  ,0.0,  ,  
2019-08-12 09:30:00,14.63625,12.3183363982,752.536883544,  ,  ,0.600002983073,1.30000646332,86.0,0.0,  ,  ,0.0,  ,  
2019-08-12 09:35:00,14.78625,12.4308423789,752.536883544,  ,  ,0.600002983073,1.9000094464,85.8041666667,0.0,  ,  ,0.0,  ,  
2019-08-12 09:40:00,14.8,12.4369335977,752.536883544,  ,  ,0.0675003355957,1.30000646332,85.7625,0.0,  ,  ,0.0,  ,  
2019-08-12 09:45:00,14.79,12.3982185794,752.575336781,  ,  ,0.0,1.80000894922,85.6,0.0,  ,  ,0.0,  ,  
2019-08-12 09:50:00,14.7833333333,12.5209814177,752.611889712,  ,  ,0.0,0.0,86.3291666667,0.0,  ,  ,0.0,  ,  
2019-08-12 09:55:00,14.8658333333,12.6034824983,752.611889712,  ,  ,0.0,0.0,86.3375,0.0,  ,  ,0.0,  ,  
2019-08-12 10:00:00,15.10875,12.7532843841,752.650362061,  ,  ,0.0,0.0,85.8375,0.0,  ,  ,0.0,  ,  
2019-08-12 10:05:00,15.41875,12.955369062,752.68689588,  ,  ,0.0,0.0,85.2666666667,0.0,  ,  ,0.0,  ,  
2019-08-12 10:10:00,15.805,13.2204893933,752.68689588,  ,  ,0.0,0.0,84.6375,0.0,  ,  ,0.0,  ,  
2019-08-12 10:15:00,16.1320833333,13.3942230338,752.68689588,  ,  ,0.0,0.80000397743,83.8333333333,0.0,  ,  ,0.0,  ,  
2019-08-12 10:20:00,16.4291666667,13.4771196777,752.68689588,  ,  ,0.0,0.0,82.7083333333,0.0,  ,  ,0.0,  ,  
2019-08-12 10:25:00,16.5529166667,13.6150521453,752.68689588,  ,  ,0.0,0.80000397743,82.8,0.0,  ,  ,0.0,  ,  
2019-08-12 10:30:00,16.59375,13.5804387805,752.725349117,  ,  ,0.0,0.900004474609,82.4,0.0,  ,  ,0.0,  ,  
2019-08-12 10:35:00,16.32125,13.3438235201,752.761902048,  ,  ,0.0,1.60000795486,82.5583333333,0.0,  ,  ,0.0,  ,  
2019-08-12 10:40:00,16.1604166667,13.4768356514,752.761902048,  ,  ,0.0,1.9000094464,84.1333333333,0.0,  ,  ,0.0,  ,  
2019-08-12 10:45:00,16.0241666667,13.3366060637,752.723447866,  ,  ,0.0,1.60000795486,84.0958333333,0.0,  ,  ,0.0,  ,  
2019-08-12 10:50:00,15.9,13.3791768469,752.68689588,  ,  ,0.0,0.80000397743,85.0,0.0,  ,  ,0.0,  ,  
2019-08-12 10:55:00,15.9,13.3791768469,752.68689588,  ,  ,0.0,0.80000397743,85.0,0.0,  ,  ,0.0,  ,  
2019-08-12 11:00:00,15.9,13.5044422679,752.68689588,  ,  ,0.0,0.0,85.6958333333,0.0,  ,  ,0.0,  ,  
2019-08-12 11:05:00,16.0491666667,13.7768101848,752.68689588,  ,  ,0.0,0.600002983073,86.4,0.0,  ,  ,0.0,  ,  
2019-08-12 11:10:00,16.2029166667,13.8450588645,752.68689588,  ,  ,0.0,0.600002983073,85.9375,0.0,  ,  ,0.0,  ,  
2019-08-12 11:15:00,16.23,13.7086815183,752.725485467,  ,  ,0.0,1.10000546897,85.0333333333,0.0,  ,  ,0.0,  ,  
2019-08-12 11:20:00,16.17375,13.6475087815,752.761902048,  ,  ,0.0,1.10000546897,85.0,0.0,  ,  ,0.0,  ,  
2019-08-12 11:25:00,16.1295833333,13.6456449749,752.761902048,  ,  ,0.0,0.80000397743,85.2291666667,0.0,  ,  ,0.0,  ,  
2019-08-12 11:30:00,16.2495833333,13.8960952224,752.723447866,  ,  ,0.0,0.80000397743,85.9666666667,0.0,  ,  ,0.0,  ,  
2019-08-12 11:35:00,16.3791666667,13.9280156705,752.68689588,  ,  ,0.0,0.0,85.4375,0.0,  ,  ,0.0,  ,  
2019-08-12 11:40:00,16.5858333333,14.0514252953,752.68689588,  ,  ,0.0,0.0,85.0,0.0,  ,  ,0.0,  ,  
2019-08-12 11:45:00,16.7758333333,14.2376554103,752.68689588,  ,  ,0.0,0.900004474609,85.0,0.0,  ,  ,0.0,  ,  
2019-08-12 11:50:00,16.9725,14.3337470781,752.68689588,  ,  ,0.0,1.30000646332,84.4708333333,0.0,  ,  ,0.0,  ,  
2019-08-12 11:55:00,17.1658333333,14.4610667668,752.68689588,  ,  ,0.0,0.0,84.1333333333,0.0,  ,  ,0.0,  ,  
2019-08-12 12:00:00,17.3,14.5131284034,752.72538736,  ,  ,0.0,0.900004474609,83.7041666667,0.0,  ,  ,0.0,  ,  
2019-08-12 12:05:00,17.3629166667,14.4926834993,752.761902048,  ,  ,0.0,1.4000069605,83.2625,0.0,  ,  ,0.0,  ,  
2019-08-12 12:10:00,17.40625,14.4993340578,752.761902048,  ,  ,0.0,0.0,83.0708333333,0.0,  ,  ,0.0,  ,  
2019-08-12 12:15:00,17.5629166667,14.6516714721,752.646485002,  ,  ,0.0,0.80000397743,83.0666666667,0.0,  ,  ,0.0,  ,  
2019-08-12 12:20:00,17.6995833333,14.6538871583,752.536883544,  ,  ,0.0,0.900004474609,82.3666666667,0.0,  ,  ,0.0,  ,  
2019-08-12 12:25:00,17.7,14.6605709168,752.536883544,  ,  ,0.0,0.80000397743,82.4,0.0,  ,  ,0.0,  ,  
2019-08-12 12:30:00,17.7895833333,14.7362550628,752.575375024,  ,  ,0.0,1.60000795486,82.3375,0.0,  ,  ,0.0,  ,  
2019-08-12 12:35:00,17.88625,14.7731435029,752.611889712,  ,  ,0.0,0.900004474609,82.0333333333,0.0,  ,  ,0.0,  ,  
2019-08-12 12:40:00,17.93625,14.8408585814,752.611889712,  ,  ,0.0,1.60000795486,82.1333333333,0.0,  ,  ,0.0,  ,  
2019-08-12 12:45:00,18.0495833333,14.9396267087,752.573428863,  ,  ,0.0,1.80000894922,82.0708333333,0.0,  ,  ,0.0,  ,  
2019-08-12 12:50:00,18.08,14.8727195436,752.536883544,  ,  ,0.0,1.80000894922,81.5625,0.0,  ,  ,0.0,  ,  
2019-08-12 12:55:00,18.1066666667,14.9439238587,752.536883544,  ,  ,0.0,1.60000795486,81.8,0.0,  ,  ,0.0,  ,  
2019-08-12 13:00:00,18.2158333333,15.0567475251,752.536883544,  ,  ,0.0,0.900004474609,81.8333333333,0.0,  ,  ,0.0,  ,  
2019-08-12 13:05:00,18.3,15.0569904779,752.536883544,  ,  ,0.0,1.30000646332,81.4041666667,0.0,  ,  ,0.0,  ,  
2019-08-12 13:10:00,18.3,14.9851534658,752.536883544,  ,  ,0.0,0.900004474609,81.0291666667,0.0,  ,  ,0.0,  ,  
2019-08-12 13:15:00,18.3695833333,15.1120651492,752.575375024,  ,  ,0.0,1.30000646332,81.3375,0.0,  ,  ,0.0,  ,  
2019-08-12 13:20:00,18.4825,15.2141420976,752.611889712,  ,  ,0.0,0.900004474609,81.2958333333,0.0,  ,  ,0.0,  ,  
2019-08-12 13:25:00,18.5470833333,15.0867023516,752.611889712,  ,  ,0.0,0.900004474609,80.3083333333,0.0,  ,  ,0.0,  ,  
2019-08-12 13:30:00,18.4370833333,14.9965904503,752.650343894,  ,  ,0.0,0.600002983073,80.3958333333,0.0,  ,  ,0.0,  ,  
2019-08-12 13:35:00,18.4,14.981438924,752.68689588,  ,  ,0.0,0.0,80.5041666667,0.0,  ,  ,0.0,  ,  
2019-08-12 13:40:00,18.5191666667,14.8899673012,752.68689588,  ,  ,0.0,0.600002983073,79.4375,0.0,  ,  ,0.0,  ,  
2019-08-12 13:45:00,18.6,14.6524862708,752.648423531,  ,  ,0.0,0.0,77.8375,0.0,  ,  ,0.0,  ,  
2019-08-12 13:50:00,18.6033333333,14.4426786923,752.611889712,  ,  ,0.0,0.0,76.775,0.0,  ,  ,0.0,  ,  
2019-08-12 13:55:00,18.64625,14.3127040995,752.611889712,  ,  ,0.0,0.0,75.9291666667,0.0,  ,  ,0.0,  ,  
2019-08-12 14:00:00,18.7195833333,14.3793307822,752.573398232,  ,  ,0.0,0.0,75.9083333333,0.0,  ,  ,0.0,  ,  
2019-08-12 14:05:00,18.8233333333,14.2519426512,752.536883544,  ,  ,0.0,0.0,74.8,0.0,  ,  ,0.0,  ,  
2019-08-12 14:10:00,18.93875,14.4458548009,752.536883544,  ,  ,0.0,0.0,75.2,0.0,  ,  ,0.0,  ,  
2019-08-12 14:15:00,19.1,14.450505113,752.57526663,  ,  ,0.0,0.0,74.4708333333,0.0,  ,  ,0.0,  ,  
2019-08-12 14:20:00,19.19625,14.4798812868,752.611889712,  ,  ,0.0,0.0,74.1666666667,0.0,  ,  ,0.0,  ,  
2019-08-12 14:25:00,19.1570833333,14.4551855214,752.611889712,  ,  ,0.0,0.600002983073,74.2291666667,0.0,  ,  ,0.0,  ,  
2019-08-12 14:30:00,19.19625,14.6522318539,752.534892895,  ,  ,0.0,0.0,74.9958333333,0.0,  ,  ,0.0,  ,  
2019-08-12 14:35:00,19.2929166667,14.7541314603,752.461877376,  ,  ,0.0,0.600002983073,75.0375,0.0,  ,  ,0.0,  ,  
2019-08-12 14:40:00,19.37625,14.7654006642,752.461877376,  ,  ,0.0,0.80000397743,74.7041666667,0.0,  ,  ,0.0,  ,  
2019-08-12 14:45:00,19.4891666667,14.8586936925,752.423423194,  ,  ,0.0,0.900004474609,74.6291666667,0.0,  ,  ,0.0,  ,  
2019-08-12 14:50:00,19.6529166667,14.9696313961,752.386871208,  ,  ,0.0,0.900004474609,74.4041666667,0.0,  ,  ,0.0,  ,  
2019-08-12 14:55:00,19.7,15.0628695193,752.386871208,  ,  ,0.0,0.80000397743,74.6333333333,0.0,  ,  ,0.0,  ,  
2019-08-12 15:00:00,19.6966666667,14.9751749811,752.425343557,  ,  ,0.0,0.80000397743,74.2291666667,0.0,  ,  ,0.0,  ,  
2019-08-12 15:05:00,19.6170833333,14.8583046016,752.461877376,  ,  ,0.0,0.900004474609,74.0375,0.0,  ,  ,0.0,  ,  
2019-08-12 15:10:00,19.5933333333,14.7925323415,752.461877376,  ,  ,0.0,0.0,73.8333333333,0.0,  ,  ,0.0,  ,  
2019-08-12 15:15:00,19.5966666667,14.7746953457,752.461877376,  ,  ,0.0,0.0,73.7333333333,0.0,  ,  ,0.0,  ,  
2019-08-12 15:20:00,19.67625,14.7747706451,752.461877376,  ,  ,0.0,0.0,73.3708333333,0.0,  ,  ,0.0,  ,  
2019-08-12 15:25:00,19.7195833333,14.9972585903,752.461877376,  ,  ,0.0,0.0,74.2291666667,0.0,  ,  ,0.0,  ,  
2019-08-12 15:30:00,19.8,15.0406445431,752.423423194,  ,  ,0.0,0.0,74.0666666667,0.0,  ,  ,0.0,  ,  
2019-08-12 15:35:00,19.8629166667,15.0099393994,752.386871208,  ,  ,0.0,0.0,73.6333333333,0.0,  ,  ,0.0,  ,  
2019-08-12 15:40:00,19.9295833333,15.1794951488,752.386871208,  ,  ,0.0,0.600002983073,74.1333333333,0.0,  ,  ,0.0,  ,  
2019-08-12 15:45:00,20.1525,15.1345276049,752.348398859,  ,  ,0.0,0.0,72.9083333333,0.0,  ,  ,0.0,  ,  
2019-08-12 15:50:00,20.3325,15.133855813,752.31186504,  ,  ,0.0,0.80000397743,72.1,0.0,  ,  ,0.0,  ,  
2019-08-12 15:55:00,20.4595833333,15.1908935781,752.31186504,  ,  ,0.0,1.30000646332,71.8,0.0,  ,  ,0.0,  ,  
2019-08-12 16:00:00,20.6058333333,15.2013323843,752.31186504,  ,  ,0.0,0.600002983073,71.2041666667,0.0,  ,  ,0.0,  ,  
2019-08-12 16:05:00,20.7,15.232195525,752.31186504,  ,  ,0.0,0.0,70.9333333333,0.0,  ,  ,0.0,  ,  
2019-08-12 16:10:00,20.67375,15.0904262163,752.31186504,  ,  ,0.0,0.0,70.4041666667,0.0,  ,  ,0.0,  ,  
2019-08-12 16:15:00,20.5204166667,15.0528143168,752.2733859,  ,  ,0.0,0.0,70.9,0.0,  ,  ,0.0,  ,  
2019-08-12 16:20:00,20.4995833333,15.1549647995,752.236858872,  ,  ,0.0,0.0,71.4583333333,0.0,  ,  ,0.0,  ,  
2019-08-12 16:25:00,20.6589958159,15.3383671004,752.236858872,  ,  ,0.0,0.0,71.5983263598,0.0,  ,  ,0.0,  ,  
2019-08-12 16:30:00,20.8725,15.6025261269,752.198386523,  ,  ,0.0,0.0,71.8708333333,0.0,  ,  ,0.0,  ,  
2019-08-12 16:35:00,21.1225,15.5781180336,752.161852704,  ,  ,0.0,0.0,70.6666666667,0.0,  ,  ,0.0,  ,  
2019-08-12 16:40:00,21.18375,15.6956712402,752.161852704,  ,  ,0.0,0.0,70.9333333333,0.0,  ,  ,0.0,  ,  
2019-08-12 16:45:00,21.1,15.6667794469,752.123417635,  ,  ,0.0,0.0,71.1666666667,0.0,  ,  ,0.0,  ,  
2019-08-12 16:50:00,21.07375,15.6699743848,752.086846536,  ,  ,0.0,0.0,71.2958333333,0.0,  ,  ,0.0,  ,  
2019-08-12 16:55:00,21.03625,15.6787379106,752.086846536,  ,  ,0.0,0.0,71.5,0.0,  ,  ,0.0,  ,  
2019-08-12 17:00:00,21.08,15.8939832121,752.086846536,  ,  ,0.0,0.600002983073,72.2958333333,0.0,  ,  ,0.0,  ,  
2019-08-12 17:05:00,21.1329166667,15.9745822907,752.086846536,  ,  ,0.0,0.0,72.4333333333,0.0,  ,  ,0.0,  ,  
2019-08-12 17:10:00,21.3191666667,16.0747449395,752.086846536,  ,  ,0.0,0.0,72.0708333333,0.0,  ,  ,0.0,  ,  
2019-08-12 17:15:00,21.4166666667,16.1528990609,752.086846536,  ,  ,0.0,1.4000069605,72.0,0.0,  ,  ,0.0,  ,  
2019-08-12 17:20:00,21.3108333333,15.7898108754,752.086846536,  ,  ,0.0,1.10000546897,70.8083333333,0.0,  ,  ,0.0,  ,  
2019-08-12 17:25:00,21.15375,15.6871269395,752.086846536,  ,  ,0.0,1.30000646332,71.025,0.0,  ,  ,0.0,  ,  
2019-08-12 17:30:00,21.1066666667,15.8979049854,752.048393299,  ,  ,0.0,0.600002983073,72.1958333333,0.0,  ,  ,0.0,  ,  
2019-08-12 17:35:00,21.2391666667,16.1208051351,752.011840368,  ,  ,0.0,0.0,72.6375,0.0,  ,  ,0.0,  ,  
2019-08-12 17:40:00,21.4554166667,16.2563040932,752.011840368,  ,  ,0.0,0.0,72.3041666667,0.0,  ,  ,0.0,  ,  
2019-08-12 17:45:00,21.6,16.1964621381,752.011840368,  ,  ,0.0,0.0,71.3958333333,0.0,  ,  ,0.0,  ,  
2019-08-12 17:50:00,21.4608333333,16.2243457851,752.011840368,  ,  ,0.0,0.80000397743,72.1333333333,0.0,  ,  ,0.0,  ,  
2019-08-12 17:55:00,21.3870833333,16.0808565852,752.011840368,  ,  ,0.0,0.600002983073,71.8,0.0,  ,  ,0.0,  ,  
2019-08-12 18:00:00,21.3,16.1630378068,751.973405299,  ,  ,0.0,0.0,72.5625,0.0,  ,  ,0.0,  ,  
2019-08-12 18:05:00,21.3691666667,16.458912666,751.9368342,  ,  ,0.0,0.0,73.6291666667,0.0,  ,  ,0.0,  ,  
2019-08-12 18:10:00,21.6191666667,16.6503847081,751.9368342,  ,  ,0.0,0.0,73.4,0.0,  ,  ,0.0,  ,  
2019-08-12 18:15:00,21.8525,16.7028665245,751.9368342,  ,  ,0.0,0.0,72.6041666667,0.0,  ,  ,0.0,  ,  
2019-08-12 18:20:00,22.0720833333,16.8047346317,751.9368342,  ,  ,0.0,0.0,72.1041666667,0.0,  ,  ,0.0,  ,  
2019-08-12 18:25:00,22.2433333333,16.8959216392,751.9368342,  ,  ,0.0,0.900004474609,71.7708333333,0.0,  ,  ,0.0,  ,  
2019-08-12 18:30:00,22.1570833333,16.7893489563,751.9368342,  ,  ,0.0,0.0,71.6625,0.0,  ,  ,0.0,  ,  
2019-08-12 18:35:00,22.1629166667,16.7094277746,751.9368342,  ,  ,0.0,0.80000397743,71.275,0.0,  ,  ,0.0,  ,  
2019-08-12 18:40:00,22.2266666667,16.7225136695,751.9368342,  ,  ,0.0,0.0,71.0583333333,0.0,  ,  ,0.0,  ,  
2019-08-12 18:45:00,21.955,16.633038093,751.898399131,  ,  ,0.0,1.4000069605,71.8333333333,0.0,  ,  ,0.0,  ,  
2019-08-12 18:50:00,21.6775,16.5978803995,751.861828032,  ,  ,0.0,0.0,72.8958333333,0.0,  ,  ,0.0,  ,  
2019-08-12 18:55:00,21.5008333333,16.6070146468,751.861828032,  ,  ,0.0,1.4000069605,73.7291666667,0.0,  ,  ,0.0,  ,  
2019-08-12 19:00:00,21.2675,16.5381469006,751.861828032,  ,  ,0.0,1.30000646332,74.4625,0.0,  ,  ,0.0,  ,  
2019-08-12 19:05:00,21.1004166667,16.4902655079,751.861828032,  ,  ,0.0,0.0,75.0,0.0,  ,  ,0.0,  ,  
2019-08-12 19:10:00,20.9179166667,16.4525144049,751.861828032,  ,  ,0.0,1.10000546897,75.6625,0.0,  ,  ,0.0,  ,  
2019-08-12 19:15:00,20.77375,16.4787054975,751.861828032,  ,  ,0.0,0.0,76.4625,0.0,  ,  ,0.0,  ,  
2019-08-12 19:20:00,20.6604166667,16.7019034705,751.861828032,  ,  ,0.0,0.0,78.0958333333,0.0,  ,  ,0.0,  ,  
2019-08-12 19:25:00,20.5308333333,16.7568616242,751.861828032,  ,  ,0.0,0.0,78.9958333333,0.0,  ,  ,0.0,  ,  
2019-08-12 19:30:00,20.3208333333,16.5537831166,751.861828032,  ,  ,0.0,0.80000397743,79.0,0.0,  ,  ,0.0,  ,  
2019-08-12 19:35:00,20.1570833333,16.4601916571,751.861828032,  ,  ,0.0,0.0,79.3291666667,0.0,  ,  ,0.0,  ,  
2019-08-12 19:40:00,19.9145833333,16.3569244708,751.861828032,  ,  ,0.0,0.0,80.0,0.0,  ,  ,0.0,  ,  
2019-08-12 19:45:00,19.6908333333,16.2882930886,751.938659984,  ,  ,0.0,0.0,80.7625,0.0,  ,  ,0.0,  ,  
2019-08-12 19:50:00,19.4641666667,16.1201068242,752.011840368,  ,  ,0.0,0.0,81.0333333333,0.0,  ,  ,0.0,  ,  
2019-08-12 19:55:00,19.2708333333,16.0594277079,752.011840368,  ,  ,0.0,0.600002983073,81.6958333333,0.0,  ,  ,0.0,  ,  
2019-08-12 20:00:00,19.0679166667,15.9889012806,751.973417078,  ,  ,0.0,0.0,82.3625,0.0,  ,  ,0.0,  ,  
2019-08-12 20:05:00,18.86375,15.9480624351,751.9368342,  ,  ,0.0,0.0,83.2,0.0,  ,  ,0.0,  ,  
2019-08-12 20:10:00,18.6775,15.8902053215,751.9368342,  ,  ,0.0,0.0,83.8625,0.0,  ,  ,0.0,  ,  
2019-08-12 20:15:00,18.4341666667,15.7203656777,751.975348856,  ,  ,0.0,0.0,84.2291666667,0.0,  ,  ,0.0,  ,  
2019-08-12 20:20:00,18.2741666667,15.7061623853,752.011840368,  ,  ,0.0,0.0,85.0,0.0,  ,  ,0.0,  ,  
2019-08-12 20:25:00,18.0579166667,15.6033621116,752.011840368,  ,  ,0.0,0.0,85.5958333333,0.0,  ,  ,0.0,  ,  
2019-08-12 20:30:00,17.8241666667,15.4951774116,751.973386186,  ,  ,0.0,0.0,86.2625,0.0,  ,  ,0.0,  ,  
2019-08-12 20:35:00,17.6504166667,15.4574171016,751.9368342,  ,  ,0.0,0.80000397743,87.0,0.0,  ,  ,0.0,  ,  
2019-08-12 20:40:00,17.4208333333,15.231758506,751.9368342,  ,  ,0.0,0.600002983073,87.0,0.0,  ,  ,0.0,  ,  
2019-08-12 20:45:00,17.3175,15.1301905236,751.821583549,  ,  ,0.0,0.600002983073,87.0,0.0,  ,  ,0.0,  ,  
2019-08-12 20:50:00,17.2133333333,15.0337630705,751.711815696,  ,  ,0.0,0.80000397743,87.0333333333,0.0,  ,  ,0.0,  ,  
2019-08-12 20:55:00,17.17375,15.1542437179,751.711815696,  ,  ,0.0,0.900004474609,87.9291666667,0.0,  ,  ,0.0,  ,  
2019-08-12 21:00:00,17.1,15.0941925488,751.750250765,  ,  ,0.0,0.600002983073,88.0,0.0,  ,  ,0.0,  ,  
2019-08-12 21:05:00,17.0704166667,15.0650731207,751.786821864,  ,  ,0.0,0.0,88.0,0.0,  ,  ,0.0,  ,  
2019-08-12 21:10:00,16.9604166667,14.956797597,751.786821864,  ,  ,0.0,0.0,88.0,0.0,  ,  ,0.0,  ,  
2019-08-12 21:15:00,16.8670833333,14.8877204826,751.863730227,  ,  ,0.0,0.0,88.1291666667,0.0,  ,  ,0.0,  ,  
2019-08-12 21:20:00,16.7470833333,14.9223487822,751.9368342,  ,  ,0.0,0.900004474609,89.0,0.0,  ,  ,0.0,  ,  
2019-08-12 21:25:00,16.6404166667,14.8172062063,751.9368342,  ,  ,0.0,0.900004474609,89.0,0.0,  ,  ,0.0,  ,  
2019-08-12 21:30:00,16.58375,14.7613489558,751.898399131,  ,  ,0.0,1.30000646332,89.0,0.0,  ,  ,0.0,  ,  
2019-08-12 21:35:00,16.45375,14.6912019485,751.861828032,  ,  ,0.0,0.0,89.3333333333,0.0,  ,  ,0.0,  ,  
2019-08-12 21:40:00,16.4,14.7298375189,751.861828032,  ,  ,0.0,1.4000069605,89.8625,0.0,  ,  ,0.0,  ,  
2019-08-12 21:45:00,16.4,14.753572716,751.861828032,  ,  ,0.0,1.10000546897,90.0,0.0,  ,  ,0.0,  ,  
2019-08-12 21:50:00,16.4,14.753572716,751.861828032,  ,  ,0.0,1.60000795486,90.0,0.0,  ,  ,0.0,  ,  
2019-08-12 21:55:00,16.4,14.753572716,751.861828032,  ,  ,0.0,0.0,90.0,0.0,  ,  ,0.0,  ,  
2019-08-12 22:00:00,16.4,14.753572716,751.861828032,  ,  ,0.0,0.900004474609,90.0,0.0,  ,  ,0.0,  ,  
2019-08-12 22:05:00,16.4,14.753572716,751.861828032,  ,  ,0.0,1.10000546897,90.0,0.0,  ,  ,0.0,  ,  
2019-08-12 22:10:00,16.4,14.753572716,751.861828032,  ,  ,0.0,0.900004474609,90.0,0.0,  ,  ,0.0,  ,  
2019-08-12 22:15:00,16.4,14.753572716,751.861828032,  ,  ,0.0,0.600002983073,90.0,0.0,  ,  ,0.0,  ,  
2019-08-12 22:20:00,16.4,14.753572716,751.861828032,  ,  ,0.0,0.0,90.0,0.0,  ,  ,0.0,  ,  
2019-08-12 22:25:00,16.4,14.753572716,751.861828032,  ,  ,0.0,0.80000397743,90.0,0.0,  ,  ,0.0,  ,  
2019-08-12 22:30:00,16.4129166667,14.7663225351,751.861828032,  ,  ,0.0,1.10000546897,90.0,0.0,  ,  ,0.0,  ,  
2019-08-12 22:35:00,16.5229166667,14.7717189828,751.861828032,  ,  ,0.0,0.80000397743,89.4041666667,0.0,  ,  ,0.0,  ,  
2019-08-12 22:40:00,16.6,14.7948057787,751.861828032,  ,  ,0.0,1.30000646332,89.1,0.0,  ,  ,0.0,  ,  
2019-08-12 22:45:00,16.61,14.7872240279,751.861828032,  ,  ,0.0,0.80000397743,89.0,0.0,  ,  ,0.0,  ,  
2019-08-12 22:50:00,16.6066666667,14.7839383065,751.861828032,  ,  ,0.0,1.10000546897,89.0,0.0,  ,  ,0.0,  ,  
2019-08-12 22:55:00,16.5604166667,14.7608639328,751.861828032,  ,  ,0.0,1.80000894922,89.1291666667,0.0,  ,  ,0.0,  ,  
2019-08-12 23:00:00,16.4070833333,14.7605645533,751.823504801,  ,  ,0.0,1.30000646332,90.0,0.0,  ,  ,0.0,  ,  
2019-08-12 23:05:00,16.3270833333,14.6815977735,751.786821864,  ,  ,0.0,1.4000069605,90.0,0.0,  ,  ,0.0,  ,  
2019-08-12 23:10:00,16.22375,14.6018356064,751.786821864,  ,  ,0.0,1.30000646332,90.1291666667,0.0,  ,  ,0.0,  ,  
2019-08-12 23:15:00,16.0941666667,14.6229462694,751.748479576,  ,  ,0.0,1.4000069605,91.0,0.0,  ,  ,0.0,  ,  
2019-08-12 23:20:00,15.9470833333,14.4775627609,751.711815696,  ,  ,0.0,1.80000894922,91.0,0.0,  ,  ,0.0,  ,  
2019-08-12 23:25:00,15.8570833333,14.4275441759,751.711815696,  ,  ,0.0,1.4000069605,91.2291666667,0.0,  ,  ,0.0,  ,  
2019-08-12 23:30:00,15.7404166667,14.4424290236,751.711815696,  ,  ,0.0,1.10000546897,92.0,0.0,  ,  ,0.0,  ,  
2019-08-12 23:35:00,15.7,14.4024252497,751.711815696,  ,  ,0.0,0.900004474609,92.0,0.0,  ,  ,0.0,  ,  
2019-08-12 23:40:00,15.6204166667,14.323654741,751.711815696,  ,  ,0.0,0.0,92.0,0.0,  ,  ,0.0,  ,  
2019-08-12 23:45:00,15.5670833333,14.3596001163,751.750102427,  ,  ,0.0,0.0,92.5291666667,0.0,  ,  ,0.0,  ,  
2019-08-12 23:50:00,15.4204166667,14.2928166138,751.786821864,  ,  ,0.0,0.0,93.0,0.0,  ,  ,0.0,  ,  
  

    

