Time,TemperatureC,DewpointC,PressurehPa,WindDirection,WindDirectionDegrees,WindSpeedKMH,WindSpeedGustKMH,Humidity,HourlyPrecipMM,Conditions,Clouds,dailyrainMM,SoftwareType,DateUTC
                
2019-02-14 00:00:00,-4.2,-6.40858695521,1000.5,  ,  ,0.897087793442,2.90001441819,84.5458333333,0.0,  ,  ,0.0,  ,  
2019-02-14 00:05:00,-4.26125,-6.39888284135,1000.65129225,  ,  ,0.900004474609,2.90001441819,85.0,0.0,  ,  ,0.0,  ,  
2019-02-14 00:10:00,-4.30333333333,-6.46768580562,1000.7,  ,  ,0.802920658598,4.60002287023,84.8208333333,0.0,  ,  ,0.0,  ,  
2019-02-14 00:15:00,-4.39125,-6.58598209116,1000.7,  ,  ,0.80000397743,3.60001789844,84.6125,0.0,  ,  ,0.0,  ,  
2019-02-14 00:20:00,-4.48125,-6.61296113966,1000.77559761,  ,  ,0.897087793442,2.90001441819,85.0125,0.0,  ,  ,0.0,  ,  
2019-02-14 00:25:00,-4.57,-6.74156663869,1000.8,  ,  ,0.900004474609,3.10001541254,84.7416666667,0.0,  ,  ,0.0,  ,  
2019-02-14 00:30:00,-4.58458333333,-6.73481339669,1000.8,  ,  ,0.802920658598,3.3000164069,84.8791666667,0.0,  ,  ,0.0,  ,  
2019-02-14 00:35:00,-4.6,-6.65838684819,1001.02727725,  ,  ,0.80000397743,1.30000646332,85.4791666667,0.0,  ,  ,0.0,  ,  
2019-02-14 00:40:00,-4.6,-6.57936882842,1001.1,  ,  ,0.0233334493417,1.30000646332,86.0,0.0,  ,  ,0.0,  ,  
2019-02-14 00:45:00,-4.6,-6.6723382164,1001.1,  ,  ,0.0,3.10001541254,85.3875,0.0,  ,  ,0.0,  ,  
2019-02-14 00:50:00,-4.6,-6.73146169927,1001.17564612,  ,  ,0.582502896067,2.90001441819,85.0,0.0,  ,  ,0.0,  ,  
2019-02-14 00:55:00,-4.6,-6.73146169927,1001.2,  ,  ,0.600002983073,2.60001292665,85.0,0.0,  ,  ,0.0,  ,  
2019-02-14 01:00:00,-4.65791666667,-6.78832416001,1001.2,  ,  ,0.794170615095,1.9000094464,85.0,0.0,  ,  ,0.0,  ,  
2019-02-14 01:05:00,-4.72125,-6.84350664964,1001.27565822,  ,  ,0.80000397743,0.900004474609,85.0458333333,0.0,  ,  ,0.0,  ,  
2019-02-14 01:10:00,-4.8,-6.8941564196,1001.3,  ,  ,0.0233334493417,2.40001193229,85.2208333333,0.0,  ,  ,0.0,  ,  
2019-02-14 01:15:00,-4.8,-6.82453009173,1001.3,  ,  ,0.0,1.30000646332,85.6791666667,0.0,  ,  ,0.0,  ,  
2019-02-14 01:20:00,-4.8,-6.78102391882,1001.52672673,  ,  ,0.0,0.600002983073,85.9666666667,0.0,  ,  ,0.0,  ,  
2019-02-14 01:25:00,-4.8,-6.77598808174,1001.6,  ,  ,0.0,1.4000069605,86.0,0.0,  ,  ,0.0,  ,  
2019-02-14 01:30:00,-4.8,-6.77598808174,1001.6,  ,  ,0.0,2.30001143511,86.0,0.0,  ,  ,0.0,  ,  
2019-02-14 01:35:00,-4.8,-6.77598808174,1001.75131644,  ,  ,0.0,1.30000646332,86.0,0.0,  ,  ,0.0,  ,  
2019-02-14 01:40:00,-4.8,-6.77598808174,1001.8,  ,  ,0.0,0.600002983073,86.0,0.0,  ,  ,0.0,  ,  
2019-02-14 01:45:00,-4.81125,-6.78704799985,1001.8,  ,  ,0.0,1.10000546897,86.0,0.0,  ,  ,0.0,  ,  
2019-02-14 01:50:00,-4.89666666667,-6.87102174789,1001.8,  ,  ,0.0,0.0,86.0,0.0,  ,  ,0.0,  ,  
2019-02-14 01:55:00,-4.88875,-6.82304473433,1001.8,  ,  ,0.0,1.10000546897,86.2666666667,0.0,  ,  ,0.0,  ,  
2019-02-14 02:00:00,-4.83333333333,-6.80875823584,1001.8,  ,  ,0.0,0.0,86.0,0.0,  ,  ,0.0,  ,  
2019-02-14 02:05:00,-4.89125,-6.82048697058,1001.8,  ,  ,0.0,0.80000397743,86.3,0.0,  ,  ,0.0,  ,  
2019-02-14 02:10:00,-4.9625,-6.82367231315,1001.8,  ,  ,0.0,2.30001143511,86.7458333333,0.0,  ,  ,0.0,  ,  
2019-02-14 02:15:00,-5.12791666667,-6.9584546546,1001.8,  ,  ,0.0,0.0,86.9333333333,0.0,  ,  ,0.0,  ,  
2019-02-14 02:20:00,-5.24125,-7.0600782824,1001.72437437,  ,  ,0.0,0.0,87.0,0.0,  ,  ,0.0,  ,  
2019-02-14 02:25:00,-5.37583333333,-7.19256441281,1001.7,  ,  ,0.0,0.0,87.0,0.0,  ,  ,0.0,  ,  
2019-02-14 02:30:00,-5.6125,-7.42554603022,1001.7,  ,  ,0.0,0.0,87.0,0.0,  ,  ,0.0,  ,  
2019-02-14 02:35:00,-5.80583333333,-7.61587179628,1001.62439146,  ,  ,0.0,0.0,87.0,0.0,  ,  ,0.0,  ,  
2019-02-14 02:40:00,-6.07708333333,-7.81712381344,1001.6,  ,  ,0.0,0.0,87.4458333333,0.0,  ,  ,0.0,  ,  
2019-02-14 02:45:00,-6.30916666667,-7.96454360906,1001.6,  ,  ,0.0,0.0,88.0,0.0,  ,  ,0.0,  ,  
2019-02-14 02:50:00,-6.58375,-8.20912341643,1001.82693837,  ,  ,0.0,0.0,88.1791666667,0.0,  ,  ,0.0,  ,  
2019-02-14 02:55:00,-6.7825,-8.28635698773,1001.9,  ,  ,0.0,0.0,89.0,0.0,  ,  ,0.0,  ,  
2019-02-14 03:00:00,-6.98583333333,-8.48705166736,1001.9,  ,  ,0.0,0.0,89.0,0.0,  ,  ,0.0,  ,  
2019-02-14 03:05:00,-7.17916666667,-8.66651731441,1001.9,  ,  ,0.0,0.0,89.0791666667,0.0,  ,  ,0.0,  ,  
2019-02-14 03:10:00,-7.35916666667,-8.71291610172,1001.9,  ,  ,0.0,0.0,90.0,0.0,  ,  ,0.0,  ,  
2019-02-14 03:15:00,-7.57583333333,-8.92704466762,1001.9,  ,  ,0.0,0.0,90.0,0.0,  ,  ,0.0,  ,  
2019-02-14 03:20:00,-7.74458333333,-9.09381951766,1002.12693837,  ,  ,0.0,0.0,90.0,0.0,  ,  ,0.0,  ,  
2019-02-14 03:25:00,-7.86791666667,-9.05296373207,1002.2,  ,  ,0.0,0.0,91.1583333333,0.0,  ,  ,0.0,  ,  
2019-02-14 03:30:00,-7.96791666667,-9.03493094129,1002.2,  ,  ,0.0,0.0,92.0,0.0,  ,  ,0.0,  ,  
2019-02-14 03:35:00,-8.09458333333,-9.16042402912,1002.50263289,  ,  ,0.0,0.0,92.0,0.0,  ,  ,0.0,  ,  
2019-02-14 03:40:00,-8.17125,-9.236380684,1002.6,  ,  ,0.0,0.0,92.0,0.0,  ,  ,0.0,  ,  
2019-02-14 03:45:00,-8.21458333333,-9.2637789937,1002.6,  ,  ,0.0,0.0,92.1125,0.0,  ,  ,0.0,  ,  
2019-02-14 03:50:00,-8.29,-9.21663071004,1002.82682563,  ,  ,0.0,0.0,93.0,0.0,  ,  ,0.0,  ,  
2019-02-14 03:55:00,-8.3,-9.22655009113,1002.9,  ,  ,0.0,0.0,93.0,0.0,  ,  ,0.0,  ,  
2019-02-14 04:00:00,-8.3,-9.10684269871,1002.9,  ,  ,0.0,0.0,93.8791666667,0.0,  ,  ,0.0,  ,  
2019-02-14 04:05:00,-8.21208333333,-8.92206130679,1003.05129225,  ,  ,0.0,0.0,94.6,0.0,  ,  ,0.0,  ,  
2019-02-14 04:10:00,-8.10541666667,-8.89722387972,1003.1,  ,  ,0.0,0.0,94.0,0.0,  ,  ,0.0,  ,  
2019-02-14 04:15:00,-8.08208333333,-8.87405121721,1003.1,  ,  ,0.0,0.0,94.0,0.0,  ,  ,0.0,  ,  
2019-02-14 04:20:00,-7.99208333333,-8.78467109969,1003.32687688,  ,  ,0.0,0.0,94.0,0.0,  ,  ,0.0,  ,  
2019-02-14 04:25:00,-7.9,-8.69322224809,1003.4,  ,  ,0.0,0.0,94.0,0.0,  ,  ,0.0,  ,  
2019-02-14 04:30:00,-7.9,-8.69322224809,1003.4,  ,  ,0.0,0.0,94.0,0.0,  ,  ,0.0,  ,  
2019-02-14 04:35:00,-7.85875,-8.65225655499,1003.47564612,  ,  ,0.0,0.0,94.0,0.0,  ,  ,0.0,  ,  
2019-02-14 04:40:00,-7.8,-8.5984464994,1003.5,  ,  ,0.0,0.600002983073,93.9666666667,0.0,  ,  ,0.0,  ,  
2019-02-14 04:45:00,-7.79541666667,-8.61375289494,1003.5,  ,  ,0.0,0.600002983073,93.8208333333,0.0,  ,  ,0.0,  ,  
2019-02-14 04:50:00,-7.7,-8.63139340851,1003.5,  ,  ,0.0,0.0,93.0,0.0,  ,  ,0.0,  ,  
2019-02-14 04:55:00,-7.7,-8.63139340851,1003.5,  ,  ,0.0,0.0,93.0,0.0,  ,  ,0.0,  ,  
2019-02-14 05:00:00,-7.73333333333,-8.66445733877,1003.5,  ,  ,0.0,0.0,93.0,0.0,  ,  ,0.0,  ,  
2019-02-14 05:05:00,-7.79791666667,-8.72851881409,1003.57558662,  ,  ,0.0,0.0,93.0,0.0,  ,  ,0.0,  ,  
2019-02-14 05:10:00,-7.8,-8.73058531572,1003.6,  ,  ,0.0,0.0,93.0,0.0,  ,  ,0.0,  ,  
2019-02-14 05:15:00,-7.85125,-8.78142130354,1003.6,  ,  ,0.0,0.0,93.0,0.0,  ,  ,0.0,  ,  
2019-02-14 05:20:00,-7.9,-8.82977757222,1003.82708748,  ,  ,0.0,0.0,93.0,0.0,  ,  ,0.0,  ,  
2019-02-14 05:25:00,-7.95458333333,-8.88392015958,1003.9,  ,  ,0.0,0.0,93.0,0.0,  ,  ,0.0,  ,  
2019-02-14 05:30:00,-8.01458333333,-8.94343579553,1003.9,  ,  ,0.0,0.0,93.0,0.0,  ,  ,0.0,  ,  
2019-02-14 05:35:00,-8.09,-8.93629018451,1003.9757079,  ,  ,0.0,0.0,93.6,0.0,  ,  ,0.0,  ,  
2019-02-14 05:40:00,-8.10125,-9.02940304723,1004.0,  ,  ,0.0,0.0,93.0,0.0,  ,  ,0.0,  ,  
2019-02-14 05:45:00,-8.2,-9.12735643746,1004.0,  ,  ,0.0,0.0,93.0,0.0,  ,  ,0.0,  ,  
2019-02-14 05:50:00,-8.26458333333,-9.19141896551,1004.0,  ,  ,0.0,0.0,93.0,0.0,  ,  ,0.0,  ,  
2019-02-14 05:55:00,-8.37458333333,-9.3005322519,1004.0,  ,  ,0.0,0.0,93.0,0.0,  ,  ,0.0,  ,  
2019-02-14 06:00:00,-8.5425,-9.46709615186,1004.0,  ,  ,0.0,0.0,93.0,0.0,  ,  ,0.0,  ,  
2019-02-14 06:05:00,-8.67791666667,-9.60142259503,1004.22682563,  ,  ,0.0,0.0,93.0,0.0,  ,  ,0.0,  ,  
2019-02-14 06:10:00,-8.7925,-9.71508393187,1004.3,  ,  ,0.0,0.80000397743,93.0,0.0,  ,  ,0.0,  ,  
2019-02-14 06:15:00,-8.92125,-9.84279849026,1004.3,  ,  ,0.0,0.0,93.0,0.0,  ,  ,0.0,  ,  
2019-02-14 06:20:00,-9.0925,-10.0126721497,1004.3,  ,  ,0.0,0.0,93.0,0.0,  ,  ,0.0,  ,  
2019-02-14 06:25:00,-9.23125,-10.1503077637,1004.3,  ,  ,0.0,0.0,93.0,0.0,  ,  ,0.0,  ,  
2019-02-14 06:30:00,-9.3,-10.1447124907,1004.3,  ,  ,0.0,0.0,93.5458333333,0.0,  ,  ,0.0,  ,  
2019-02-14 06:35:00,-9.38125,-10.2422161438,1004.37569583,  ,  ,0.0,0.0,93.4208333333,0.0,  ,  ,0.0,  ,  
2019-02-14 06:40:00,-9.5525,-10.4537729704,1004.4,  ,  ,0.0,0.0,93.1125,0.0,  ,  ,0.0,  ,  
2019-02-14 06:45:00,-9.67458333333,-10.4930315891,1004.4,  ,  ,0.0,0.0,93.7208333333,0.0,  ,  ,0.0,  ,  
2019-02-14 06:50:00,-9.79458333333,-10.7091235307,1004.4,  ,  ,0.0,0.0,93.0,0.0,  ,  ,0.0,  ,  
2019-02-14 06:55:00,-9.91916666667,-10.7191365839,1004.4,  ,  ,0.0,0.0,93.8458333333,0.0,  ,  ,0.0,  ,  
2019-02-14 07:00:00,-10.0545833333,-10.8330261496,1004.4,  ,  ,0.0,0.0,94.0,0.0,  ,  ,0.0,  ,  
2019-02-14 07:05:00,-10.13125,-10.9419750771,1004.4,  ,  ,0.0,0.0,93.7541666667,0.0,  ,  ,0.0,  ,  
2019-02-14 07:10:00,-10.2345833333,-11.1456027282,1004.4,  ,  ,0.0,0.0,93.0,0.0,  ,  ,0.0,  ,  
2019-02-14 07:15:00,-10.3079166667,-11.1007211505,1004.4,  ,  ,0.0,0.0,93.8791666667,0.0,  ,  ,0.0,  ,  
2019-02-14 07:20:00,-10.4179166667,-11.2532828365,1004.55139165,  ,  ,0.0,0.0,93.5541666667,0.0,  ,  ,0.0,  ,  
2019-02-14 07:25:00,-10.5779166667,-11.4861934662,1004.6,  ,  ,0.0,0.80000397743,93.0,0.0,  ,  ,0.0,  ,  
2019-02-14 07:30:00,-10.6979166667,-11.56790562,1004.6,  ,  ,0.0,0.0,93.2791666667,0.0,  ,  ,0.0,  ,  
2019-02-14 07:35:00,-10.7579166667,-11.6396869272,1004.6,  ,  ,0.0,0.0,93.1875,0.0,  ,  ,0.0,  ,  
2019-02-14 07:40:00,-10.8,-11.6603161502,1004.6,  ,  ,0.0,0.0,93.3458333333,0.0,  ,  ,0.0,  ,  
2019-02-14 07:45:00,-10.8679166667,-11.6983219253,1004.6,  ,  ,0.0,0.0,93.5666666667,0.0,  ,  ,0.0,  ,  
2019-02-14 07:50:00,-10.9,-11.7008438266,1004.6,  ,  ,0.0,0.0,93.7875,0.0,  ,  ,0.0,  ,  
2019-02-14 07:55:00,-10.9579166667,-11.8631627735,1004.6,  ,  ,0.0,0.0,93.0,0.0,  ,  ,0.0,  ,  
2019-02-14 08:00:00,-11.0745833333,-11.9239575138,1004.6,  ,  ,0.0,0.0,93.4125,0.0,  ,  ,0.0,  ,  
2019-02-14 08:05:00,-11.1,-11.8713216554,1004.75139165,  ,  ,0.0,0.0,94.0,0.0,  ,  ,0.0,  ,  
2019-02-14 08:10:00,-11.1145833333,-11.8858058807,1004.8,  ,  ,0.0,0.0,94.0,0.0,  ,  ,0.0,  ,  
2019-02-14 08:15:00,-11.1833333333,-11.9540887428,1004.8,  ,  ,0.0,0.0,94.0,0.0,  ,  ,0.0,  ,  
2019-02-14 08:20:00,-11.1854166667,-11.9561579226,1005.0271237,  ,  ,0.0,0.0,94.0,0.0,  ,  ,0.0,  ,  
2019-02-14 08:25:00,-11.1333333333,-11.8544211714,1005.1,  ,  ,0.0,0.600002983073,94.3791666667,0.0,  ,  ,0.0,  ,  
2019-02-14 08:30:00,-11.0441666667,-11.6842619924,1005.1,  ,  ,0.0,0.0,95.0,0.0,  ,  ,0.0,  ,  
2019-02-14 08:35:00,-10.9,-11.5409087113,1005.17569583,  ,  ,0.0,0.0,95.0,0.0,  ,  ,0.0,  ,  
2019-02-14 08:40:00,-10.79875,-11.4402302697,1005.2,  ,  ,0.0,0.0,95.0,0.0,  ,  ,0.0,  ,  
2019-02-14 08:45:00,-10.6941666667,-11.3362375781,1005.2,  ,  ,0.0,0.0,95.0,0.0,  ,  ,0.0,  ,  
2019-02-14 08:50:00,-10.6033333333,-11.2607186412,1005.3514158,  ,  ,0.0,0.0,94.8875,0.0,  ,  ,0.0,  ,  
2019-02-14 08:55:00,-10.4429166667,-11.1111197367,1005.4,  ,  ,0.0,0.80000397743,94.8125,0.0,  ,  ,0.0,  ,  
2019-02-14 09:00:00,-10.2654166667,-10.9099118074,1005.4,  ,  ,0.0,0.900004474609,95.0,0.0,  ,  ,0.0,  ,  
2019-02-14 09:05:00,-10.0495833333,-10.6953005579,1005.4756986,  ,  ,0.0,0.900004474609,95.0,0.0,  ,  ,0.0,  ,  
2019-02-14 09:10:00,-9.705,-10.3333556848,1005.5,  ,  ,0.0,1.10000546897,95.1458333333,0.0,  ,  ,0.0,  ,  
2019-02-14 09:15:00,-9.26833333333,-9.90684728095,1005.5,  ,  ,0.0,0.80000397743,95.0875,0.0,  ,  ,0.0,  ,  
2019-02-14 09:20:00,-8.89166666667,-9.63938349744,1005.65139165,  ,  ,0.0,0.0,94.2875,0.0,  ,  ,0.0,  ,  
2019-02-14 09:25:00,-8.58291666667,-9.47256225198,1005.7,  ,  ,0.0,1.4000069605,93.2541666667,0.0,  ,  ,0.0,  ,  
2019-02-14 09:30:00,-8.20166666667,-9.14441331835,1005.7,  ,  ,0.0,0.900004474609,92.8875,0.0,  ,  ,0.0,  ,  
2019-02-14 09:35:00,-7.77166666667,-8.88390499269,1005.8514158,  ,  ,0.0,0.0,91.6875,0.0,  ,  ,0.0,  ,  
2019-02-14 09:40:00,-7.345,-8.66760404882,1005.9,  ,  ,0.0,0.80000397743,90.2208333333,0.0,  ,  ,0.0,  ,  
2019-02-14 09:45:00,-7.015,-8.51464202313,1005.9,  ,  ,0.0,0.900004474609,89.0083333333,0.0,  ,  ,0.0,  ,  
2019-02-14 09:50:00,-6.79208333333,-8.41635358809,1006.05125125,  ,  ,0.0,1.10000546897,88.1666666667,0.0,  ,  ,0.0,  ,  
2019-02-14 09:55:00,-6.62958333333,-8.31625747382,1006.1,  ,  ,0.0,0.0,87.7541666667,0.0,  ,  ,0.0,  ,  
2019-02-14 10:00:00,-6.42,-8.22050068516,1006.1,  ,  ,0.0,1.10000546897,87.0,0.0,  ,  ,0.0,  ,  
2019-02-14 10:05:00,-6.26416666667,-8.13306169005,1006.1,  ,  ,0.0,1.4000069605,86.5541666667,0.0,  ,  ,0.0,  ,  
2019-02-14 10:10:00,-6.09958333333,-8.04371801078,1006.1,  ,  ,0.0,0.80000397743,86.0666666667,0.0,  ,  ,0.0,  ,  
2019-02-14 10:15:00,-5.82416666667,-7.78288741045,1006.1,  ,  ,0.0,0.900004474609,86.0,0.0,  ,  ,0.254,  ,  
2019-02-14 10:20:00,-5.54291666667,-7.58349979934,1006.2514158,  ,  ,0.0,0.0,85.4875,0.0,  ,  ,0.254,  ,  
2019-02-14 10:25:00,-5.25958333333,-7.4063185525,1006.3,  ,  ,0.0,1.30000646332,84.8208333333,0.0,  ,  ,0.254,  ,  
2019-02-14 10:30:00,-5.10791666667,-7.44161420482,1006.3,  ,  ,0.0,0.600002983073,83.6208333333,0.0,  ,  ,0.254,  ,  
2019-02-14 10:35:00,-5.45083333333,-7.97213169565,1006.37569583,  ,  ,0.0,0.80000397743,82.3666666667,0.0,  ,  ,0.254,  ,  
2019-02-14 10:40:00,-5.86583333333,-8.23694916213,1006.4,  ,  ,0.0,0.600002983073,83.2791666667,0.0,  ,  ,0.254,  ,  
2019-02-14 10:45:00,-6.16708333333,-8.61810051792,1006.4,  ,  ,0.0,0.600002983073,82.7208333333,0.0,  ,  ,0.254,  ,  
2019-02-14 10:50:00,-6.40583333333,-8.7009640412,1006.5514158,  ,  ,0.0,1.10000546897,83.7041666667,0.0,  ,  ,0.254,  ,  
2019-02-14 10:55:00,-6.4775,-8.33433128061,1006.6,  ,  ,0.0,1.30000646332,86.6125,0.0,  ,  ,0.254,  ,  
2019-02-14 11:00:00,-6.3,-8.14813589273,1006.6,  ,  ,0.0,1.10000546897,86.690376569,0.0,  ,  ,0.254,  ,  
2019-02-14 11:05:00,-6.30333333333,-8.17839586927,1006.675571,  ,  ,0.0,0.80000397743,86.5083333333,0.0,  ,  ,0.254,  ,  
2019-02-14 11:10:00,-6.25583333333,-7.94001328428,1006.7,  ,  ,0.0,1.10000546897,87.8083333333,0.0,  ,  ,0.254,  ,  
2019-02-14 11:15:00,-6.07083333333,-7.72960989653,1006.7,  ,  ,0.0,0.900004474609,88.0,0.0,  ,  ,0.254,  ,  
2019-02-14 11:20:00,-5.8225,-7.56450914928,1006.7,  ,  ,0.0,1.30000646332,87.4583333333,0.0,  ,  ,0.254,  ,  
2019-02-14 11:25:00,-5.74833333333,-7.46441588794,1006.7,  ,  ,0.0,1.80000894922,87.6416666667,0.0,  ,  ,0.254,  ,  
2019-02-14 11:30:00,-5.46083333333,-7.0842436298,1006.7,  ,  ,0.0,1.9000094464,88.3,0.0,  ,  ,0.254,  ,  
2019-02-14 11:35:00,-5.17333333333,-6.84494303207,1006.7,  ,  ,0.0,0.900004474609,88.0,0.0,  ,  ,0.254,  ,  
2019-02-14 11:40:00,-4.8425,-6.68499561271,1006.7,  ,  ,0.0,0.80000397743,86.8833333333,0.0,  ,  ,0.254,  ,  
2019-02-14 11:45:00,-4.7225,-6.56314346236,1006.7,  ,  ,0.0,0.600002983073,86.9083333333,0.0,  ,  ,0.254,  ,  
2019-02-14 11:50:00,-4.74416666667,-6.67583199131,1006.85101838,  ,  ,0.0,1.9000094464,86.3,0.0,  ,  ,0.508,  ,  
2019-02-14 11:55:00,-4.73583333333,-6.47802503695,1006.9,  ,  ,0.0,1.4000069605,87.5666666667,0.0,  ,  ,0.508,  ,  
2019-02-14 12:00:00,-4.69666666667,-6.47792711191,1006.9,  ,  ,0.0,0.0,87.3083333333,0.0,  ,  ,0.508,  ,  
2019-02-14 12:05:00,-4.55416666667,-6.23465829688,1006.9,  ,  ,0.0,0.0,88.0,0.0,  ,  ,0.508,  ,  
2019-02-14 12:10:00,-4.30833333333,-6.00226923101,1006.9,  ,  ,0.0,1.10000546897,87.9333333333,0.0,  ,  ,0.508,  ,  
2019-02-14 12:15:00,-4.0975,-5.78455747374,1006.9,  ,  ,0.0,0.0,88.0,0.0,  ,  ,0.508,  ,  
2019-02-14 12:20:00,-3.7775,-5.32924553868,1006.9,  ,  ,0.0,0.80000397743,88.9416666667,0.0,  ,  ,0.762,  ,  
2019-02-14 12:25:00,-3.43083333333,-4.97851650018,1006.9,  ,  ,0.0,2.10001044075,89.0,0.0,  ,  ,0.762,  ,  
2019-02-14 12:30:00,-3.09333333333,-4.69137265284,1006.9,  ,  ,0.0,2.40001193229,88.6916666667,0.0,  ,  ,0.762,  ,  
2019-02-14 12:35:00,-2.785,-4.42090602375,1007.05109344,  ,  ,0.0,0.80000397743,88.4666666667,0.0,  ,  ,0.762,  ,  
2019-02-14 12:40:00,-2.58833333333,-4.30849408598,1007.1,  ,  ,0.0,1.60000795486,87.925,0.0,  ,  ,0.762,  ,  
2019-02-14 12:45:00,-2.39916666667,-4.26256322827,1007.1,  ,  ,0.0,1.4000069605,87.0,0.0,  ,  ,0.762,  ,  
2019-02-14 12:50:00,-2.31583333333,-4.16528372208,1007.2510427,  ,  ,0.0,0.0,87.1,0.0,  ,  ,0.762,  ,  
2019-02-14 12:55:00,-2.2225,-4.08868463665,1007.3,  ,  ,0.0,1.80000894922,87.0,0.0,  ,  ,0.762,  ,  
2019-02-14 13:00:00,-2.19,-4.10262302437,1007.3,  ,  ,0.0,0.900004474609,86.7,0.0,  ,  ,0.762,  ,  
2019-02-14 13:05:00,-2.10916666667,-4.03332920611,1007.3,  ,  ,0.0,3.3000164069,86.6333333333,0.0,  ,  ,0.762,  ,  
2019-02-14 13:10:00,-2.1,-4.10771028237,1007.3,  ,  ,0.0,2.30001143511,86.0916666667,0.0,  ,  ,0.762,  ,  
2019-02-14 13:15:00,-2.1,-4.14764889415,1007.3,  ,  ,0.0,0.80000397743,85.8333333333,0.0,  ,  ,0.762,  ,  
2019-02-14 13:20:00,-2.1,-4.14764889415,1007.45102654,  ,  ,0.0,1.4000069605,85.8333333333,0.0,  ,  ,0.762,  ,  
2019-02-14 13:25:00,-2.09666666667,-4.11859350975,1007.5,  ,  ,0.0,0.80000397743,86.0,0.0,  ,  ,0.762,  ,  
2019-02-14 13:30:00,-2.02916666667,-4.10000179758,1007.5,  ,  ,0.0,2.40001193229,85.6916666667,0.0,  ,  ,0.762,  ,  
2019-02-14 13:35:00,-2.0575,-4.1110474743,1007.42444113,  ,  ,0.0,2.90001441819,85.8,0.0,  ,  ,0.762,  ,  
2019-02-14 13:40:00,-2.1,-4.22914377041,1007.4,  ,  ,0.580002883637,2.10001044075,85.3083333333,0.0,  ,  ,0.762,  ,  
2019-02-14 13:45:00,-2.1,-4.12186987624,1007.4,  ,  ,0.600002983073,1.9000094464,86.0,0.0,  ,  ,0.762,  ,  
2019-02-14 13:50:00,-2.1,-4.12186987624,1007.32449081,  ,  ,0.600002983073,2.80001392101,86.0,0.0,  ,  ,0.762,  ,  
2019-02-14 13:55:00,-2.1,-4.12186987624,1007.3,  ,  ,0.600002983073,1.60000795486,86.0,0.0,  ,  ,0.762,  ,  
2019-02-14 14:00:00,-2.1,-4.08456883135,1007.3,  ,  ,0.793337277619,1.9000094464,86.2416666667,0.0,  ,  ,0.762,  ,  
2019-02-14 14:05:00,-2.08333333333,-4.06432779327,1007.22445328,  ,  ,0.80000397743,2.40001193229,86.2666666667,0.0,  ,  ,0.762,  ,  
2019-02-14 14:10:00,-2.08666666667,-4.04706802346,1007.2,  ,  ,0.80000397743,3.60001789844,86.4,0.0,  ,  ,0.762,  ,  
2019-02-14 14:15:00,-2.03583333333,-3.97143404877,1007.2,  ,  ,0.80000397743,3.3000164069,86.5666666667,0.0,  ,  ,0.762,  ,  
2019-02-14 14:20:00,-2.0,-3.87990877021,1006.89776453,  ,  ,1.28333971379,3.40001690408,86.9333333333,0.0,  ,  ,0.762,  ,  
2019-02-14 14:25:00,-1.94583333333,-3.8163883552,1006.8,  ,  ,1.30000646332,2.60001292665,87.0,0.0,  ,  ,0.762,  ,  
2019-02-14 14:30:00,-1.9,-3.77127952107,1006.8,  ,  ,0.913337874233,3.10001541254,87.0,0.0,  ,  ,0.762,  ,  
2019-02-14 14:35:00,-1.9,-3.77255644052,1006.87554672,  ,  ,0.900004474609,4.10002038433,86.9916666667,0.0,  ,  ,0.762,  ,  
2019-02-14 14:40:00,-1.90666666667,-3.81747356506,1006.9,  ,  ,1.77000880006,3.3000164069,86.7416666667,0.0,  ,  ,1.016,  ,  
2019-02-14 14:45:00,-1.9,-3.77127952107,1006.9,  ,  ,1.80000894922,4.30002137869,87.0,0.0,  ,  ,1.016,  ,  
2019-02-14 14:50:00,-1.90666666667,-3.77784079739,1006.8244898,  ,  ,1.60667465467,4.10002038433,87.0,0.0,  ,  ,1.016,  ,  
2019-02-14 14:55:00,-1.90666666667,-3.76635404085,1006.8,  ,  ,1.60000795486,3.3000164069,87.075,0.0,  ,  ,1.016,  ,  
2019-02-14 15:00:00,-1.9,-3.73174867033,1006.8,  ,  ,1.31000651304,3.40001690408,87.2583333333,0.0,  ,  ,1.016,  ,  
2019-02-14 15:05:00,-1.9,-3.77127952107,1006.72448673,  ,  ,1.30000646332,2.80001392101,87.0,0.0,  ,  ,1.016,  ,  
2019-02-14 15:10:00,-1.9,-3.71520206949,1006.7,  ,  ,1.3966736106,1.60000795486,87.3666666667,0.0,  ,  ,1.016,  ,  
2019-02-14 15:15:00,-1.89333333333,-3.74940280208,1006.7,  ,  ,1.4000069605,2.40001193229,87.1,0.0,  ,  ,1.016,  ,  
2019-02-14 15:20:00,-1.88333333333,-3.72425844729,1006.85109344,  ,  ,0.626669782321,2.80001392101,87.2,0.0,  ,  ,1.016,  ,  
2019-02-14 15:25:00,-1.86333333333,-3.73519255397,1006.9,  ,  ,0.600002983073,3.10001541254,87.0,0.0,  ,  ,1.016,  ,  
2019-02-14 15:30:00,-1.89333333333,-3.7647182477,1006.9,  ,  ,0.890004424891,3.10001541254,87.0,0.0,  ,  ,1.016,  ,  
2019-02-14 15:35:00,-1.92,-3.78585762387,1006.9,  ,  ,0.900004474609,3.40001690408,87.0333333333,0.0,  ,  ,1.016,  ,  
2019-02-14 15:40:00,-1.9975,-3.7794637408,1006.9,  ,  ,1.2866730637,3.10001541254,87.575,0.0,  ,  ,1.016,  ,  
2019-02-14 15:45:00,-2.04,-3.75679732685,1006.9,  ,  ,1.30000646332,3.40001690408,88.0,0.0,  ,  ,1.016,  ,  
2019-02-14 15:50:00,-2.04083333333,-3.75761856266,1006.82449081,  ,  ,1.3966736106,3.40001690408,88.0,0.0,  ,  ,1.016,  ,  
2019-02-14 15:55:00,-2.02666666667,-3.74365755958,1006.8,  ,  ,1.4000069605,3.80001889279,88.0,0.0,  ,  ,1.016,  ,  
2019-02-14 16:00:00,-2.09333333333,-3.80935650424,1006.8,  ,  ,1.30333981323,3.3000164069,88.0,0.0,  ,  ,1.016,  ,  
2019-02-14 16:05:00,-2.06666666667,-3.78181471872,1006.72445328,  ,  ,1.30000646332,3.10001541254,88.0083333333,0.0,  ,  ,1.016,  ,  
2019-02-14 16:10:00,-2.01583333333,-3.66368894637,1006.7,  ,  ,1.10667216878,3.40001690408,88.4583333333,0.0,  ,  ,1.016,  ,  
2019-02-14 16:15:00,-1.9225,-3.50513161164,1006.7,  ,  ,1.10000546897,2.30001143511,88.9,0.0,  ,  ,1.016,  ,  
2019-02-14 16:20:00,-1.89916666667,-3.53230057949,1006.7,  ,  ,0.810004027148,2.30001143511,88.5666666667,0.0,  ,  ,1.016,  ,  
2019-02-14 16:25:00,-1.83,-3.53846882784,1006.7,  ,  ,0.80000397743,3.60001789844,88.075,0.0,  ,  ,1.016,  ,  
2019-02-14 16:30:00,-1.8,-3.49626605776,1006.7,  ,  ,0.80000397743,3.40001690408,88.1583333333,0.0,  ,  ,1.016,  ,  
2019-02-14 16:35:00,-1.79333333333,-3.51371338577,1006.77551327,  ,  ,0.80000397743,3.60001789844,88.0,0.0,  ,  ,1.016,  ,  
2019-02-14 16:40:00,-1.8,-3.52028317327,1006.8,  ,  ,1.09000541925,2.60001292665,88.0,0.0,  ,  ,1.016,  ,  
2019-02-14 16:45:00,-1.8,-3.52028317327,1006.8,  ,  ,1.10000546897,2.80001392101,88.0,0.0,  ,  ,1.016,  ,  
2019-02-14 16:50:00,-1.80666666667,-3.52685296348,1006.8,  ,  ,0.906671174421,3.40001690408,88.0,0.0,  ,  ,1.016,  ,  
2019-02-14 16:55:00,-1.83666666667,-3.55641705294,1006.8,  ,  ,0.900004474609,2.90001441819,88.0,0.0,  ,  ,1.016,  ,  
2019-02-14 17:00:00,-1.8875,-3.60651188525,1006.8,  ,  ,0.900004474609,3.80001889279,88.0,0.0,  ,  ,1.016,  ,  
2019-02-14 17:05:00,-1.9,-3.57717589646,1006.8,  ,  ,0.900004474609,4.30002137869,88.275,0.0,  ,  ,1.016,  ,  
2019-02-14 17:10:00,-1.9,-3.46790825697,1006.8,  ,  ,1.09333876915,3.40001690408,89.0,0.0,  ,  ,1.016,  ,  
2019-02-14 17:15:00,-1.9,-3.46790825697,1006.8,  ,  ,1.10000546897,2.60001292665,89.0,0.0,  ,  ,1.016,  ,  
2019-02-14 17:20:00,-1.95416666667,-3.52135705782,1006.72415507,  ,  ,1.10000546897,2.30001143511,89.0,0.0,  ,  ,1.016,  ,  
2019-02-14 17:25:00,-2.0575,-3.62332137689,1006.7,  ,  ,1.10000546897,2.90001441819,89.0,0.0,  ,  ,1.016,  ,  
2019-02-14 17:30:00,-2.1175,-3.68252673808,1006.7,  ,  ,0.616669732603,2.40001193229,89.0,0.0,  ,  ,1.016,  ,  
2019-02-14 17:35:00,-2.21083333333,-3.77462436481,1006.77552135,  ,  ,0.600002983073,2.40001193229,89.0,0.0,  ,  ,1.016,  ,  
2019-02-14 17:40:00,-2.3,-3.83146330077,1006.8,  ,  ,0.600002983073,3.3000164069,89.2083333333,0.0,  ,  ,1.016,  ,  
2019-02-14 17:45:00,-2.33083333333,-3.74415118564,1006.8,  ,  ,0.600002983073,1.30000646332,90.0,0.0,  ,  ,1.016,  ,  
2019-02-14 17:50:00,-2.4,-3.81248981861,1007.02664016,  ,  ,0.600002983073,0.80000397743,90.0,0.0,  ,  ,1.016,  ,  
2019-02-14 17:55:00,-2.4,-3.78783267583,1007.1,  ,  ,0.600002983073,1.9000094464,90.1666666667,0.0,  ,  ,1.016,  ,  
2019-02-14 18:00:00,-2.4,-3.78660087905,1007.1,  ,  ,0.0200000994358,0.900004474609,90.175,0.0,  ,  ,1.016,  ,  
2019-02-14 18:05:00,-2.39666666667,-3.69120557111,1007.25102654,  ,  ,0.0,0.0,90.8,0.0,  ,  ,1.016,  ,  
2019-02-14 18:10:00,-2.32583333333,-3.64566952395,1007.3,  ,  ,0.0,1.10000546897,90.6333333333,0.0,  ,  ,1.016,  ,  
2019-02-14 18:15:00,-2.3,-3.60050169545,1007.3,  ,  ,0.0,0.900004474609,90.7666666667,0.0,  ,  ,1.016,  ,  
2019-02-14 18:20:00,-2.3,-3.56622209012,1007.3,  ,  ,0.0,1.10000546897,91.0,0.0,  ,  ,1.016,  ,  
2019-02-14 18:25:00,-2.2725,-3.53901715782,1007.3,  ,  ,0.0,1.10000546897,91.0,0.0,  ,  ,1.016,  ,  
2019-02-14 18:30:00,-2.2,-3.46729522745,1007.3,  ,  ,0.0,2.10001044075,91.0,0.0,  ,  ,1.016,  ,  
2019-02-14 18:35:00,-2.2,-3.46729522745,1007.37584493,  ,  ,0.0,0.80000397743,91.0,0.0,  ,  ,1.016,  ,  
2019-02-14 18:40:00,-2.18666666667,-3.45410501326,1007.4,  ,  ,0.0,1.10000546897,91.0,0.0,  ,  ,1.016,  ,  
2019-02-14 18:45:00,-2.1025,-3.37084197164,1007.4,  ,  ,0.0,1.60000795486,91.0,0.0,  ,  ,1.016,  ,  
2019-02-14 18:50:00,-2.1,-3.36836881689,1007.4,  ,  ,0.0,3.80001889279,91.0,0.0,  ,  ,1.016,  ,  
2019-02-14 18:55:00,-2.1,-3.39902361582,1007.4,  ,  ,0.0,3.3000164069,90.7916666667,0.0,  ,  ,1.016,  ,  
2019-02-14 19:00:00,-2.0225,-3.43951202077,1007.4,  ,  ,0.773337178183,2.40001193229,90.0,0.0,  ,  ,1.016,  ,  
2019-02-14 19:05:00,-1.95916666667,-3.37693808292,1007.4,  ,  ,0.80000397743,2.80001392101,90.0,0.0,  ,  ,1.016,  ,  
2019-02-14 19:10:00,-1.9,-3.317241999,1007.4,  ,  ,0.606669682885,2.90001441819,90.0083333333,0.0,  ,  ,1.016,  ,  
2019-02-14 19:15:00,-1.9,-3.2739396552,1007.4,  ,  ,0.600002983073,2.90001441819,90.3,0.0,  ,  ,1.016,  ,  
2019-02-14 19:20:00,-1.86583333333,-3.13671790767,1007.4,  ,  ,0.793337277619,3.40001690408,91.0,0.0,  ,  ,1.016,  ,  
2019-02-14 19:25:00,-1.8,-3.07159229779,1007.4,  ,  ,0.80000397743,2.60001292665,91.0,0.0,  ,  ,1.016,  ,  
2019-02-14 19:30:00,-1.8,-3.07159229779,1007.4,  ,  ,0.80000397743,1.80000894922,91.0,0.0,  ,  ,1.016,  ,  
2019-02-14 19:35:00,-1.80333333333,-3.0908624522,1007.4,  ,  ,0.80000397743,3.90001938997,90.8916666667,0.0,  ,  ,1.016,  ,  
2019-02-14 19:40:00,-1.80666666667,-3.11753385574,1007.4,  ,  ,0.80000397743,2.60001292665,90.7333333333,0.0,  ,  ,1.016,  ,  
2019-02-14 19:45:00,-1.84666666667,-3.14109908009,1007.4,  ,  ,0.80000397743,2.10001044075,90.8416666667,0.0,  ,  ,1.016,  ,  
2019-02-14 19:50:00,-1.83,-3.1012697666,1007.47584493,  ,  ,0.80000397743,1.9000094464,91.0,0.0,  ,  ,1.016,  ,  
2019-02-14 19:55:00,-1.8,-3.17633837898,1007.5,  ,  ,0.80000397743,2.10001044075,90.2916666667,0.0,  ,  ,1.016,  ,  
2019-02-14 20:00:00,-1.8,-3.14915800845,1007.5,  ,  ,0.606669682885,1.9000094464,90.475,0.0,  ,  ,1.016,  ,  
2019-02-14 20:05:00,-1.8,-3.17633837898,1007.5,  ,  ,0.600002983073,2.10001044075,90.2916666667,0.0,  ,  ,1.016,  ,  
2019-02-14 20:10:00,-1.8,-3.21348140631,1007.5,  ,  ,0.0200000994358,2.30001143511,90.0416666667,0.0,  ,  ,1.016,  ,  
2019-02-14 20:15:00,-1.8,-3.17015673254,1007.5,  ,  ,0.0,3.10001541254,90.3333333333,0.0,  ,  ,1.016,  ,  
2019-02-14 20:20:00,-1.8,-3.15039242106,1007.34838549,  ,  ,0.580002883637,3.10001541254,90.4666666667,0.0,  ,  ,1.016,  ,  
2019-02-14 20:25:00,-1.8,-3.09617329697,1007.3,  ,  ,0.600002983073,3.10001541254,90.8333333333,0.0,  ,  ,1.016,  ,  
2019-02-14 20:30:00,-1.8,-3.07159229779,1007.3,  ,  ,0.793337277619,2.60001292665,91.0,0.0,  ,  ,1.016,  ,  
2019-02-14 20:35:00,-1.74583333333,-3.01800808215,1007.3,  ,  ,0.80000397743,3.10001541254,91.0,0.0,  ,  ,1.016,  ,  
2019-02-14 20:40:00,-1.7,-2.97266769561,1007.3,  ,  ,0.896671124703,2.80001392101,91.0,0.0,  ,  ,1.016,  ,  
2019-02-14 20:45:00,-1.69666666667,-2.96937021666,1007.3,  ,  ,0.900004474609,2.80001392101,91.0,0.0,  ,  ,1.016,  ,  
2019-02-14 20:50:00,-1.6125,-2.88610903956,1007.45179641,  ,  ,0.610003032791,2.80001392101,91.0,0.0,  ,  ,1.016,  ,  
2019-02-14 20:55:00,-1.6,-2.87374354552,1007.5,  ,  ,0.600002983073,3.80001889279,91.0,0.0,  ,  ,1.016,  ,  
2019-02-14 21:00:00,-1.6,-2.87374354552,1007.5,  ,  ,0.793337277619,2.60001292665,91.0,0.0,  ,  ,1.016,  ,  
2019-02-14 21:05:00,-1.6,-2.87374354552,1007.57584493,  ,  ,0.80000397743,3.90001938997,91.0,0.0,  ,  ,1.016,  ,  
2019-02-14 21:10:00,-1.6,-2.87374354552,1007.6,  ,  ,0.80000397743,3.10001541254,91.0,0.0,  ,  ,1.016,  ,  
2019-02-14 21:15:00,-1.6,-2.87374354552,1007.6,  ,  ,0.80000397743,3.3000164069,91.0,0.0,  ,  ,1.016,  ,  
2019-02-14 21:20:00,-1.6,-2.87374354552,1007.29627051,  ,  ,0.896671124703,3.40001690408,91.0,0.0,  ,  ,1.016,  ,  
2019-02-14 21:25:00,-1.6,-2.87374354552,1007.2,  ,  ,0.900004474609,2.10001044075,91.0,0.0,  ,  ,1.016,  ,  
2019-02-14 21:30:00,-1.6,-2.87374354552,1007.2,  ,  ,0.900004474609,4.30002137869,91.0,0.0,  ,  ,1.016,  ,  
2019-02-14 21:35:00,-1.6,-2.87374354552,1007.12405567,  ,  ,0.900004474609,4.30002137869,91.0,0.0,  ,  ,1.016,  ,  
2019-02-14 21:40:00,-1.6,-2.87374354552,1007.1,  ,  ,1.38334021097,4.30002137869,91.0,0.0,  ,  ,1.016,  ,  
2019-02-14 21:45:00,-1.6,-2.87374354552,1007.1,  ,  ,1.4000069605,3.3000164069,91.0,0.0,  ,  ,1.016,  ,  
2019-02-14 21:50:00,-1.59333333333,-2.86714861826,1007.17589463,  ,  ,1.11000551868,3.3000164069,91.0,0.0,  ,  ,1.016,  ,  
2019-02-14 21:55:00,-1.58666666667,-2.81632874524,1007.2,  ,  ,1.10000546897,2.30001143511,91.3,0.0,  ,  ,1.016,  ,  
2019-02-14 22:00:00,-1.58958333333,-2.74030152611,1007.2,  ,  ,0.811207352633,3.10001541254,91.8375,0.0,  ,  ,1.016,  ,  
2019-02-14 22:05:00,-1.51666666667,-2.64430227708,1007.12432432,  ,  ,0.80000397743,4.30002137869,92.0,0.0,  ,  ,1.016,  ,  
2019-02-14 22:10:00,-1.5,-2.62779438299,1007.1,  ,  ,0.896254455965,4.50002237305,92.0,0.0,  ,  ,1.016,  ,  
2019-02-14 22:15:00,-1.5,-2.62779438299,1007.1,  ,  ,0.900004474609,3.80001889279,92.0,0.0,  ,  ,1.016,  ,  
2019-02-14 22:20:00,-1.5,-2.62779438299,1007.02424242,  ,  ,1.09250543168,2.80001392101,92.0,0.0,  ,  ,1.016,  ,  
2019-02-14 22:25:00,-1.48958333333,-2.61747695484,1007.0,  ,  ,1.10000546897,4.80002386458,92.0,0.0,  ,  ,1.016,  ,  
2019-02-14 22:30:00,-1.49375,-2.62160392558,1007.0,  ,  ,0.907504511898,2.90001441819,92.0,0.0,  ,  ,1.016,  ,  
2019-02-14 22:35:00,-1.49333333333,-2.62119122847,1006.92420477,  ,  ,0.900004474609,3.80001889279,92.0,0.0,  ,  ,1.016,  ,  
2019-02-14 22:40:00,-1.49666666667,-2.62388314865,1006.9,  ,  ,1.28500638875,3.80001889279,92.0041666667,0.0,  ,  ,1.016,  ,  
2019-02-14 22:45:00,-1.5,-2.57910028386,1006.9,  ,  ,1.30000646332,3.60001789844,92.3333333333,0.0,  ,  ,1.016,  ,  
2019-02-14 22:50:00,-1.5,-2.48217724678,1006.9,  ,  ,1.30000646332,3.40001690408,93.0,0.0,  ,  ,1.016,  ,  
2019-02-14 22:55:00,-1.5,-2.48217724678,1006.9,  ,  ,1.30000646332,4.30002137869,93.0,0.0,  ,  ,1.016,  ,  
2019-02-14 23:00:00,-1.5,-2.48217724678,1006.9,  ,  ,1.10750550626,3.3000164069,93.0,0.0,  ,  ,1.016,  ,  
2019-02-14 23:05:00,-1.5,-2.48217724678,1006.97565822,  ,  ,1.10000546897,3.80001889279,93.0,0.0,  ,  ,1.016,  ,  
2019-02-14 23:10:00,-1.5,-2.48217724678,1007.0,  ,  ,0.907504511898,3.3000164069,93.0,0.0,  ,  ,1.016,  ,  
2019-02-14 23:15:00,-1.5,-2.48217724678,1007.0,  ,  ,0.900004474609,3.80001889279,93.0,0.0,  ,  ,1.016,  ,  
2019-02-14 23:20:00,-1.49666666667,-2.47887157763,1006.84863252,  ,  ,0.900004474609,2.60001292665,93.0,0.0,  ,  ,1.016,  ,  
2019-02-14 23:25:00,-1.49665271967,-2.44493785366,1006.8,  ,  ,0.900004474609,3.80001889279,93.2343096234,0.0,  ,  ,1.016,  ,  
2019-02-14 23:30:00,-1.47958333333,-2.36980519756,1006.8,  ,  ,0.900004474609,3.10001541254,93.6375,0.0,  ,  ,1.016,  ,  
2019-02-14 23:35:00,-1.45666666667,-2.29491351773,1006.8,  ,  ,0.900004474609,2.10001044075,94.0,0.0,  ,  ,1.016,  ,  
2019-02-14 23:40:00,-1.44,-2.27836491987,1006.8,  ,  ,0.611253039005,2.30001143511,94.0,0.0,  ,  ,1.016,  ,  
2019-02-14 23:45:00,-1.4,-2.23864831881,1006.8,  ,  ,0.600002983073,2.40001193229,94.0,0.0,  ,  ,1.016,  ,  
2019-02-14 23:50:00,-1.4,-2.23864831881,1006.72420477,  ,  ,0.792503940142,3.80001889279,94.0,0.0,  ,  ,1.016,  ,  
  

    

