Time,TemperatureC,DewpointC,PressurehPa,WindDirection,WindDirectionDegrees,WindSpeedKMH,WindSpeedGustKMH,Humidity,HourlyPrecipMM,Conditions,Clouds,dailyrainMM,SoftwareType,DateUTC
                
2019-05-14 00:00:00,11.8,10.6321449057,755.762148768,  ,  ,0.0,0.0,92.5541666667,0.0,  ,  ,0.0,  ,  
2019-05-14 00:05:00,11.8623430962,10.6377947105,755.762148768,  ,  ,0.0,0.0,92.2092050209,0.0,  ,  ,0.0,  ,  
2019-05-14 00:10:00,11.9,10.6409537684,755.743988195,  ,  ,0.0,0.0,92.0,0.0,  ,  ,0.0,  ,  
2019-05-14 00:15:00,11.88125,10.6332740471,755.462124096,  ,  ,0.0,0.0,92.0666666667,0.0,  ,  ,0.0,  ,  
2019-05-14 00:20:00,11.7679166667,10.5101992495,755.462124096,  ,  ,0.0,0.0,92.0,0.0,  ,  ,0.0,  ,  
2019-05-14 00:25:00,11.7,10.4429655816,755.457576008,  ,  ,0.0,0.0,92.0,0.0,  ,  ,0.0,  ,  
2019-05-14 00:30:00,11.6445833333,10.3881060716,755.387117928,  ,  ,0.0,0.0,92.0,0.0,  ,  ,0.0,  ,  
2019-05-14 00:35:00,11.6,10.5040906488,755.387117928,  ,  ,0.0,0.0,92.9875,0.0,  ,  ,0.0,  ,  
2019-05-14 00:40:00,11.7108333333,10.6482424066,755.387117928,  ,  ,0.0,0.600002983073,93.2,0.0,  ,  ,0.0,  ,  
2019-05-14 00:45:00,11.85875,10.6835786623,755.387117928,  ,  ,0.0,0.0,92.5125,0.0,  ,  ,0.0,  ,  
2019-05-14 00:50:00,12.0429166667,10.7824318465,755.387117928,  ,  ,0.0,0.600002983073,92.0,0.0,  ,  ,0.0,  ,  
2019-05-14 00:55:00,12.2620833333,10.85892802,755.387117928,  ,  ,0.0,0.0,91.1458333333,0.0,  ,  ,0.0,  ,  
2019-05-14 01:00:00,12.37875,10.9080509784,755.387117928,  ,  ,0.0,0.0,90.7458333333,0.0,  ,  ,0.0,  ,  
2019-05-14 01:05:00,12.4754166667,10.8792951499,755.387117928,  ,  ,0.0,0.0,90.0,0.0,  ,  ,0.0,  ,  
2019-05-14 01:10:00,12.5754166667,10.9780229667,755.378021753,  ,  ,0.0,0.0,90.0,0.0,  ,  ,0.0,  ,  
2019-05-14 01:15:00,12.6120833333,11.01422304,755.237105592,  ,  ,0.0,0.0,90.0,0.0,  ,  ,0.0,  ,  
2019-05-14 01:20:00,12.7541666667,11.0163547033,755.237105592,  ,  ,0.0,0.0,89.1791666667,0.0,  ,  ,0.0,  ,  
2019-05-14 01:25:00,12.9354166667,11.0421210326,755.228013935,  ,  ,0.0,1.10000546897,88.2791666667,0.0,  ,  ,0.0,  ,  
2019-05-14 01:30:00,13.1141666667,11.0405898496,755.087093256,  ,  ,0.0,1.10000546897,87.2458333333,0.0,  ,  ,0.0,  ,  
2019-05-14 01:35:00,13.2033333333,11.0857367492,755.087093256,  ,  ,0.0,0.0,87.0,0.0,  ,  ,0.0,  ,  
2019-05-14 01:40:00,13.28875,11.1697174443,755.087093256,  ,  ,0.0,0.80000397743,87.0,0.0,  ,  ,0.0,  ,  
2019-05-14 01:45:00,13.26125,11.1390672634,755.087093256,  ,  ,0.0,0.0,86.9791666667,0.0,  ,  ,0.0,  ,  
2019-05-14 01:50:00,13.18125,11.0503015447,755.087093256,  ,  ,0.0,1.60000795486,86.9208333333,0.0,  ,  ,0.0,  ,  
2019-05-14 01:55:00,13.1033333333,10.9874172733,755.091676345,  ,  ,0.0,1.80000894922,87.0,0.0,  ,  ,0.0,  ,  
2019-05-14 02:00:00,13.1,10.8588613633,755.162099424,  ,  ,0.0,2.10001044075,86.2791666667,0.0,  ,  ,0.0,  ,  
2019-05-14 02:05:00,13.1,10.8100958339,755.162099424,  ,  ,0.0,2.30001143511,86.0,0.0,  ,  ,0.0,  ,  
2019-05-14 02:10:00,13.09,10.7769393372,755.166645252,  ,  ,0.467502324311,1.80000894922,85.8666666667,0.0,  ,  ,0.0,  ,  
2019-05-14 02:15:00,13.0545833333,10.765504652,755.237105592,  ,  ,0.600002983073,1.60000795486,86.0,0.0,  ,  ,0.0,  ,  
2019-05-14 02:20:00,13.0,10.71191322,755.237105592,  ,  ,0.132500658762,1.80000894922,86.0,0.0,  ,  ,0.0,  ,  
2019-05-14 02:25:00,13.0,10.7177386722,755.223461329,  ,  ,0.0,1.80000894922,86.0333333333,0.0,  ,  ,0.0,  ,  
2019-05-14 02:30:00,12.9966666667,10.7435625229,755.012087088,  ,  ,0.0,1.60000795486,86.2,0.0,  ,  ,0.0,  ,  
2019-05-14 02:35:00,12.9245833333,10.6378666924,755.012087088,  ,  ,0.0,1.80000894922,86.0,0.0,  ,  ,0.0,  ,  
2019-05-14 02:40:00,12.9,10.6137298911,755.016632916,  ,  ,0.0,0.0,86.0,0.0,  ,  ,0.0,  ,  
2019-05-14 02:45:00,12.8279166667,10.5429556315,755.087093256,  ,  ,0.0,1.60000795486,86.0,0.0,  ,  ,0.0,  ,  
2019-05-14 02:50:00,12.8,10.5155458474,755.087093256,  ,  ,0.0,2.10001044075,86.0,0.0,  ,  ,0.0,  ,  
2019-05-14 02:55:00,12.79125,10.5860257162,755.082545168,  ,  ,0.0,1.30000646332,86.4541666667,0.0,  ,  ,0.0,  ,  
2019-05-14 03:00:00,12.73,10.6203520523,755.012087088,  ,  ,0.0,0.900004474609,87.0,0.0,  ,  ,0.0,  ,  
2019-05-14 03:05:00,12.7,10.5908553397,755.012087088,  ,  ,0.0,2.80001392101,87.0,0.0,  ,  ,0.0,  ,  
2019-05-14 03:10:00,12.7,10.5908553397,755.007539,  ,  ,0.0,1.4000069605,87.0,0.0,  ,  ,0.0,  ,  
2019-05-14 03:15:00,12.6866666667,10.5777456706,754.93708092,  ,  ,0.0,2.10001044075,87.0,0.0,  ,  ,0.0,  ,  
2019-05-14 03:20:00,12.61125,10.5035938831,754.93708092,  ,  ,0.0,2.30001143511,87.0,0.0,  ,  ,0.0,  ,  
2019-05-14 03:25:00,12.6,10.4925325345,754.932538504,  ,  ,0.0,2.30001143511,87.0,0.0,  ,  ,0.0,  ,  
2019-05-14 03:30:00,12.5779166667,10.4708194925,754.862074752,  ,  ,0.467502324311,1.60000795486,87.0,0.0,  ,  ,0.0,  ,  
2019-05-14 03:35:00,12.5620833333,10.4990207437,754.862074752,  ,  ,0.600002983073,2.90001441819,87.2541666667,0.0,  ,  ,0.0,  ,  
2019-05-14 03:40:00,12.6,10.5119254212,754.857530062,  ,  ,0.755837091176,2.30001143511,87.1125,0.0,  ,  ,0.0,  ,  
2019-05-14 03:45:00,12.5779166667,10.4708194925,754.787068584,  ,  ,0.80000397743,0.900004474609,87.0,0.0,  ,  ,0.0,  ,  
2019-05-14 03:50:00,12.5166666667,10.4105963581,754.787068584,  ,  ,0.176667545016,1.9000094464,87.0,0.0,  ,  ,0.0,  ,  
2019-05-14 03:55:00,12.5033333333,10.3974865273,754.777908672,  ,  ,0.0,1.4000069605,87.0,0.0,  ,  ,0.0,  ,  
2019-05-14 04:00:00,12.5033333333,10.3974865273,754.637056248,  ,  ,0.0,1.60000795486,87.0,0.0,  ,  ,0.0,  ,  
2019-05-14 04:05:00,12.4845833333,10.3790508077,754.637056248,  ,  ,0.0,1.10000546897,87.0,0.0,  ,  ,0.0,  ,  
2019-05-14 04:10:00,12.4033333333,10.299162421,754.63251042,  ,  ,0.0,1.30000646332,87.0,0.0,  ,  ,0.0,  ,  
2019-05-14 04:15:00,12.37125,10.233148442,754.56205008,  ,  ,0.0,2.10001044075,86.8,0.0,  ,  ,0.0,  ,  
2019-05-14 04:20:00,12.3,10.1975601497,754.56205008,  ,  ,0.0,1.60000795486,87.0,0.0,  ,  ,0.0,  ,  
2019-05-14 04:25:00,12.28125,10.1791241779,754.557501992,  ,  ,0.0,1.4000069605,87.0,0.0,  ,  ,0.0,  ,  
2019-05-14 04:30:00,12.2,10.0992346984,754.487043912,  ,  ,0.467502324311,2.30001143511,87.0,0.0,  ,  ,0.0,  ,  
2019-05-14 04:35:00,12.2,10.1028162581,754.487043912,  ,  ,0.600002983073,2.30001143511,87.0208333333,0.0,  ,  ,0.0,  ,  
2019-05-14 04:40:00,12.15125,10.2166324236,754.482498084,  ,  ,0.600002983073,1.9000094464,87.9666666667,0.0,  ,  ,0.0,  ,  
2019-05-14 04:45:00,12.1033333333,10.1581084129,754.412037744,  ,  ,0.600002983073,1.80000894922,87.9,0.0,  ,  ,0.0,  ,  
2019-05-14 04:50:00,12.1033333333,10.1751252469,754.412037744,  ,  ,0.600002983073,2.30001143511,88.0,0.0,  ,  ,0.0,  ,  
2019-05-14 04:55:00,12.07125,10.1435352671,754.412037744,  ,  ,0.600002983073,2.10001044075,88.0,0.0,  ,  ,0.0,  ,  
2019-05-14 05:00:00,12.0,10.0733806722,754.412037744,  ,  ,0.755837091176,2.30001143511,88.0,0.0,  ,  ,0.0,  ,  
2019-05-14 05:05:00,11.9933333333,10.0668164838,754.412037744,  ,  ,0.80000397743,2.40001193229,88.0,0.0,  ,  ,0.0,  ,  
2019-05-14 05:10:00,12.01,10.0832269498,754.407489656,  ,  ,0.80000397743,2.60001292665,88.0,0.0,  ,  ,0.0,  ,  
2019-05-14 05:15:00,12.05875,10.0915090929,754.337031576,  ,  ,0.80000397743,3.40001690408,87.7666666667,0.0,  ,  ,0.0,  ,  
2019-05-14 05:20:00,12.0645833333,10.1164132874,754.337031576,  ,  ,0.80000397743,1.60000795486,87.8791666667,0.0,  ,  ,0.0,  ,  
2019-05-14 05:25:00,12.0254166667,9.93687085447,754.341577404,  ,  ,0.80000397743,2.30001143511,87.0541666667,0.0,  ,  ,0.0,  ,  
2019-05-14 05:30:00,12.0933333333,10.1652790261,754.412037744,  ,  ,0.644169869327,1.4000069605,88.0,0.0,  ,  ,0.0,  ,  
2019-05-14 05:35:00,12.1,10.0523695818,754.412037744,  ,  ,0.600002983073,2.30001143511,87.3,0.0,  ,  ,0.0,  ,  
2019-05-14 05:40:00,12.10875,10.1236670992,754.407489656,  ,  ,0.600002983073,1.60000795486,87.6666666667,0.0,  ,  ,0.0,  ,  
2019-05-14 05:45:00,12.1933333333,10.26374096,754.337031576,  ,  ,0.600002983073,2.60001292665,88.0,0.0,  ,  ,0.0,  ,  
2019-05-14 05:50:00,12.2775,10.2975755147,754.337031576,  ,  ,0.600002983073,3.3000164069,87.7125,0.0,  ,  ,0.0,  ,  
2019-05-14 05:55:00,12.4,10.2958849394,754.337031576,  ,  ,0.600002983073,3.60001789844,87.0,0.0,  ,  ,0.0,  ,  
2019-05-14 06:00:00,12.4908333333,10.3528535203,754.337031576,  ,  ,0.833754145228,3.60001789844,86.8125,0.0,  ,  ,0.0,  ,  
2019-05-14 06:05:00,12.60875,10.3277668727,754.337031576,  ,  ,0.900004474609,3.90001938997,86.0,0.0,  ,  ,0.0,  ,  
2019-05-14 06:10:00,12.71875,10.5285341844,754.337031576,  ,  ,1.05583858271,1.60000795486,86.5333333333,0.0,  ,  ,0.0,  ,  
2019-05-14 06:15:00,12.8033333333,10.5188186604,754.337031576,  ,  ,1.10000546897,2.40001193229,86.0,0.0,  ,  ,0.0,  ,  
2019-05-14 06:20:00,12.82,10.4965938484,754.337031576,  ,  ,0.242917874397,2.80001392101,85.7791666667,0.0,  ,  ,0.0,  ,  
2019-05-14 06:25:00,12.8654166667,10.5542920752,754.341579664,  ,  ,0.0,1.80000894922,85.8541666667,0.0,  ,  ,0.0,  ,  
2019-05-14 06:30:00,13.0075,10.6045420765,754.412037744,  ,  ,0.467502324311,1.9000094464,85.3458333333,0.0,  ,  ,0.0,  ,  
2019-05-14 06:35:00,13.11,10.6793822584,754.412037744,  ,  ,0.600002983073,2.40001193229,85.2,0.0,  ,  ,0.0,  ,  
2019-05-14 06:40:00,13.1820833333,10.7147408068,754.407495328,  ,  ,0.600002983073,1.80000894922,85.0,0.0,  ,  ,0.0,  ,  
2019-05-14 06:45:00,13.22875,10.7604940009,754.337031576,  ,  ,0.600002983073,2.10001044075,85.0,0.0,  ,  ,0.0,  ,  
2019-05-14 06:50:00,13.3020833333,10.799167823,754.337031576,  ,  ,0.600002983073,1.9000094464,84.8125,0.0,  ,  ,0.0,  ,  
2019-05-14 06:55:00,13.4054166667,10.9137582666,754.341576266,  ,  ,0.600002983073,1.30000646332,84.8875,0.0,  ,  ,0.0,  ,  
2019-05-14 07:00:00,13.5975,10.9459028311,754.412037744,  ,  ,0.600002983073,1.80000894922,84.0125,0.0,  ,  ,0.0,  ,  
2019-05-14 07:05:00,13.7941666667,11.1204757582,754.412037744,  ,  ,0.600002983073,1.4000069605,83.9125,0.0,  ,  ,0.0,  ,  
2019-05-14 07:10:00,13.9,11.0591391387,754.407487395,  ,  ,0.132500658762,2.10001044075,83.0,0.0,  ,  ,0.0,  ,  
2019-05-14 07:15:00,13.9220833333,11.1049294073,754.337031576,  ,  ,0.0,1.30000646332,83.1333333333,0.0,  ,  ,0.0,  ,  
2019-05-14 07:20:00,14.1041666667,11.258719441,754.337031576,  ,  ,0.0,2.40001193229,83.0,0.0,  ,  ,0.0,  ,  
2019-05-14 07:25:00,14.2775,11.3734220845,754.341577404,  ,  ,0.0,3.80001889279,82.7,0.0,  ,  ,0.0,  ,  
2019-05-14 07:30:00,14.4454166667,11.4848024776,754.412037744,  ,  ,0.623336432415,2.30001143511,82.4125,0.0,  ,  ,0.0,  ,  
2019-05-14 07:35:00,14.5820833333,11.5484700705,754.412037744,  ,  ,0.80000397743,3.90001938997,82.0333333333,0.0,  ,  ,0.0,  ,  
2019-05-14 07:40:00,14.7108333333,11.6618259811,754.421133919,  ,  ,1.03375513959,3.3000164069,81.9666666667,0.0,  ,  ,0.0,  ,  
2019-05-14 07:45:00,14.7966666667,11.6428135916,754.56205008,  ,  ,1.10000546897,2.90001441819,81.4125,0.0,  ,  ,0.0,  ,  
2019-05-14 07:50:00,14.8454166667,11.6134155403,754.56205008,  ,  ,1.10000546897,3.3000164069,81.0,0.0,  ,  ,0.0,  ,  
2019-05-14 07:55:00,14.9020833333,11.6912238115,754.56205008,  ,  ,1.10000546897,2.90001441819,81.1208333333,0.0,  ,  ,0.0,  ,  
2019-05-14 08:00:00,15.0354166667,11.8383181624,754.56205008,  ,  ,1.10000546897,3.60001789844,81.2125,0.0,  ,  ,0.0,  ,  
2019-05-14 08:05:00,15.1,11.8240195741,754.56205008,  ,  ,1.10000546897,3.80001889279,80.8,0.0,  ,  ,0.0,  ,  
2019-05-14 08:10:00,15.1,11.8802415284,754.557504252,  ,  ,1.25583957707,3.80001889279,81.1,0.0,  ,  ,0.0,  ,  
2019-05-14 08:15:00,15.0645833333,11.7832583439,754.487043912,  ,  ,1.30000646332,4.30002137869,80.7666666667,0.0,  ,  ,0.0,  ,  
2019-05-14 08:20:00,14.9279166667,11.7599381698,754.487043912,  ,  ,1.30000646332,3.80001889279,81.3541666667,0.0,  ,  ,0.0,  ,  
2019-05-14 08:25:00,14.9808333333,11.8037668389,754.487043912,  ,  ,1.30000646332,1.9000094464,81.3125,0.0,  ,  ,0.0,  ,  
2019-05-14 08:30:00,15.0966666667,11.876992563,754.487043912,  ,  ,0.910421193065,3.10001541254,81.1,0.0,  ,  ,0.0,  ,  
2019-05-14 08:35:00,15.1,11.8779025972,754.487043912,  ,  ,0.80000397743,3.3000164069,81.0875,0.0,  ,  ,0.0,  ,  
2019-05-14 08:40:00,15.0545833333,11.9478325924,754.49158974,  ,  ,1.03375513959,2.90001441819,81.7,0.0,  ,  ,0.0,  ,  
2019-05-14 08:45:00,15.0854166667,11.9119568111,754.56205008,  ,  ,1.10000546897,3.10001541254,81.3458333333,0.0,  ,  ,0.0,  ,  
2019-05-14 08:50:00,15.2341666667,11.9922715331,754.56205008,  ,  ,0.866254306811,2.80001392101,81.0,0.0,  ,  ,0.0,  ,  
2019-05-14 08:55:00,15.3620833333,12.0628846704,754.56205008,  ,  ,0.80000397743,2.80001392101,80.7125,0.0,  ,  ,0.0,  ,  
2019-05-14 09:00:00,15.5295833333,12.1898732915,754.56205008,  ,  ,1.03375513959,3.10001541254,80.5208333333,0.0,  ,  ,0.0,  ,  
2019-05-14 09:05:00,15.73875,12.2844107056,754.56205008,  ,  ,1.10000546897,3.80001889279,79.9458333333,0.0,  ,  ,0.0,  ,  
2019-05-14 09:10:00,15.8066666667,12.2230082419,754.566616324,  ,  ,1.25583957707,5.10002535612,79.2791666667,0.0,  ,  ,0.0,  ,  
2019-05-14 09:15:00,15.8875,12.3375432523,754.637056248,  ,  ,1.30000646332,4.60002287023,79.4666666667,0.0,  ,  ,0.0,  ,  
2019-05-14 09:20:00,16.07875,12.4232202387,754.637056248,  ,  ,1.92334289574,4.30002137869,78.9458333333,0.0,  ,  ,0.0,  ,  
2019-05-14 09:25:00,16.11,12.3583792204,754.63251042,  ,  ,2.10001044075,4.30002137869,78.4541666667,0.0,  ,  ,0.0,  ,  
2019-05-14 09:30:00,16.1808333333,12.6163127187,754.56205008,  ,  ,1.7104251705,2.90001441819,79.4333333333,0.0,  ,  ,0.0,  ,  
2019-05-14 09:35:00,16.3520833333,12.6951790506,754.56205008,  ,  ,1.60000795486,4.10002038433,78.9791666667,0.0,  ,  ,0.0,  ,  
2019-05-14 09:40:00,16.4,12.5512626017,754.557501992,  ,  ,1.44417384676,6.00002983073,78.0,0.0,  ,  ,0.0,  ,  
2019-05-14 09:45:00,16.4420833333,12.6417371656,754.487043912,  ,  ,1.4000069605,4.10002038433,78.2541666667,0.0,  ,  ,0.0,  ,  
2019-05-14 09:50:00,16.5954166667,12.7693447923,754.487043912,  ,  ,1.4000069605,3.80001889279,78.1458333333,0.0,  ,  ,0.0,  ,  
2019-05-14 09:55:00,16.6,12.7019349302,754.482460823,  ,  ,1.4000069605,3.10001541254,77.7791666667,0.0,  ,  ,0.0,  ,  
2019-05-14 10:00:00,16.62,12.692660114,754.412037744,  ,  ,1.32208990645,4.60002287023,77.6333333333,0.0,  ,  ,0.0,  ,  
2019-05-14 10:05:00,16.7108333333,12.8110335488,754.412037744,  ,  ,1.30000646332,3.80001889279,77.7875,0.0,  ,  ,0.0,  ,  
2019-05-14 10:10:00,16.8620833333,12.8705623404,754.407489656,  ,  ,1.37792351738,5.10002535612,77.3458333333,0.0,  ,  ,0.0,  ,  
2019-05-14 10:15:00,16.9454166667,12.9751954193,754.337031576,  ,  ,1.4000069605,4.60002287023,77.4666666667,0.0,  ,  ,0.0,  ,  
2019-05-14 10:20:00,17.0420833333,13.0201899788,754.337031576,  ,  ,1.71167517671,3.80001889279,77.2208333333,0.0,  ,  ,0.0,  ,  
2019-05-14 10:25:00,17.10875,13.2058682559,754.341579664,  ,  ,1.80000894922,3.60001789844,77.8333333333,0.0,  ,  ,0.0,  ,  
2019-05-14 10:30:00,17.18125,13.1707043834,754.412037744,  ,  ,1.09875546275,3.60001789844,77.3,0.0,  ,  ,0.0,  ,  
2019-05-14 10:35:00,17.1833333333,13.1247250956,754.412037744,  ,  ,0.900004474609,4.10002038433,77.0583333333,0.0,  ,  ,0.0,  ,  
2019-05-14 10:40:00,17.1454166667,13.0739170839,754.407497601,  ,  ,1.60125796108,4.50002237305,76.9875,0.0,  ,  ,0.0,  ,  
2019-05-14 10:45:00,17.1866666667,13.1362381926,754.337031576,  ,  ,1.80000894922,3.40001690408,77.1,0.0,  ,  ,0.0,  ,  
2019-05-14 10:50:00,17.2,13.2152974108,754.337031576,  ,  ,1.80000894922,3.40001690408,77.4333333333,0.0,  ,  ,0.0,  ,  
2019-05-14 10:55:00,17.24875,13.2402302441,754.332486886,  ,  ,1.80000894922,3.80001889279,77.3208333333,0.0,  ,  ,0.0,  ,  
2019-05-14 11:00:00,17.3354166667,13.3885942067,754.262025408,  ,  ,1.48834073301,3.3000164069,77.6458333333,0.0,  ,  ,0.0,  ,  
2019-05-14 11:05:00,17.4,13.406611145,754.262025408,  ,  ,1.4000069605,3.80001889279,77.4208333333,0.0,  ,  ,0.0,  ,  
2019-05-14 11:10:00,17.4066666667,13.3650563005,754.262025408,  ,  ,1.16625579835,4.30002137869,77.1791666667,0.0,  ,  ,0.0,  ,  
2019-05-14 11:15:00,17.40125,13.3307730204,754.262025408,  ,  ,1.10000546897,4.80002386458,77.0333333333,0.0,  ,  ,0.0,  ,  
2019-05-14 11:20:00,17.3320833333,13.3143447388,754.262025408,  ,  ,1.64542484733,4.30002137869,77.2875,0.0,  ,  ,0.0,  ,  
2019-05-14 11:25:00,17.3279166667,13.3656597031,754.266571236,  ,  ,1.80000894922,5.30002635048,77.5666666667,0.0,  ,  ,0.0,  ,  
2019-05-14 11:30:00,17.3920833333,13.394806869,754.337031576,  ,  ,1.48834073301,3.40001690408,77.4,0.0,  ,  ,0.0,  ,  
2019-05-14 11:35:00,17.4,13.4355202752,754.337031576,  ,  ,1.4000069605,4.30002137869,77.5666666667,0.0,  ,  ,0.0,  ,  
2019-05-14 11:40:00,17.4066666667,13.5144606842,754.332483488,  ,  ,1.4000069605,3.80001889279,77.9333333333,0.0,  ,  ,0.0,  ,  
2019-05-14 11:45:00,17.5408333333,13.6642991083,754.262025408,  ,  ,1.4000069605,2.40001193229,78.0333333333,0.0,  ,  ,0.0,  ,  
2019-05-14 11:50:00,17.6033333333,13.6193499002,754.262025408,  ,  ,1.01042169024,3.60001789844,77.5,0.0,  ,  ,0.0,  ,  
2019-05-14 11:55:00,17.67875,13.7914741433,754.257442319,  ,  ,0.900004474609,3.60001789844,78.0,0.0,  ,  ,0.0,  ,  
2019-05-14 12:00:00,17.70875,13.7834833987,754.18701924,  ,  ,1.05583858271,3.60001789844,77.8125,0.0,  ,  ,0.0,  ,  
2019-05-14 12:05:00,17.7966666667,13.7136621027,754.18701924,  ,  ,1.10000546897,4.10002038433,77.0333333333,0.0,  ,  ,0.0,  ,  
2019-05-14 12:10:00,17.8854166667,13.7995977242,754.182471152,  ,  ,1.33375663112,3.10001541254,77.0333333333,0.0,  ,  ,0.0,  ,  
2019-05-14 12:15:00,17.9,13.8536815918,754.112013072,  ,  ,1.4000069605,2.80001392101,77.2333333333,0.0,  ,  ,0.0,  ,  
2019-05-14 12:20:00,17.9808333333,13.9452846306,754.112013072,  ,  ,0.932504636192,2.40001193229,77.3,0.0,  ,  ,0.0,  ,  
2019-05-14 12:25:00,18.1875,13.9267544832,754.107464984,  ,  ,0.80000397743,2.60001292665,76.2125,0.0,  ,  ,0.0,  ,  
2019-05-14 12:30:00,18.3520833333,14.0427880776,754.037006904,  ,  ,0.80000397743,4.10002038433,76.0,0.0,  ,  ,0.0,  ,  
2019-05-14 12:35:00,18.4895833333,14.1511094086,754.037006904,  ,  ,0.80000397743,3.90001938997,75.8791666667,0.0,  ,  ,0.0,  ,  
2019-05-14 12:40:00,18.8129166667,14.2375867861,754.032464488,  ,  ,1.18958924769,4.30002137869,74.7791666667,0.0,  ,  ,0.0,  ,  
2019-05-14 12:45:00,19.17625,14.3725004186,753.962000736,  ,  ,1.30000646332,2.80001392101,73.7458333333,0.0,  ,  ,0.0,  ,  
2019-05-14 12:50:00,19.35875,14.4190278036,753.962000736,  ,  ,1.14417235522,2.80001392101,73.1333333333,0.0,  ,  ,0.0,  ,  
2019-05-14 12:55:00,19.39,14.5054719005,753.957480942,  ,  ,1.10000546897,4.10002038433,73.4,0.0,  ,  ,0.0,  ,  
2019-05-14 13:00:00,19.4,14.451646398,753.886994568,  ,  ,1.25583957707,4.10002038433,73.1,0.0,  ,  ,0.0,  ,  
2019-05-14 13:05:00,19.4,14.4277940817,753.886994568,  ,  ,1.30000646332,3.90001938997,72.9875,0.0,  ,  ,0.0,  ,  
2019-05-14 13:10:00,19.3933333333,14.3983845529,753.88248376,  ,  ,1.68959173358,3.90001938997,72.8791666667,0.0,  ,  ,0.0,  ,  
2019-05-14 13:15:00,19.4,14.3524923047,753.8119884,  ,  ,1.80000894922,3.90001938997,72.6333333333,0.0,  ,  ,0.0,  ,  
2019-05-14 13:20:00,19.5075,14.4300258902,753.8119884,  ,  ,1.41042367896,2.90001441819,72.5125,0.0,  ,  ,0.0,  ,  
2019-05-14 13:25:00,19.5325,14.437130592,753.816496967,  ,  ,1.30000646332,3.60001789844,72.4333333333,0.0,  ,  ,0.0,  ,  
2019-05-14 13:30:00,19.4033333333,14.3201474978,753.886994568,  ,  ,1.37792351738,4.50002237305,72.4666666667,0.0,  ,  ,0.0,  ,  
2019-05-14 13:35:00,19.35125,14.281659627,753.886994568,  ,  ,1.4000069605,5.00002485894,72.5208333333,0.0,  ,  ,0.0,  ,  
2019-05-14 13:40:00,19.3,14.277657536,753.886994568,  ,  ,1.4000069605,6.80003380816,72.7333333333,0.0,  ,  ,0.0,  ,  
2019-05-14 13:45:00,19.3,14.1950617574,753.886994568,  ,  ,1.4000069605,4.80002386458,72.3458333333,0.0,  ,  ,0.0,  ,  
2019-05-14 13:50:00,19.2366666667,14.1857510349,753.886994568,  ,  ,1.94542633887,4.50002237305,72.5875,0.0,  ,  ,0.0,  ,  
2019-05-14 13:55:00,19.2145833333,14.1272325566,753.886994568,  ,  ,2.10001044075,5.30002635048,72.4125,0.0,  ,  ,0.0,  ,  
2019-05-14 14:00:00,19.2920833333,14.1062653085,753.886994568,  ,  ,1.8662592786,5.00002485894,71.9666666667,0.0,  ,  ,0.0,  ,  
2019-05-14 14:05:00,19.3,14.0304964016,753.886994568,  ,  ,1.80000894922,5.10002535612,71.5791666667,0.0,  ,  ,0.0,  ,  
2019-05-14 14:10:00,19.3,13.8979079884,753.88248376,  ,  ,2.03376011137,6.30003132226,70.9666666667,0.0,  ,  ,0.0,  ,  
2019-05-14 14:15:00,19.3620833333,14.0558645963,753.8119884,  ,  ,2.10001044075,4.10002038433,71.4208333333,0.0,  ,  ,0.0,  ,  
2019-05-14 14:20:00,19.61625,14.3194852808,753.8119884,  ,  ,1.94417633265,7.80003877995,71.5125,0.0,  ,  ,0.0,  ,  
2019-05-14 14:25:00,19.7,14.2957804688,753.8119884,  ,  ,1.9000094464,6.10003032791,71.0333333333,0.0,  ,  ,0.0,  ,  
2019-05-14 14:30:00,19.7033333333,14.2917145428,753.8119884,  ,  ,2.44542882476,5.30002635048,71.0,0.0,  ,  ,0.0,  ,  
2019-05-14 14:35:00,19.7,14.3175442731,753.8119884,  ,  ,2.60001292665,5.30002635048,71.1333333333,0.0,  ,  ,0.0,  ,  
2019-05-14 14:40:00,19.75875,14.3738626673,753.8119884,  ,  ,2.36626176449,4.80002386458,71.1333333333,0.0,  ,  ,0.0,  ,  
2019-05-14 14:45:00,19.8754166667,14.4420863808,753.8119884,  ,  ,2.30001143511,5.30002635048,70.9333333333,0.0,  ,  ,0.0,  ,  
2019-05-14 14:50:00,19.7958333333,14.2637026071,753.8119884,  ,  ,2.37792848916,5.80002883637,70.4666666667,0.0,  ,  ,0.0,  ,  
2019-05-14 14:55:00,19.5270833333,14.2384548895,753.8119884,  ,  ,2.40001193229,5.50002734483,71.5333333333,0.0,  ,  ,0.0,  ,  
2019-05-14 15:00:00,19.44875,14.0477182719,753.8119884,  ,  ,2.7116801485,5.60002784201,71.0,0.0,  ,  ,0.0,  ,  
2019-05-14 15:05:00,19.57875,14.1650565127,753.8119884,  ,  ,2.80001392101,6.6000328138,70.9666666667,0.0,  ,  ,0.0,  ,  
2019-05-14 15:10:00,19.6,14.1445393002,753.807442572,  ,  ,2.41042865075,6.30003132226,70.7791666667,0.0,  ,  ,0.0,  ,  
2019-05-14 15:15:00,19.6454166667,14.134286313,753.736982232,  ,  ,2.30001143511,5.30002635048,70.5333333333,0.0,  ,  ,0.0,  ,  
2019-05-14 15:20:00,19.7454166667,14.2419177471,753.736982232,  ,  ,2.37792848916,4.10002038433,70.5875,0.0,  ,  ,0.0,  ,  
2019-05-14 15:25:00,19.82875,14.4627230114,753.732473665,  ,  ,2.40001193229,4.50002237305,71.2333333333,0.0,  ,  ,0.0,  ,  
2019-05-14 15:30:00,19.9,14.3222096513,753.661976064,  ,  ,1.77667549988,5.00002485894,70.2791666667,0.0,  ,  ,0.0,  ,  
2019-05-14 15:35:00,19.9,14.4701923392,753.661976064,  ,  ,1.60000795486,3.90001938997,70.9541666667,0.0,  ,  ,0.0,  ,  
2019-05-14 15:40:00,19.9166666667,14.4232777735,753.666486872,  ,  ,1.36625679271,4.10002038433,70.6666666667,0.0,  ,  ,0.0,  ,  
2019-05-14 15:45:00,19.9,14.4510792391,753.736982232,  ,  ,1.30000646332,3.3000164069,70.8666666667,0.0,  ,  ,0.0,  ,  
2019-05-14 15:50:00,19.9,14.4801957134,753.736982232,  ,  ,1.14417235522,2.40001193229,71.0,0.0,  ,  ,0.0,  ,  
2019-05-14 15:55:00,19.9033333333,14.4833902574,753.732436404,  ,  ,1.10000546897,3.3000164069,71.0,0.0,  ,  ,0.0,  ,  
2019-05-14 16:00:00,19.9033333333,14.4833902574,753.661976064,  ,  ,0.944171360863,4.50002237305,71.0,0.0,  ,  ,0.0,  ,  
2019-05-14 16:05:00,19.8579166667,14.3888953712,753.661976064,  ,  ,0.900004474609,4.50002237305,70.7666666667,0.0,  ,  ,0.0,  ,  
2019-05-14 16:10:00,19.8,14.3698174087,753.661976064,  ,  ,1.21167269082,3.80001889279,70.9333333333,0.0,  ,  ,0.0,  ,  
2019-05-14 16:15:00,19.8,14.4251915335,753.661976064,  ,  ,1.30000646332,3.60001789844,71.1875,0.0,  ,  ,0.0,  ,  
2019-05-14 16:20:00,19.8066666667,14.3789333841,753.661976064,  ,  ,1.30000646332,2.90001441819,70.9458333333,0.0,  ,  ,0.0,  ,  
2019-05-14 16:25:00,19.7875518672,14.3724285444,753.661976064,  ,  ,1.30000646332,2.80001392101,71.0,0.0,  ,  ,0.0,  ,  
2019-05-14 16:30:00,19.7033333333,14.4489656164,753.661976064,  ,  ,0.908337849374,2.60001292665,71.725,0.0,  ,  ,0.0,  ,  
2019-05-14 16:35:00,19.6408333333,14.3349502486,753.661976064,  ,  ,0.80000397743,3.10001541254,71.475,0.0,  ,  ,0.0,  ,  
2019-05-14 16:40:00,19.6,14.3857313028,753.666559153,  ,  ,0.64333653185,3.90001938997,71.8916666667,0.0,  ,  ,0.0,  ,  
2019-05-14 16:45:00,19.6066666667,14.3021778723,753.736982232,  ,  ,0.600002983073,4.30002137869,71.475,0.0,  ,  ,0.0,  ,  
2019-05-14 16:50:00,19.6166666667,14.351408498,753.736982232,  ,  ,0.991671597023,2.80001392101,71.6583333333,0.0,  ,  ,0.0,  ,  
2019-05-14 16:55:00,19.61,14.2746857102,753.732396865,  ,  ,1.10000546897,3.3000164069,71.3333333333,0.0,  ,  ,0.0,  ,  
2019-05-14 17:00:00,19.6,14.308403616,753.661976064,  ,  ,0.943338023387,2.90001441819,71.5333333333,0.0,  ,  ,0.0,  ,  
2019-05-14 17:05:00,19.6,14.5001999058,753.661976064,  ,  ,0.900004474609,3.10001541254,72.425,0.0,  ,  ,0.0,  ,  
2019-05-14 17:10:00,19.56,14.5843184945,753.661976064,  ,  ,0.900004474609,1.9000094464,73.0,0.0,  ,  ,0.0,  ,  
2019-05-14 17:15:00,19.5908333333,14.4646327992,753.661976064,  ,  ,0.900004474609,3.40001690408,72.3,0.0,  ,  ,0.0,  ,  
2019-05-14 17:20:00,19.4708333333,14.2796626161,753.661976064,  ,  ,0.821670751819,4.50002237305,71.975,0.0,  ,  ,0.0,  ,  
2019-05-14 17:25:00,19.3641666667,14.2326403934,753.657392975,  ,  ,0.80000397743,4.60002287023,72.2333333333,0.0,  ,  ,0.0,  ,  
2019-05-14 17:30:00,19.2933333333,14.1146181494,753.586969896,  ,  ,1.8183423737,5.10002535612,72.0,0.0,  ,  ,0.0,  ,  
2019-05-14 17:35:00,19.2075,13.9318699955,753.586969896,  ,  ,2.10001044075,5.00002485894,71.5333333333,0.0,  ,  ,0.0,  ,  
2019-05-14 17:40:00,19.2,14.0035560248,753.582384529,  ,  ,2.33501160913,4.10002038433,71.9,0.0,  ,  ,0.0,  ,  
2019-05-14 17:45:00,19.1833333333,14.2608548419,753.511963728,  ,  ,2.40001193229,2.90001441819,73.1833333333,0.0,  ,  ,0.0,  ,  
2019-05-14 17:50:00,19.1308333333,14.2981414422,753.511963728,  ,  ,1.38167353602,3.3000164069,73.6,0.0,  ,  ,0.0,  ,  
2019-05-14 17:55:00,19.1,14.2842103743,753.516546817,  ,  ,1.10000546897,3.40001690408,73.675,0.0,  ,  ,0.0,  ,  
2019-05-14 18:00:00,19.0675,14.1106676697,753.586969896,  ,  ,0.943338023387,4.50002237305,73.0,0.0,  ,  ,0.0,  ,  
2019-05-14 18:05:00,18.9675,14.1478910969,753.586969896,  ,  ,0.900004474609,2.30001143511,73.6333333333,0.0,  ,  ,0.0,  ,  
2019-05-14 18:10:00,18.9033333333,14.03710536,753.582387646,  ,  ,0.900004474609,3.60001789844,73.4,0.0,  ,  ,0.0,  ,  
2019-05-14 18:15:00,18.8241666667,14.0500174629,753.511963728,  ,  ,0.900004474609,4.30002137869,73.825,0.0,  ,  ,0.0,  ,  
2019-05-14 18:20:00,18.7075,14.0833067639,753.511963728,  ,  ,1.05667192019,4.10002038433,74.525,0.0,  ,  ,0.0,  ,  
2019-05-14 18:25:00,18.6441666667,14.2894533711,753.511963728,  ,  ,1.10000546897,2.10001044075,75.825,0.0,  ,  ,0.0,  ,  
2019-05-14 18:30:00,18.515,14.023109132,753.511963728,  ,  ,0.943338023387,4.30002137869,75.1333333333,0.0,  ,  ,0.0,  ,  
2019-05-14 18:35:00,18.42,14.0948832124,753.511963728,  ,  ,0.900004474609,2.10001044075,75.9333333333,0.0,  ,  ,0.0,  ,  
2019-05-14 18:40:00,18.4,14.2089275578,753.511963728,  ,  ,0.665003306239,2.10001044075,76.5916666667,0.0,  ,  ,0.0,  ,  
2019-05-14 18:45:00,18.3116666667,14.2056269663,753.511963728,  ,  ,0.600002983073,1.80000894922,77.0,0.0,  ,  ,0.0,  ,  
2019-05-14 18:50:00,18.2066666667,14.1756997475,753.511963728,  ,  ,0.600002983073,1.10000546897,77.3583333333,0.0,  ,  ,0.0,  ,  
2019-05-14 18:55:00,18.1308333333,14.2298875368,753.511963728,  ,  ,0.600002983073,2.10001044075,78.0,0.0,  ,  ,0.0,  ,  
2019-05-14 19:00:00,18.1,14.1999872819,753.511963728,  ,  ,0.130000646332,1.9000094464,78.0,0.0,  ,  ,0.0,  ,  
2019-05-14 19:05:00,18.0875,14.3832790663,753.511963728,  ,  ,0.0,1.9000094464,78.9916666667,0.0,  ,  ,0.0,  ,  
2019-05-14 19:10:00,17.98,14.2805010766,753.511963728,  ,  ,0.0,0.0,79.0,0.0,  ,  ,0.0,  ,  
2019-05-14 19:15:00,17.9141666667,14.2165588407,753.511963728,  ,  ,0.0,2.40001193229,79.0,0.0,  ,  ,0.0,  ,  
2019-05-14 19:20:00,17.9,14.3376184325,753.511963728,  ,  ,0.0,1.30000646332,79.6916666667,0.0,  ,  ,0.0,  ,  
2019-05-14 19:25:00,17.8541666667,14.3528022191,753.511963728,  ,  ,0.0,1.10000546897,80.0,0.0,  ,  ,0.0,  ,  
2019-05-14 19:30:00,17.8,14.3001095135,753.511963728,  ,  ,0.0,1.60000795486,80.0,0.0,  ,  ,0.0,  ,  
2019-05-14 19:35:00,17.7275,14.2938851646,753.511963728,  ,  ,0.0,1.9000094464,80.3333333333,0.0,  ,  ,0.0,  ,  
2019-05-14 19:40:00,17.6308333333,14.3132787471,753.511963728,  ,  ,0.0,1.9000094464,80.925,0.0,  ,  ,0.0,  ,  
2019-05-14 19:45:00,17.5241666667,14.2236862458,753.511963728,  ,  ,0.0,2.40001193229,81.0,0.0,  ,  ,0.0,  ,  
2019-05-14 19:50:00,17.4041666667,14.1178891533,753.511963728,  ,  ,0.0,0.0,81.0583333333,0.0,  ,  ,0.0,  ,  
2019-05-14 19:55:00,17.3675,14.2417860753,753.516518607,  ,  ,0.0,0.0,81.9,0.0,  ,  ,0.0,  ,  
2019-05-14 20:00:00,17.2608333333,14.1565711472,753.586969896,  ,  ,0.0,1.4000069605,82.0,0.0,  ,  ,0.0,  ,  
2019-05-14 20:05:00,17.1541666667,14.138571298,753.586969896,  ,  ,0.0,0.0,82.4583333333,0.0,  ,  ,0.0,  ,  
2019-05-14 20:10:00,17.0941666667,14.1811336851,753.596134395,  ,  ,0.0,0.0,83.0,0.0,  ,  ,0.0,  ,  
2019-05-14 20:15:00,16.9541666667,14.0489651929,753.736982232,  ,  ,0.0,0.600002983073,83.025,0.0,  ,  ,0.0,  ,  
2019-05-14 20:20:00,16.8441666667,14.1216838834,753.736982232,  ,  ,0.0,0.0,84.0,0.0,  ,  ,0.0,  ,  
2019-05-14 20:25:00,16.7041666667,13.9846618084,753.741576733,  ,  ,0.0,0.0,84.0,0.0,  ,  ,0.0,  ,  
2019-05-14 20:30:00,16.575,14.0029283104,753.8119884,  ,  ,0.0,0.0,84.7916666667,0.0,  ,  ,0.0,  ,  
2019-05-14 20:35:00,16.4241666667,13.8929641536,753.8119884,  ,  ,0.0,0.0,85.0,0.0,  ,  ,0.0,  ,  
2019-05-14 20:40:00,16.3208333333,13.8097955125,753.807405311,  ,  ,0.0,0.0,85.1,0.0,  ,  ,0.0,  ,  
2019-05-14 20:45:00,16.2008333333,13.8347915546,753.736982232,  ,  ,0.0,0.0,85.8916666667,0.0,  ,  ,0.0,  ,  
2019-05-14 20:50:00,16.1108333333,13.7658759592,753.736982232,  ,  ,0.0,0.0,86.0,0.0,  ,  ,0.0,  ,  
2019-05-14 20:55:00,15.975,13.6325402993,753.736982232,  ,  ,0.0,0.0,86.0,0.0,  ,  ,0.0,  ,  
2019-05-14 21:00:00,15.8775,13.7132431177,753.736982232,  ,  ,0.0,0.0,86.9916666667,0.0,  ,  ,0.0,  ,  
2019-05-14 21:05:00,15.7416666667,13.58119131,753.736982232,  ,  ,0.0,0.0,87.0,0.0,  ,  ,0.0,  ,  
2019-05-14 21:10:00,15.5116666667,13.4767362236,753.732361882,  ,  ,0.0,0.0,87.6916666667,0.0,  ,  ,0.0,  ,  
2019-05-14 21:15:00,15.3116666667,13.3338069569,753.661976064,  ,  ,0.0,0.0,88.0,0.0,  ,  ,0.0,  ,  
2019-05-14 21:20:00,15.1675,13.3062235417,753.661976064,  ,  ,0.0,0.0,88.6583333333,0.0,  ,  ,0.0,  ,  
2019-05-14 21:25:00,15.0316666667,13.3387509489,753.652809886,  ,  ,0.0,0.0,89.625,0.0,  ,  ,0.0,  ,  
2019-05-14 21:30:00,14.8708333333,13.2440992973,753.511963728,  ,  ,0.0,0.0,90.0,0.0,  ,  ,0.0,  ,  
2019-05-14 21:35:00,14.7575,13.1931369403,753.511963728,  ,  ,0.0,0.0,90.3583333333,0.0,  ,  ,0.0,  ,  
2019-05-14 21:40:00,14.6475,13.1929561126,753.516549095,  ,  ,0.0,0.0,91.0,0.0,  ,  ,0.0,  ,  
2019-05-14 21:45:00,14.535,13.1363791672,753.586969896,  ,  ,0.0,0.0,91.325,0.0,  ,  ,0.0,  ,  
2019-05-14 21:50:00,14.4066666667,13.1222699817,753.586969896,  ,  ,0.0,0.0,92.0,0.0,  ,  ,0.0,  ,  
2019-05-14 21:55:00,14.3608333333,13.0505168642,753.586969896,  ,  ,0.0,0.0,91.8416666667,0.0,  ,  ,0.0,  ,  
2019-05-14 22:00:00,14.2408333333,12.8510443049,753.586969896,  ,  ,0.0,0.0,91.3583333333,0.0,  ,  ,0.0,  ,  
2019-05-14 22:05:00,14.1341666667,12.9285569656,753.586969896,  ,  ,0.0,0.0,92.4583333333,0.0,  ,  ,0.0,  ,  
2019-05-14 22:10:00,14.1,13.0375232047,753.582384529,  ,  ,0.0,0.0,93.325,0.0,  ,  ,0.0,  ,  
2019-05-14 22:15:00,14.0841666667,13.0791580956,753.511963728,  ,  ,0.0,0.0,93.675,0.0,  ,  ,0.0,  ,  
2019-05-14 22:20:00,13.9375,12.7089642317,753.511963728,  ,  ,0.0,0.0,92.3083333333,0.0,  ,  ,0.0,  ,  
2019-05-14 22:25:00,13.7358333333,12.4582455646,753.516558229,  ,  ,0.0,0.0,92.0,0.0,  ,  ,0.0,  ,  
2019-05-14 22:30:00,13.515,12.3043144138,753.586969896,  ,  ,0.0,0.0,92.3916666667,0.0,  ,  ,0.0,  ,  
2019-05-14 22:35:00,13.3608333333,12.1049322061,753.586969896,  ,  ,0.0,0.0,92.1083333333,0.0,  ,  ,0.0,  ,  
2019-05-14 22:40:00,13.2341666667,11.9616590169,753.591549852,  ,  ,0.0,0.0,92.0,0.0,  ,  ,0.0,  ,  
2019-05-14 22:45:00,13.1008333333,11.8296741876,753.661976064,  ,  ,0.0,0.0,92.0,0.0,  ,  ,0.0,  ,  
2019-05-14 22:50:00,13.0508333333,11.7801796932,753.661976064,  ,  ,0.0,0.0,92.0,0.0,  ,  ,0.0,  ,  
2019-05-14 22:55:00,12.9408333333,11.7465951973,753.652811565,  ,  ,0.0,0.0,92.4583333333,0.0,  ,  ,0.0,  ,  
2019-05-14 23:00:00,12.9,11.7946950057,753.511963728,  ,  ,0.0,0.0,93.0,0.0,  ,  ,0.0,  ,  
2019-05-14 23:05:00,12.9,11.7946950057,753.511963728,  ,  ,0.0,0.0,93.0,0.0,  ,  ,0.0,  ,  
2019-05-14 23:10:00,12.8208333333,11.7162250401,753.507336482,  ,  ,0.0,0.0,93.0,0.0,  ,  ,0.0,  ,  
2019-05-14 23:15:00,12.7966666667,11.8530768887,753.43695756,  ,  ,0.0,0.0,93.9916666667,0.0,  ,  ,0.0,  ,  
2019-05-14 23:20:00,12.74,11.8344393214,753.43695756,  ,  ,0.0,0.0,94.225,0.0,  ,  ,0.0,  ,  
2019-05-14 23:25:00,12.7966666667,11.9041127657,753.441540649,  ,  ,0.0,0.0,94.3083333333,0.0,  ,  ,0.0,  ,  
2019-05-14 23:30:00,12.8,12.0316971378,753.511963728,  ,  ,0.0,0.0,95.0833333333,0.0,  ,  ,0.0,  ,  
2019-05-14 23:35:00,12.8758333333,12.2490384854,753.511963728,  ,  ,0.0,0.0,95.975,0.0,  ,  ,0.0,  ,  
2019-05-14 23:40:00,12.9,12.1177538403,753.507378361,  ,  ,0.0,0.0,95.0,0.0,  ,  ,0.0,  ,  
2019-05-14 23:45:00,12.9,12.1177538403,753.43695756,  ,  ,0.0,0.0,95.0,0.0,  ,  ,0.0,  ,  
2019-05-14 23:50:00,12.9,11.9596709933,753.43695756,  ,  ,0.0,0.0,94.0166666667,0.0,  ,  ,0.0,  ,  
  

    

