Time,TemperatureC,DewpointC,PressurehPa,WindDirection,WindDirectionDegrees,WindSpeedKMH,WindSpeedGustKMH,Humidity,HourlyPrecipMM,Conditions,Clouds,dailyrainMM,SoftwareType,DateUTC
                
2019-12-14 00:00:00,0.2,-0.650023407205,749.64052018,  ,  ,1.9000094464,3.3000164069,94.0,0.0,  ,  ,0.0,  ,  
2019-12-14 00:05:00,0.2,-0.650023407205,749.68664916,  ,  ,1.9000094464,4.10002038433,94.0,0.0,  ,  ,0.0,  ,  
2019-12-14 00:10:00,0.203333333333,-0.64671385167,749.68664916,  ,  ,2.04917685469,3.90001938997,94.0,0.0,  ,  ,0.0,  ,  
2019-12-14 00:15:00,0.262083333333,-0.588382989759,749.68664916,  ,  ,2.10001044075,5.30002635048,94.0,0.0,  ,  ,0.0,  ,  
2019-12-14 00:20:00,0.3,-0.690430355893,749.68664916,  ,  ,2.10001044075,3.90001938997,93.0458333333,0.0,  ,  ,0.0,  ,  
2019-12-14 00:25:00,0.3,-0.697172365853,749.68664916,  ,  ,2.10001044075,4.60002287023,93.0,0.0,  ,  ,0.0,  ,  
2019-12-14 00:30:00,0.3,-0.697172365853,749.657794899,  ,  ,2.32376155319,4.80002386458,93.0,0.0,  ,  ,0.0,  ,  
2019-12-14 00:35:00,0.3,-0.697172365853,749.611642992,  ,  ,2.40001193229,4.80002386458,93.0,0.0,  ,  ,0.0,  ,  
2019-12-14 00:40:00,0.3,-0.684303804563,749.611642992,  ,  ,2.32542822815,3.40001690408,93.0875,0.0,  ,  ,0.0,  ,  
2019-12-14 00:45:00,0.3,-0.636599775836,749.582765804,  ,  ,2.30001143511,4.30002137869,93.4125,0.0,  ,  ,0.0,  ,  
2019-12-14 00:50:00,0.3,-0.591477617293,749.536636824,  ,  ,1.92709291438,4.50002237305,93.7208333333,0.0,  ,  ,0.0,  ,  
2019-12-14 00:55:00,0.3,-0.550736885309,749.536636824,  ,  ,1.80000894922,3.10001541254,94.0,0.0,  ,  ,0.0,  ,  
2019-12-14 01:00:00,0.3,-0.550736885309,749.507782563,  ,  ,1.80000894922,4.10002038433,94.0,0.0,  ,  ,0.0,  ,  
2019-12-14 01:05:00,0.3,-0.550736885309,749.461630656,  ,  ,1.80000894922,3.90001938997,94.0,0.0,  ,  ,0.0,  ,  
2019-12-14 01:10:00,0.3,-0.550736885309,749.461630656,  ,  ,2.02376006166,3.90001938997,94.0,0.0,  ,  ,0.0,  ,  
2019-12-14 01:15:00,0.3,-0.550736885309,749.461630656,  ,  ,2.10001044075,2.90001441819,94.0,0.0,  ,  ,0.0,  ,  
2019-12-14 01:20:00,0.3,-0.550736885309,749.461630656,  ,  ,1.87625932832,3.60001789844,94.0,0.0,  ,  ,0.0,  ,  
2019-12-14 01:25:00,0.3,-0.479848535122,749.461630656,  ,  ,1.80000894922,5.10002535612,94.4875,0.0,  ,  ,0.0,  ,  
2019-12-14 01:30:00,0.3,-0.405672814539,749.461630656,  ,  ,2.02376006166,4.30002137869,95.0,0.0,  ,  ,0.0,  ,  
2019-12-14 01:35:00,0.3,-0.405672814539,749.461630656,  ,  ,2.10001044075,3.60001789844,95.0,0.0,  ,  ,0.0,  ,  
2019-12-14 01:40:00,0.3,-0.405672814539,749.461630656,  ,  ,1.87625932832,4.50002237305,95.0,0.0,  ,  ,0.0,  ,  
2019-12-14 01:45:00,0.3,-0.359417525357,749.461630656,  ,  ,1.80000894922,3.90001938997,95.3208333333,0.0,  ,  ,0.0,  ,  
2019-12-14 01:50:00,0.3,-0.261952967982,749.461630656,  ,  ,1.87459265336,4.50002237305,96.0,0.0,  ,  ,0.0,  ,  
2019-12-14 01:55:00,0.3,-0.261952967982,749.461630656,  ,  ,1.9000094464,4.80002386458,96.0,0.0,  ,  ,0.0,  ,  
2019-12-14 02:00:00,0.296666666667,-0.265270579029,749.461630656,  ,  ,1.9000094464,3.3000164069,96.0,0.0,  ,  ,0.0,  ,  
2019-12-14 02:05:00,0.3,-0.230393390238,749.461630656,  ,  ,1.9000094464,3.90001938997,96.2208333333,0.0,  ,  ,0.0,  ,  
2019-12-14 02:10:00,0.27,-0.149445306832,749.461630656,  ,  ,1.82542574225,3.80001889279,97.0,0.0,  ,  ,0.0,  ,  
2019-12-14 02:15:00,0.286666666667,-0.132837343684,749.432753468,  ,  ,1.80000894922,3.80001889279,97.0,0.0,  ,  ,0.0,  ,  
2019-12-14 02:20:00,0.3,-0.119550976117,749.386624488,  ,  ,1.65084154093,4.10002038433,97.0,0.0,  ,  ,0.0,  ,  
2019-12-14 02:25:00,0.3,-0.119550976117,749.386624488,  ,  ,1.60000795486,4.30002137869,97.0,0.0,  ,  ,0.0,  ,  
2019-12-14 02:30:00,0.3,-0.119550976117,749.386624488,  ,  ,1.97292647559,3.80001889279,97.0,0.0,  ,  ,0.0,  ,  
2019-12-14 02:35:00,0.342083333333,-0.0776158956983,749.386624488,  ,  ,2.10001044075,4.50002237305,97.0,0.0,  ,  ,0.0,  ,  
2019-12-14 02:40:00,0.4,-0.0199033030167,749.386624488,  ,  ,1.95084303246,4.50002237305,97.0,0.0,  ,  ,0.0,  ,  
2019-12-14 02:45:00,0.4,-0.0199033030167,749.415501676,  ,  ,1.9000094464,4.10002038433,97.0,0.0,  ,  ,0.0,  ,  
2019-12-14 02:50:00,0.4,-0.0199033030167,749.461630656,  ,  ,2.04917685469,4.10002038433,97.0,0.0,  ,  ,0.0,  ,  
2019-12-14 02:55:00,0.4,-0.0199033030167,749.461630656,  ,  ,2.10001044075,4.60002287023,97.0,0.0,  ,  ,0.0,  ,  
2019-12-14 03:00:00,0.403333333333,-0.0165817164556,749.432776395,  ,  ,2.47292896148,4.80002386458,97.0,0.0,  ,  ,0.0,  ,  
2019-12-14 03:05:00,0.47875,0.0585691356552,749.386624488,  ,  ,2.60001292665,3.40001690408,97.0,0.0,  ,  ,0.0,  ,  
2019-12-14 03:10:00,0.5,0.07974422247,749.386624488,  ,  ,2.22709440592,4.30002137869,97.0,0.0,  ,  ,0.0,  ,  
2019-12-14 03:15:00,0.565416666667,0.144930232193,749.444333011,  ,  ,2.10001044075,4.30002137869,97.0,0.0,  ,  ,0.0,  ,  
2019-12-14 03:20:00,0.6,0.100440141892,749.536636824,  ,  ,2.10001044075,4.50002237305,96.4458333333,0.0,  ,  ,0.0,  ,  
2019-12-14 03:25:00,0.6,0.0366311277108,749.536636824,  ,  ,2.10001044075,4.10002038433,96.0,0.0,  ,  ,0.0,  ,  
2019-12-14 03:30:00,0.655416666667,0.0917860509106,749.507704804,  ,  ,2.24917784905,5.00002485894,96.0,0.0,  ,  ,0.0,  ,  
2019-12-14 03:35:00,0.7,0.136158764652,749.461630656,  ,  ,2.30001143511,4.10002038433,96.0,0.0,  ,  ,0.0,  ,  
2019-12-14 03:40:00,0.7,0.136158764652,749.461630656,  ,  ,2.00167661853,3.40001690408,96.0,0.0,  ,  ,0.0,  ,  
2019-12-14 03:45:00,0.7,0.136158764652,749.461630656,  ,  ,1.9000094464,4.30002137869,96.0,0.0,  ,  ,0.0,  ,  
2019-12-14 03:50:00,0.7,0.136158764652,749.461630656,  ,  ,1.82542574225,3.80001889279,96.0,0.0,  ,  ,0.0,  ,  
2019-12-14 03:55:00,0.7,0.061220144374,749.461630656,  ,  ,1.80000894922,5.10002535612,95.4791666667,0.0,  ,  ,0.0,  ,  
2019-12-14 04:00:00,0.7,0.0882395906582,749.461630656,  ,  ,2.17292746995,4.50002237305,95.6666666667,0.0,  ,  ,0.0,  ,  
2019-12-14 04:05:00,0.7,-0.0080432889543,749.461630656,  ,  ,2.30001143511,3.90001938997,95.0,0.0,  ,  ,0.0,  ,  
2019-12-14 04:10:00,0.7,-0.0080432889543,749.461630656,  ,  ,2.30001143511,5.00002485894,95.0,0.0,  ,  ,0.0,  ,  
2019-12-14 04:15:00,0.7,-0.0497497627374,749.403950801,  ,  ,2.30001143511,5.80002883637,94.7125,0.0,  ,  ,0.0,  ,  
2019-12-14 04:20:00,0.7,-0.153593780079,749.31161832,  ,  ,3.04584847657,4.80002386458,94.0,0.0,  ,  ,0.0,  ,  
2019-12-14 04:25:00,0.7,-0.153593780079,749.31161832,  ,  ,3.3000164069,4.60002287023,94.0,0.0,  ,  ,0.0,  ,  
2019-12-14 04:30:00,0.7,-0.153593780079,749.31161832,  ,  ,2.55417936544,5.30002635048,94.0,0.0,  ,  ,0.0,  ,  
2019-12-14 04:35:00,0.7,-0.153593780079,749.31161832,  ,  ,2.30001143511,7.60003778559,94.0,0.0,  ,  ,0.0,  ,  
2019-12-14 04:40:00,0.7,-0.205471373844,749.31161832,  ,  ,2.37459513926,7.00003480252,93.6458333333,0.0,  ,  ,0.0,  ,  
2019-12-14 04:45:00,0.7,-0.300519977068,749.282741132,  ,  ,2.40001193229,8.5000422602,93.0,0.0,  ,  ,0.0,  ,  
2019-12-14 04:50:00,0.72,-0.280687504266,749.236612152,  ,  ,3.44418379033,5.00002485894,93.0,0.0,  ,  ,0.0,  ,  
2019-12-14 04:55:00,0.74875,-0.252178349079,749.236612152,  ,  ,3.80001889279,3.80001889279,93.0,0.0,  ,  ,0.0,  ,  
2019-12-14 05:00:00,0.77125,-0.229866856453,749.236612152,  ,  ,2.53209592232,4.80002386458,93.0,0.0,  ,  ,0.0,  ,  
2019-12-14 05:05:00,0.70875,-0.291843268499,749.236612152,  ,  ,2.10001044075,5.50002734483,93.0,0.0,  ,  ,0.0,  ,  
2019-12-14 05:10:00,0.70125,-0.299280447109,749.236612152,  ,  ,2.32376155319,4.50002237305,93.0,0.0,  ,  ,0.0,  ,  
2019-12-14 05:15:00,0.703333333333,-0.297214563965,749.265466413,  ,  ,2.40001193229,3.80001889279,93.0,0.0,  ,  ,0.0,  ,  
2019-12-14 05:20:00,0.706666666667,-0.293909151249,749.31161832,  ,  ,1.95250970742,3.60001789844,93.0,0.0,  ,  ,0.0,  ,  
2019-12-14 05:25:00,0.7,-0.300519977068,749.31161832,  ,  ,1.80000894922,5.00002485894,93.0,0.0,  ,  ,0.0,  ,  
2019-12-14 05:30:00,0.7,-0.25813616534,749.31161832,  ,  ,2.17292746995,4.50002237305,93.2875,0.0,  ,  ,0.0,  ,  
2019-12-14 05:35:00,0.7,-0.279006484057,749.31161832,  ,  ,2.30001143511,4.60002287023,93.1458333333,0.0,  ,  ,0.0,  ,  
2019-12-14 05:40:00,0.7,-0.300519977068,749.31161832,  ,  ,2.37459513926,7.00003480252,93.0,0.0,  ,  ,0.0,  ,  
2019-12-14 05:45:00,0.7,-0.300519977068,749.253909797,  ,  ,2.40001193229,6.00002983073,93.0,0.0,  ,  ,0.0,  ,  
2019-12-14 05:50:00,0.7,-0.300519977068,749.161605984,  ,  ,3.66793490277,6.6000328138,93.0,0.0,  ,  ,0.0,  ,  
2019-12-14 05:55:00,0.7,-0.372653719455,749.161605984,  ,  ,4.10002038433,7.30003629405,92.5125,0.0,  ,  ,0.0,  ,  
2019-12-14 06:00:00,0.7,-0.433953006913,749.161605984,  ,  ,3.57793445531,5.10002535612,92.1,0.0,  ,  ,0.0,  ,  
2019-12-14 06:05:00,0.7,-0.419070310811,749.161605984,  ,  ,3.40001690408,8.30004126584,92.2,0.0,  ,  ,0.0,  ,  
2019-12-14 06:10:00,0.7,-0.448850001209,749.161605984,  ,  ,3.40001690408,7.30003629405,92.0,0.0,  ,  ,0.0,  ,  
2019-12-14 06:15:00,0.7,-0.409156442365,749.19048918,  ,  ,3.40001690408,4.80002386458,92.2666666667,0.0,  ,  ,0.0,  ,  
2019-12-14 06:20:00,0.7,-0.419070310811,749.236612152,  ,  ,3.02709838335,5.10002535612,92.2,0.0,  ,  ,0.0,  ,  
2019-12-14 06:25:00,0.7,-0.448850001209,749.236612152,  ,  ,2.90001441819,7.50003728841,92.0,0.0,  ,  ,0.0,  ,  
2019-12-14 06:30:00,0.7,-0.448850001209,749.236612152,  ,  ,3.04918182648,5.00002485894,92.0,0.0,  ,  ,0.0,  ,  
2019-12-14 06:35:00,0.7,-0.326991718893,749.236612152,  ,  ,3.10001541254,5.00002485894,92.8208333333,0.0,  ,  ,0.0,  ,  
2019-12-14 06:40:00,0.7,-0.300519977068,749.236612152,  ,  ,2.50334577938,4.60002287023,93.0,0.0,  ,  ,0.0,  ,  
2019-12-14 06:45:00,0.7,-0.300519977068,749.26548934,  ,  ,2.30001143511,4.80002386458,93.0,0.0,  ,  ,0.0,  ,  
2019-12-14 06:50:00,0.624583333333,-0.375305052213,749.31161832,  ,  ,2.00167661853,6.10003032791,93.0,0.0,  ,  ,0.0,  ,  
2019-12-14 06:55:00,0.6,-0.399682550561,749.31161832,  ,  ,1.9000094464,7.00003480252,93.0,0.0,  ,  ,0.0,  ,  
2019-12-14 07:00:00,0.6,-0.468669126588,749.31161832,  ,  ,3.16793241688,8.30004126584,92.5333333333,0.0,  ,  ,0.0,  ,  
2019-12-14 07:05:00,0.6,-0.478549457953,749.31161832,  ,  ,3.60001789844,7.00003480252,92.4666666667,0.0,  ,  ,0.0,  ,  
2019-12-14 07:10:00,0.6,-0.443995814151,749.31161832,  ,  ,3.74918530673,4.50002237305,92.7,0.0,  ,  ,0.0,  ,  
2019-12-14 07:15:00,0.6,-0.399682550561,749.340472581,  ,  ,3.80001889279,5.30002635048,93.0,0.0,  ,  ,0.0,  ,  
2019-12-14 07:20:00,0.6,-0.399682550561,749.386624488,  ,  ,3.12876555548,5.50002734483,93.0,0.0,  ,  ,0.0,  ,  
2019-12-14 07:25:00,0.58125,-0.41827557196,749.386624488,  ,  ,2.90001441819,5.50002734483,93.0,0.0,  ,  ,0.0,  ,  
2019-12-14 07:30:00,0.513333333333,-0.485623729999,749.3577473,  ,  ,2.90001441819,4.50002237305,93.0,0.0,  ,  ,0.0,  ,  
2019-12-14 07:35:00,0.5,-0.498845473188,749.31161832,  ,  ,2.90001441819,6.30003132226,93.0,0.0,  ,  ,0.0,  ,  
2019-12-14 07:40:00,0.44125,-0.557103853044,749.31161832,  ,  ,2.67626330575,4.60002287023,93.0,0.0,  ,  ,0.0,  ,  
2019-12-14 07:45:00,0.4,-0.598008744952,749.340472581,  ,  ,2.60001292665,6.10003032791,93.0,0.0,  ,  ,0.0,  ,  
2019-12-14 07:50:00,0.4,-0.458137685324,749.386624488,  ,  ,2.45084551836,3.10001541254,93.9541666667,0.0,  ,  ,0.0,  ,  
2019-12-14 07:55:00,0.4,-0.45145066165,749.386624488,  ,  ,2.40001193229,3.60001789844,94.0,0.0,  ,  ,0.0,  ,  
2019-12-14 08:00:00,0.4,-0.473954853638,749.3577473,  ,  ,1.95250970742,4.50002237305,93.8458333333,0.0,  ,  ,0.0,  ,  
2019-12-14 08:05:00,0.4,-0.519671949204,749.31161832,  ,  ,1.80000894922,2.80001392101,93.5333333333,0.0,  ,  ,0.0,  ,  
2019-12-14 08:10:00,0.4,-0.516619943166,749.31161832,  ,  ,1.42709042849,4.10002038433,93.5541666667,0.0,  ,  ,0.0,  ,  
2019-12-14 08:15:00,0.383333333333,-0.467998344882,749.369326843,  ,  ,1.30000646332,2.90001441819,94.0,0.0,  ,  ,0.0,  ,  
2019-12-14 08:20:00,0.337916666667,-0.513090823736,749.461630656,  ,  ,1.52375757576,5.00002485894,94.0,0.0,  ,  ,0.0,  ,  
2019-12-14 08:25:00,0.33,-0.520950986896,749.461630656,  ,  ,1.60000795486,4.10002038433,94.0,0.0,  ,  ,0.0,  ,  
2019-12-14 08:30:00,0.31,-0.540808249522,749.490513852,  ,  ,2.19667758803,4.60002287023,94.0,0.0,  ,  ,0.0,  ,  
2019-12-14 08:35:00,0.325416666667,-0.525501608528,749.536636824,  ,  ,2.40001193229,4.80002386458,94.0,0.0,  ,  ,0.0,  ,  
2019-12-14 08:40:00,0.4,-0.503198253636,749.536636824,  ,  ,2.32542822815,4.80002386458,93.6458333333,0.0,  ,  ,0.0,  ,  
2019-12-14 08:45:00,0.4,-0.583290382073,749.565543105,  ,  ,2.30001143511,3.60001789844,93.1,0.0,  ,  ,0.0,  ,  
2019-12-14 08:50:00,0.4,-0.531275058163,749.611642992,  ,  ,1.92709291438,3.90001938997,93.4541666667,0.0,  ,  ,0.0,  ,  
2019-12-14 08:55:00,0.34125,-0.509781281912,749.611642992,  ,  ,1.80000894922,3.60001789844,94.0,0.0,  ,  ,0.0,  ,  
2019-12-14 09:00:00,0.3,-0.550736885309,749.640511602,  ,  ,1.65084154093,3.60001789844,94.0,0.0,  ,  ,0.0,  ,  
2019-12-14 09:05:00,0.23125,-0.528827998201,749.68664916,  ,  ,1.60000795486,3.60001789844,94.6208333333,0.0,  ,  ,0.0,  ,  
2019-12-14 09:10:00,0.24875,-0.456619383909,749.68664916,  ,  ,1.74917536315,4.10002038433,95.0,0.0,  ,  ,0.0,  ,  
2019-12-14 09:15:00,0.422916666667,-0.325094031247,749.68664916,  ,  ,1.80000894922,5.30002635048,94.7125,0.0,  ,  ,0.0,  ,  
2019-12-14 09:20:00,0.6,-0.363464434944,749.68664916,  ,  ,2.02376006166,5.30002635048,93.2458333333,0.0,  ,  ,0.0,  ,  
2019-12-14 09:25:00,0.632083333333,-0.367867853528,749.68664916,  ,  ,2.10001044075,4.50002237305,93.0,0.0,  ,  ,0.0,  ,  
2019-12-14 09:30:00,0.64125,-0.417910863247,749.744403537,  ,  ,2.47292896148,6.10003032791,92.6,0.0,  ,  ,0.0,  ,  
2019-12-14 09:35:00,0.449166666667,-0.549253426038,749.836661496,  ,  ,2.60001292665,5.50002734483,93.0,0.0,  ,  ,0.0,  ,  
2019-12-14 09:40:00,0.4,-0.598008744952,749.836661496,  ,  ,2.82376403909,7.60003778559,93.0,0.0,  ,  ,0.0,  ,  
2019-12-14 09:45:00,0.4,-0.598008744952,749.865515757,  ,  ,2.90001441819,5.30002635048,93.0,0.0,  ,  ,0.0,  ,  
2019-12-14 09:50:00,0.396666666667,-0.601314193357,749.911667664,  ,  ,3.04918182648,5.10002535612,93.0,0.0,  ,  ,0.0,  ,  
2019-12-14 09:55:00,0.396666666667,-0.601314193357,749.911667664,  ,  ,3.10001541254,5.80002883637,93.0,0.0,  ,  ,0.0,  ,  
2019-12-14 10:00:00,0.4,-0.534329952756,749.969422041,  ,  ,2.72709689181,3.60001789844,93.4333333333,0.0,  ,  ,0.0,  ,  
2019-12-14 10:05:00,0.4,-0.598008744952,750.06168,  ,  ,2.60001292665,6.80003380816,93.0,0.0,  ,  ,0.0,  ,  
2019-12-14 10:10:00,0.4,-0.598008744952,750.06168,  ,  ,2.60001292665,8.0000397743,93.0,0.0,  ,  ,0.0,  ,  
2019-12-14 10:15:00,0.4,-0.598008744952,750.032825739,  ,  ,2.60001292665,8.30004126584,93.0,0.0,  ,  ,0.0,  ,  
2019-12-14 10:20:00,0.4,-0.684762894941,749.986673832,  ,  ,3.56960108055,8.0000397743,92.4125,0.0,  ,  ,0.0,  ,  
2019-12-14 10:25:00,0.415416666667,-0.730698749582,749.986673832,  ,  ,3.90001938997,8.10004027148,92.0,0.0,  ,  ,0.0,  ,  
2019-12-14 10:30:00,0.5,-0.646927845878,750.015557028,  ,  ,3.67626827754,4.60002287023,92.0,0.0,  ,  ,0.0,  ,  
2019-12-14 10:35:00,0.522083333333,-0.625056671872,750.06168,  ,  ,3.60001789844,3.60001789844,92.0,0.0,  ,  ,0.0,  ,  
2019-12-14 10:40:00,0.596666666667,-0.600907396602,750.06168,  ,  ,2.10834381552,3.60001789844,91.6666666667,0.0,  ,  ,0.0,  ,  
2019-12-14 10:45:00,0.6,-0.625644601219,749.974961157,  ,  ,1.60000795486,2.90001441819,91.4791666667,0.0,  ,  ,0.0,  ,  
2019-12-14 10:50:00,0.6,-0.54975029927,749.836661496,  ,  ,1.07792202584,2.40001193229,91.9875,0.0,  ,  ,0.0,  ,  
2019-12-14 10:55:00,0.6,-0.572728150908,749.836661496,  ,  ,0.900004474609,2.10001044075,91.8333333333,0.0,  ,  ,0.0,  ,  
2019-12-14 11:00:00,0.632083333333,-0.568959401898,749.836661496,  ,  ,0.825420770463,4.30002137869,91.6458333333,0.0,  ,  ,0.0,  ,  
2019-12-14 11:05:00,0.67,-0.628286941443,749.836661496,  ,  ,0.80000397743,2.30001143511,91.0,0.0,  ,  ,0.0,  ,  
2019-12-14 11:10:00,0.69,-0.608504217987,749.836661496,  ,  ,1.02375508987,1.60000795486,91.0,0.0,  ,  ,0.0,  ,  
2019-12-14 11:15:00,0.7,-0.598612863039,749.807784308,  ,  ,1.10000546897,2.10001044075,91.0,0.0,  ,  ,0.0,  ,  
2019-12-14 11:20:00,0.7,-0.583571253375,749.761655328,  ,  ,0.950838060675,2.60001292665,91.1,0.0,  ,  ,0.0,  ,  
2019-12-14 11:25:00,0.7,-0.598612863039,749.761655328,  ,  ,0.900004474609,3.3000164069,91.0,0.0,  ,  ,0.0,  ,  
2019-12-14 11:30:00,0.702083333333,-0.59655216466,749.73277814,  ,  ,1.0491718829,3.60001789844,91.0,0.0,  ,  ,0.0,  ,  
2019-12-14 11:35:00,0.75,-0.549156156101,749.68664916,  ,  ,1.10000546897,4.50002237305,91.0,0.0,  ,  ,0.0,  ,  
2019-12-14 11:40:00,0.8,-0.499699562167,749.68664916,  ,  ,1.62209139799,3.40001690408,91.0,0.0,  ,  ,0.0,  ,  
2019-12-14 11:45:00,0.8,-0.499699562167,749.628940637,  ,  ,1.80000894922,4.60002287023,91.0,0.0,  ,  ,0.0,  ,  
2019-12-14 11:50:00,0.85875,-0.474901033827,749.536636824,  ,  ,1.87459265336,5.00002485894,90.7791666667,0.0,  ,  ,0.0,  ,  
2019-12-14 11:55:00,0.9,-0.506665668968,749.536636824,  ,  ,1.9000094464,5.10002535612,90.3,0.0,  ,  ,0.0,  ,  
2019-12-14 12:00:00,0.9,-0.552264726543,749.507759636,  ,  ,2.27292796713,4.60002287023,90.0,0.0,  ,  ,0.0,  ,  
2019-12-14 12:05:00,0.965416666667,-0.467348200503,749.461630656,  ,  ,2.40001193229,3.80001889279,90.1333333333,0.0,  ,  ,0.0,  ,  
2019-12-14 12:10:00,1.03208333333,-0.421784818595,749.461630656,  ,  ,2.17626081985,4.30002137869,90.0,0.0,  ,  ,0.0,  ,  
2019-12-14 12:15:00,1.1,-0.354692968478,749.432776395,  ,  ,2.10001044075,4.60002287023,90.0,0.0,  ,  ,0.0,  ,  
2019-12-14 12:20:00,1.1,-0.354692968478,749.386624488,  ,  ,2.10001044075,3.60001789844,90.0,0.0,  ,  ,0.0,  ,  
2019-12-14 12:25:00,1.11,-0.36007065167,749.386624488,  ,  ,2.10001044075,6.6000328138,89.9,0.0,  ,  ,0.0,  ,  
2019-12-14 12:30:00,1.17208333333,-0.400895541025,749.357770227,  ,  ,2.32376155319,6.00002983073,89.2333333333,0.0,  ,  ,0.0,  ,  
2019-12-14 12:35:00,1.2,-0.391935860749,749.31161832,  ,  ,2.40001193229,5.10002535612,89.1125,0.0,  ,  ,0.0,  ,  
2019-12-14 12:40:00,1.2,-0.35797692661,749.31161832,  ,  ,2.69834674887,4.60002287023,89.3333333333,0.0,  ,  ,0.0,  ,  
2019-12-14 12:45:00,1.2,-0.409264319483,749.31161832,  ,  ,2.80001392101,6.50003231662,89.0,0.0,  ,  ,0.0,  ,  
2019-12-14 12:50:00,1.26875,-0.341437550915,749.31161832,  ,  ,2.87459762515,6.00002983073,89.0,0.0,  ,  ,0.0,  ,  
2019-12-14 12:55:00,1.29666666667,-0.313895847232,749.31161832,  ,  ,2.90001441819,4.50002237305,89.0,0.0,  ,  ,0.0,  ,  
2019-12-14 13:00:00,1.3,-0.310607288496,749.31161832,  ,  ,2.67626330575,7.80003877995,89.0,0.0,  ,  ,0.0,  ,  
2019-12-14 13:05:00,1.3,-0.310607288496,749.31161832,  ,  ,2.60001292665,7.80003877995,89.0,0.0,  ,  ,0.0,  ,  
2019-12-14 13:10:00,1.3,-0.310607288496,749.31161832,  ,  ,2.97293144738,6.50003231662,89.0,0.0,  ,  ,0.0,  ,  
2019-12-14 13:15:00,1.3,-0.310607288496,749.36948236,  ,  ,3.10001541254,6.10003032791,89.0,0.0,  ,  ,0.0,  ,  
2019-12-14 13:20:00,1.21458333333,-0.394876801146,749.461630656,  ,  ,2.87626430011,4.60002287023,89.0,0.0,  ,  ,0.0,  ,  
2019-12-14 13:25:00,1.2,-0.388729010233,749.461630656,  ,  ,2.80001392101,4.60002287023,89.1333333333,0.0,  ,  ,0.0,  ,  
2019-12-14 13:30:00,1.2,-0.409264319483,749.432753468,  ,  ,2.50167910442,4.50002237305,89.0,0.0,  ,  ,0.0,  ,  
2019-12-14 13:35:00,1.2,-0.390653040986,749.386624488,  ,  ,2.40001193229,5.10002535612,89.1208333333,0.0,  ,  ,0.0,  ,  
2019-12-14 13:40:00,1.2,-0.371423463463,749.386624488,  ,  ,2.54917934058,4.50002237305,89.2458333333,0.0,  ,  ,0.0,  ,  
2019-12-14 13:45:00,1.2,-0.283273038085,749.386624488,  ,  ,2.60001292665,5.60002784201,89.8208333333,0.0,  ,  ,0.0,  ,  
2019-12-14 13:50:00,1.2,-0.397068200962,749.386624488,  ,  ,2.60001292665,5.00002485894,89.0791666667,0.0,  ,  ,0.0,  ,  
2019-12-14 13:55:00,1.2,-0.409264319483,749.386624488,  ,  ,2.60001292665,6.30003132226,89.0,0.0,  ,  ,0.0,  ,  
2019-12-14 14:00:00,1.2,-0.409264319483,749.3577473,  ,  ,3.34584996811,4.60002287023,89.0,0.0,  ,  ,0.0,  ,  
2019-12-14 14:05:00,1.2,-0.409264319483,749.31161832,  ,  ,3.60001789844,4.30002137869,89.0,0.0,  ,  ,0.0,  ,  
2019-12-14 14:10:00,1.2,-0.409264319483,749.31161832,  ,  ,2.63042974454,7.30003629405,89.0,0.0,  ,  ,0.0,  ,  
2019-12-14 14:15:00,1.2,-0.409264319483,749.31161832,  ,  ,2.30001143511,7.00003480252,89.0,0.0,  ,  ,0.0,  ,  
2019-12-14 14:20:00,1.2,-0.409264319483,749.31161832,  ,  ,3.04584847657,6.80003380816,89.0,0.0,  ,  ,0.0,  ,  
2019-12-14 14:25:00,1.2,-0.409264319483,749.31161832,  ,  ,3.3000164069,7.60003778559,89.0,0.0,  ,  ,0.0,  ,  
2019-12-14 14:30:00,1.2,-0.409264319483,749.282764059,  ,  ,3.37460011105,4.80002386458,89.0,0.0,  ,  ,0.0,  ,  
2019-12-14 14:35:00,1.2,-0.409264319483,749.236612152,  ,  ,3.40001690408,7.30003629405,89.0,0.0,  ,  ,0.0,  ,  
2019-12-14 14:40:00,1.2,-0.409264319483,749.236612152,  ,  ,2.80334727091,6.10003032791,89.0,0.0,  ,  ,0.0,  ,  
2019-12-14 14:45:00,1.2,-0.409264319483,749.236612152,  ,  ,2.60001292665,5.00002485894,89.0,0.0,  ,  ,0.0,  ,  
2019-12-14 14:50:00,1.2,-0.438188179209,749.236612152,  ,  ,2.82376403909,6.00002983073,88.8125,0.0,  ,  ,0.0,  ,  
2019-12-14 14:55:00,1.2,-0.524637995637,749.236612152,  ,  ,2.90001441819,5.30002635048,88.2541666667,0.0,  ,  ,0.0,  ,  
2019-12-14 15:00:00,1.2,-0.409264319483,749.236612152,  ,  ,3.04918182648,5.00002485894,89.0,0.0,  ,  ,0.0,  ,  
2019-12-14 15:05:00,1.2,-0.409264319483,749.236612152,  ,  ,3.10001541254,4.50002237305,89.0,0.0,  ,  ,0.0,  ,  
2019-12-14 15:10:00,1.2,-0.409264319483,749.236612152,  ,  ,2.57792948352,4.10002038433,89.0,0.0,  ,  ,0.0,  ,  
2019-12-14 15:15:00,1.2,-0.400918570866,749.236612152,  ,  ,2.40001193229,5.00002485894,89.0541666667,0.0,  ,  ,0.0,  ,  
2019-12-14 15:20:00,1.2,-0.255907845439,749.236612152,  ,  ,2.32542822815,4.60002287023,90.0,0.0,  ,  ,0.0,  ,  
2019-12-14 15:25:00,1.18333333333,-0.272371997613,749.236612152,  ,  ,2.30001143511,6.30003132226,90.0,0.0,  ,  ,0.0,  ,  
2019-12-14 15:30:00,1.24541666667,-0.211043101818,749.207705871,  ,  ,2.67292995584,4.30002137869,90.0,0.0,  ,  ,0.0,  ,  
2019-12-14 15:35:00,1.24791666667,-0.264650759973,749.161605984,  ,  ,2.80001392101,6.50003231662,89.6333333333,0.0,  ,  ,0.0,  ,  
2019-12-14 15:40:00,1.13458333333,-0.320529723084,749.161605984,  ,  ,2.87459762515,6.80003380816,90.0,0.0,  ,  ,0.0,  ,  
2019-12-14 15:45:00,1.07791666667,-0.322610336601,749.219314507,  ,  ,2.90001441819,4.50002237305,90.3541666667,0.0,  ,  ,0.0,  ,  
2019-12-14 15:50:00,1.0,-0.327039052553,749.31161832,  ,  ,2.30334478502,3.3000164069,90.8333333333,0.0,  ,  ,0.0,  ,  
2019-12-14 15:55:00,0.93125,-0.369876540735,749.31161832,  ,  ,2.10001044075,3.90001938997,91.0,0.0,  ,  ,0.0,  ,  
2019-12-14 16:00:00,0.9,-0.410839330822,749.282741132,  ,  ,1.87625932832,5.00002485894,90.9333333333,0.0,  ,  ,0.0,  ,  
2019-12-14 16:05:00,0.9,-0.461200400441,749.236612152,  ,  ,1.80000894922,3.40001690408,90.6,0.0,  ,  ,0.0,  ,  
2019-12-14 16:10:00,0.9,-0.46435340535,749.236612152,  ,  ,2.02376006166,4.60002287023,90.5791666667,0.0,  ,  ,0.0,  ,  
2019-12-14 16:15:00,0.9,-0.552264726543,749.265466413,  ,  ,2.10001044075,4.10002038433,90.0,0.0,  ,  ,0.0,  ,  
2019-12-14 16:20:00,0.9,-0.552264726543,749.31161832,  ,  ,1.87625932832,2.90001441819,90.0,0.0,  ,  ,0.0,  ,  
2019-12-14 16:25:00,0.9,-0.552264726543,749.31161832,  ,  ,1.80000894922,2.60001292665,90.0,0.0,  ,  ,0.0,  ,  
2019-12-14 16:30:00,0.9,-0.552264726543,749.340472581,  ,  ,1.42709042849,4.60002287023,90.0,0.0,  ,  ,0.0,  ,  
2019-12-14 16:35:00,0.9,-0.552264726543,749.386624488,  ,  ,1.30000646332,3.60001789844,90.0,0.0,  ,  ,0.0,  ,  
2019-12-14 16:40:00,0.9,-0.552264726543,749.386624488,  ,  ,1.89667609649,4.10002038433,90.0,0.0,  ,  ,0.0,  ,  
2019-12-14 16:45:00,0.9,-0.552264726543,749.3577473,  ,  ,2.10001044075,4.30002137869,90.0,0.0,  ,  ,0.0,  ,  
2019-12-14 16:50:00,0.9,-0.552264726543,749.31161832,  ,  ,1.95084303246,3.60001789844,90.0,0.0,  ,  ,0.0,  ,  
2019-12-14 16:55:00,0.903333333333,-0.56420183289,749.31161832,  ,  ,1.9000094464,4.10002038433,89.9,0.0,  ,  ,0.0,  ,  
2019-12-14 17:00:00,0.942083333333,-0.510692168314,749.340472581,  ,  ,1.9000094464,3.80001889279,90.0,0.0,  ,  ,0.0,  ,  
2019-12-14 17:05:00,0.96,-0.492992987445,749.386624488,  ,  ,1.9000094464,3.40001690408,90.0,0.0,  ,  ,0.0,  ,  
2019-12-14 17:10:00,0.964583333333,-0.488465292612,749.386624488,  ,  ,1.67625833396,2.90001441819,90.0,0.0,  ,  ,0.0,  ,  
2019-12-14 17:15:00,0.92,-0.532507460017,749.3577473,  ,  ,1.60000795486,5.10002535612,90.0,0.0,  ,  ,0.0,  ,  
2019-12-14 17:20:00,0.93,-0.522628834314,749.31161832,  ,  ,1.8237590673,4.50002237305,90.0,0.0,  ,  ,0.0,  ,  
2019-12-14 17:25:00,0.923333333333,-0.529214584223,749.31161832,  ,  ,1.9000094464,4.50002237305,90.0,0.0,  ,  ,0.0,  ,  
2019-12-14 17:30:00,0.9,-0.552264726543,749.31161832,  ,  ,1.9000094464,4.10002038433,90.0,0.0,  ,  ,0.0,  ,  
2019-12-14 17:35:00,0.9,-0.523749591945,749.31161832,  ,  ,1.9000094464,5.00002485894,90.1875,0.0,  ,  ,0.0,  ,  
2019-12-14 17:40:00,0.9,-0.535149348087,749.31161832,  ,  ,1.9000094464,4.50002237305,90.1125,0.0,  ,  ,0.0,  ,  
2019-12-14 17:45:00,0.9,-0.425930485009,749.282735124,  ,  ,1.9000094464,3.80001889279,90.8333333333,0.0,  ,  ,0.0,  ,  
2019-12-14 17:50:00,0.9,-0.412724922198,749.236612152,  ,  ,1.9000094464,5.00002485894,90.9208333333,0.0,  ,  ,0.0,  ,  
2019-12-14 17:55:00,0.9,-0.400786713307,749.236612152,  ,  ,1.9000094464,6.00002983073,91.0,0.0,  ,  ,0.0,  ,  
2019-12-14 18:00:00,0.9,-0.400786713307,749.236612152,  ,  ,2.19834426298,4.60002287023,91.0,0.0,  ,  ,0.0,  ,  
2019-12-14 18:05:00,0.9,-0.400786713307,749.236612152,  ,  ,2.30001143511,4.60002287023,91.0,0.0,  ,  ,0.0,  ,  
2019-12-14 18:10:00,0.9,-0.400786713307,749.236612152,  ,  ,2.30001143511,4.10002038433,91.0,0.0,  ,  ,0.0,  ,  
2019-12-14 18:15:00,0.9,-0.400786713307,749.207757891,  ,  ,2.30001143511,6.30003132226,91.0,0.0,  ,  ,0.0,  ,  
2019-12-14 18:20:00,0.9,-0.400786713307,749.161605984,  ,  ,2.30001143511,6.00002983073,91.0,0.0,  ,  ,0.0,  ,  
2019-12-14 18:25:00,0.9,-0.400786713307,749.161605984,  ,  ,2.30001143511,3.90001938997,91.0,0.0,  ,  ,0.0,  ,  
2019-12-14 18:30:00,0.9,-0.400786713307,749.132751723,  ,  ,1.92709291438,5.50002734483,91.0,0.0,  ,  ,0.0,  ,  
2019-12-14 18:35:00,0.9,-0.400786713307,749.086599816,  ,  ,1.80000894922,6.00002983073,91.0,0.0,  ,  ,0.0,  ,  
2019-12-14 18:40:00,0.9,-0.400786713307,749.086599816,  ,  ,2.24751117409,5.30002635048,91.0,0.0,  ,  ,0.0,  ,  
2019-12-14 18:45:00,0.9,-0.400786713307,749.086599816,  ,  ,2.40001193229,5.00002485894,91.0,0.0,  ,  ,0.0,  ,  
2019-12-14 18:50:00,0.9,-0.400786713307,749.086599816,  ,  ,2.40001193229,5.00002485894,91.0,0.0,  ,  ,0.0,  ,  
2019-12-14 18:55:00,0.9,-0.400786713307,749.086599816,  ,  ,2.40001193229,5.50002734483,91.0,0.0,  ,  ,0.0,  ,  
2019-12-14 19:00:00,0.9,-0.400786713307,749.057745555,  ,  ,2.17626081985,6.6000328138,91.0,0.0,  ,  ,0.0,  ,  
2019-12-14 19:05:00,0.88,-0.420569246918,749.011593648,  ,  ,2.10001044075,4.30002137869,91.0,0.0,  ,  ,0.0,  ,  
2019-12-14 19:10:00,0.81125,-0.488571844105,749.011593648,  ,  ,2.32376155319,4.60002287023,91.0,0.0,  ,  ,0.0,  ,  
2019-12-14 19:15:00,0.8,-0.499699562167,748.98271646,  ,  ,2.40001193229,3.60001789844,91.0,0.0,  ,  ,0.0,  ,  
2019-12-14 19:20:00,0.8,-0.499699562167,748.93658748,  ,  ,2.02709341156,2.80001392101,91.0,0.0,  ,  ,0.0,  ,  
2019-12-14 19:25:00,0.8,-0.499699562167,748.93658748,  ,  ,1.9000094464,5.60002784201,91.0,0.0,  ,  ,0.0,  ,  
2019-12-14 19:30:00,0.8,-0.553134325995,748.907747552,  ,  ,2.19834426298,6.00002983073,90.6458333333,0.0,  ,  ,0.0,  ,  
2019-12-14 19:35:00,0.8,-0.625723100486,748.861581312,  ,  ,2.30001143511,6.6000328138,90.1666666667,0.0,  ,  ,0.0,  ,  
2019-12-14 19:40:00,0.8,-0.651051361576,748.861581312,  ,  ,2.52376254755,5.50002734483,90.0,0.0,  ,  ,0.0,  ,  
2019-12-14 19:45:00,0.8,-0.651051361576,748.890435573,  ,  ,2.60001292665,5.50002734483,90.0,0.0,  ,  ,0.0,  ,  
2019-12-14 19:50:00,0.79125,-0.659695216121,748.93658748,  ,  ,2.45084551836,6.10003032791,90.0,0.0,  ,  ,0.0,  ,  
2019-12-14 19:55:00,0.753333333333,-0.69715196374,748.93658748,  ,  ,2.40001193229,5.60002784201,90.0,0.0,  ,  ,0.0,  ,  
2019-12-14 20:00:00,0.716666666667,-0.733373942441,748.93658748,  ,  ,2.69834674887,4.50002237305,90.0,0.0,  ,  ,0.0,  ,  
2019-12-14 20:05:00,0.7,-0.749838500615,748.93658748,  ,  ,2.80001392101,3.40001690408,90.0,0.0,  ,  ,0.0,  ,  
2019-12-14 20:10:00,0.7,-0.749838500615,748.93658748,  ,  ,2.05417687955,3.80001889279,90.0,0.0,  ,  ,0.0,  ,  
2019-12-14 20:15:00,0.7,-0.749838500615,748.878821087,  ,  ,1.80000894922,4.80002386458,90.0,0.0,  ,  ,0.0,  ,  
2019-12-14 20:20:00,0.7,-0.749838500615,748.786575144,  ,  ,2.02376006166,5.10002535612,90.0,0.0,  ,  ,0.0,  ,  
2019-12-14 20:25:00,0.666666666667,-0.782767658963,748.786575144,  ,  ,2.10001044075,4.10002038433,90.0,0.0,  ,  ,0.0,  ,  
2019-12-14 20:30:00,0.614583333333,-0.834219580994,748.757609044,  ,  ,2.10001044075,3.90001938997,90.0,0.0,  ,  ,0.0,  ,  
2019-12-14 20:35:00,0.6,-0.848626143663,748.711568976,  ,  ,2.10001044075,6.10003032791,90.0,0.0,  ,  ,0.0,  ,  
2019-12-14 20:40:00,0.586666666667,-0.861797867484,748.711568976,  ,  ,2.69668007392,7.00003480252,90.0,0.0,  ,  ,0.0,  ,  
2019-12-14 20:45:00,0.517916666667,-0.929714710647,748.711568976,  ,  ,2.90001441819,5.30002635048,90.0,0.0,  ,  ,0.0,  ,  
2019-12-14 20:50:00,0.5,-0.947414290724,748.711568976,  ,  ,2.67626330575,5.60002784201,90.0,0.0,  ,  ,0.0,  ,  
2019-12-14 20:55:00,0.417916666667,-1.02850327142,748.711568976,  ,  ,2.60001292665,4.60002287023,90.0,0.0,  ,  ,0.0,  ,  
2019-12-14 21:00:00,0.4,-0.927287428979,748.711568976,  ,  ,2.45084551836,5.00002485894,90.7875,0.0,  ,  ,0.0,  ,  
2019-12-14 21:05:00,0.4,-0.872760892633,748.711568976,  ,  ,2.40001193229,3.60001789844,91.1506276151,0.0,  ,  ,0.0,  ,  
2019-12-14 21:10:00,0.328333333333,-0.789730359084,748.711568976,  ,  ,1.95250970742,3.40001690408,92.1833333333,0.0,  ,  ,0.0,  ,  
2019-12-14 21:15:00,0.235,-0.761628906665,748.682640156,  ,  ,1.80000894922,4.60002287023,93.0,0.0,  ,  ,0.0,  ,  
2019-12-14 21:20:00,0.196666666667,-0.799641807575,748.636562808,  ,  ,2.02251005544,5.80002883637,93.0,0.0,  ,  ,0.0,  ,  
2019-12-14 21:25:00,0.121666666667,-0.89116415429,748.636562808,  ,  ,2.10001044075,3.80001889279,92.8833333333,0.0,  ,  ,0.0,  ,  
2019-12-14 21:30:00,0.1,-1.04308833999,748.636562808,  ,  ,2.32251154698,5.60002784201,92.0,0.0,  ,  ,0.0,  ,  
2019-12-14 21:35:00,0.1,-1.04308833999,748.636562808,  ,  ,2.40001193229,3.60001789844,92.0,0.0,  ,  ,0.0,  ,  
2019-12-14 21:40:00,0.1,-0.981421834002,748.636562808,  ,  ,2.17751082607,3.90001938997,92.4166666667,0.0,  ,  ,0.0,  ,  
2019-12-14 21:45:00,0.1,-0.895500655077,748.636562808,  ,  ,2.10001044075,3.3000164069,93.0,0.0,  ,  ,0.0,  ,  
2019-12-14 21:50:00,0.1,-0.993735430218,748.636562808,  ,  ,1.5808411929,3.80001889279,92.3333333333,0.0,  ,  ,0.0,  ,  
2019-12-14 21:55:00,0.1,-1.03567532875,748.636562808,  ,  ,1.4000069605,4.50002237305,92.05,0.0,  ,  ,0.0,  ,  
2019-12-14 22:00:00,0.1,-1.04308833999,748.607648359,  ,  ,1.91917620836,3.90001938997,92.0,0.0,  ,  ,0.0,  ,  
2019-12-14 22:05:00,0.1,-1.04308833999,748.56155664,  ,  ,2.10001044075,4.10002038433,92.0,0.0,  ,  ,0.0,  ,  
2019-12-14 22:10:00,0.1,-1.04308833999,748.56155664,  ,  ,1.95167636994,5.60002784201,92.0,0.0,  ,  ,0.0,  ,  
2019-12-14 22:15:00,0.1,-1.05545128309,748.532679265,  ,  ,1.9000094464,6.50003231662,91.9166666667,0.0,  ,  ,0.0,  ,  
2019-12-14 22:20:00,0.1,-1.08268470095,748.486550472,  ,  ,2.41917869425,6.10003032791,91.7333333333,0.0,  ,  ,0.0,  ,  
2019-12-14 22:25:00,0.1,-1.12238302947,748.486550472,  ,  ,2.60001292665,6.50003231662,91.4666666667,0.0,  ,  ,0.0,  ,  
2019-12-14 22:30:00,0.1,-1.14724651528,748.544391984,  ,  ,2.82251403287,5.00002485894,91.3,0.0,  ,  ,0.0,  ,  
2019-12-14 22:35:00,0.0966666666667,-1.12071443384,748.636562808,  ,  ,2.90001441819,4.80002386458,91.5,0.0,  ,  ,0.0,  ,  
2019-12-14 22:40:00,0.025,-1.19909705927,748.636562808,  ,  ,2.52917924115,3.60001789844,91.45,0.0,  ,  ,0.0,  ,  
2019-12-14 22:45:00,0.0,-1.14212946453,748.665575689,  ,  ,2.40001193229,5.10002535612,92.0,0.0,  ,  ,0.0,  ,  
2019-12-14 22:50:00,-0.00333333333333,-1.14543084224,748.711568976,  ,  ,2.40001193229,7.1000352997,92.0,0.0,  ,  ,0.0,  ,  
2019-12-14 22:55:00,-0.0883333333333,-1.22961612427,748.711568976,  ,  ,2.40001193229,6.6000328138,92.0,0.0,  ,  ,0.0,  ,  
2019-12-14 23:00:00,-0.1,-1.24117098948,748.711568976,  ,  ,3.14168228637,6.10003032791,92.0,0.0,  ,  ,0.0,  ,  
2019-12-14 23:05:00,-0.1,-1.24117098948,748.711568976,  ,  ,3.40001690408,6.6000328138,92.0,0.0,  ,  ,0.0,  ,  
2019-12-14 23:10:00,-0.1,-1.10605505258,748.711568976,  ,  ,3.40001690408,6.50003231662,92.9166666667,0.0,  ,  ,0.0,  ,  
2019-12-14 23:15:00,-0.148333333333,-1.14176022448,748.711568976,  ,  ,3.40001690408,6.00002983073,93.0,0.0,  ,  ,0.0,  ,  
2019-12-14 23:20:00,-0.2,-1.19299570749,748.711568976,  ,  ,3.17751579786,6.00002983073,93.0,0.0,  ,  ,0.0,  ,  
2019-12-14 23:25:00,-0.2,-1.19299570749,748.711568976,  ,  ,3.10001541254,6.10003032791,93.0,0.0,  ,  ,0.0,  ,  
2019-12-14 23:30:00,-0.2,-1.19299570749,748.682640156,  ,  ,3.24834948336,5.60002784201,93.0,0.0,  ,  ,0.0,  ,  
2019-12-14 23:35:00,-0.2,-1.19299570749,748.636562808,  ,  ,3.3000164069,5.50002734483,93.0,0.0,  ,  ,0.0,  ,  
2019-12-14 23:40:00,-0.251666666667,-1.24423128371,748.636562808,  ,  ,3.3000164069,5.30002635048,93.0,0.0,  ,  ,0.0,  ,  
2019-12-14 23:45:00,-0.3,-1.29216142326,748.636562808,  ,  ,3.3000164069,5.30002635048,93.0,0.0,  ,  ,0.0,  ,  
2019-12-14 23:50:00,-0.3,-1.29216142326,748.636562808,  ,  ,2.78084715905,3.80001889279,93.0,0.0,  ,  ,0.0,  ,  
  

    

