Time,TemperatureC,DewpointC,PressurehPa,WindDirection,WindDirectionDegrees,WindSpeedKMH,WindSpeedGustKMH,Humidity,HourlyPrecipMM,Conditions,Clouds,dailyrainMM,SoftwareType,DateUTC
                
2018-12-14 00:00:00,-1.1,-2.085499719,1011.51192843,  ,  ,0.80000397743,2.40001193229,93.0,0.0,  ,  ,0.0,  ,  
2018-12-14 00:05:00,-1.1,-2.085499719,1011.6,  ,  ,0.720836917164,1.9000094464,93.0,0.0,  ,  ,0.0,  ,  
2018-12-14 00:10:00,-1.1,-2.085499719,1011.6,  ,  ,0.600002983073,2.30001143511,93.0,0.0,  ,  ,0.0,  ,  
2018-12-14 00:15:00,-1.1,-2.085499719,1011.65596421,  ,  ,0.600002983073,1.9000094464,93.0,0.0,  ,  ,0.0,  ,  
2018-12-14 00:20:00,-1.1,-2.18823863786,1011.7,  ,  ,0.600002983073,2.40001193229,92.2958333333,0.0,  ,  ,0.0,  ,  
2018-12-14 00:25:00,-1.1,-2.23160826195,1011.7,  ,  ,0.600002983073,2.30001143511,92.0,0.0,  ,  ,0.0,  ,  
2018-12-14 00:30:00,-1.1,-2.24201085532,1011.75598609,  ,  ,0.600002983073,4.10002038433,91.9291666667,0.0,  ,  ,0.0,  ,  
2018-12-14 00:35:00,-1.1,-2.34458003149,1011.8,  ,  ,0.877087694006,4.50002237305,91.2333333333,0.0,  ,  ,0.0,  ,  
2018-12-14 00:40:00,-1.10333333333,-2.38242696535,1011.8,  ,  ,1.30000646332,3.60001789844,91.0,0.0,  ,  ,0.0,  ,  
2018-12-14 00:45:00,-1.13041666667,-2.40921826992,1011.8,  ,  ,1.41875705372,6.50003231662,91.0,0.0,  ,  ,0.0,  ,  
2018-12-14 00:50:00,-1.19666666667,-2.47475406239,1011.8,  ,  ,1.60000795486,4.80002386458,91.0,0.0,  ,  ,0.0,  ,  
2018-12-14 00:55:00,-1.2,-2.478051466,1011.8,  ,  ,1.67917501513,5.50002734483,91.0,0.0,  ,  ,0.0,  ,  
2018-12-14 01:00:00,-1.2,-2.478051466,1011.8,  ,  ,1.80000894922,4.60002287023,91.0,0.0,  ,  ,0.0,  ,  
2018-12-14 01:05:00,-1.2,-2.478051466,1011.8,  ,  ,1.60209129855,4.80002386458,91.0,0.0,  ,  ,0.0,  ,  
2018-12-14 01:10:00,-1.21333333333,-2.49124108545,1011.8,  ,  ,1.30000646332,5.00002485894,91.0,0.0,  ,  ,0.0,  ,  
2018-12-14 01:15:00,-1.27375,-2.50174614529,1011.85598398,  ,  ,1.41875705372,3.3000164069,91.3333333333,0.0,  ,  ,0.0,  ,  
2018-12-14 01:20:00,-1.3,-2.49273082768,1011.9,  ,  ,1.60000795486,3.3000164069,91.5708333333,0.0,  ,  ,0.0,  ,  
2018-12-14 01:25:00,-1.3,-2.42970052159,1011.9,  ,  ,1.32292324393,4.30002137869,92.0,0.0,  ,  ,0.0,  ,  
2018-12-14 01:30:00,-1.3,-2.42970052159,1012.01192843,  ,  ,0.900004474609,3.60001789844,92.0,0.0,  ,  ,0.0,  ,  
2018-12-14 01:35:00,-1.3,-2.42970052159,1012.1,  ,  ,0.979171534876,3.40001690408,92.0,0.0,  ,  ,0.0,  ,  
2018-12-14 01:40:00,-1.34708333333,-2.47633497397,1012.1,  ,  ,1.10000546897,4.30002137869,92.0,0.0,  ,  ,0.0,  ,  
2018-12-14 01:45:00,-1.4,-2.52874725207,1012.1,  ,  ,1.3770901799,5.30002635048,92.0,0.0,  ,  ,0.0,  ,  
2018-12-14 01:50:00,-1.4,-2.52874725207,1012.1,  ,  ,1.80000894922,4.80002386458,92.0,0.0,  ,  ,0.0,  ,  
2018-12-14 01:55:00,-1.42375,-2.53702745479,1012.1,  ,  ,1.80000894922,4.30002137869,92.1041666667,0.0,  ,  ,0.0,  ,  
2018-12-14 02:00:00,-1.5,-2.48217724678,1012.1,  ,  ,1.80000894922,3.10001541254,93.0,0.0,  ,  ,0.0,  ,  
2018-12-14 02:05:00,-1.51041666667,-2.49250746537,1012.1,  ,  ,1.52292423829,5.00002485894,93.0,0.0,  ,  ,0.0,  ,  
2018-12-14 02:10:00,-1.58666666667,-2.56812478083,1012.1,  ,  ,1.10000546897,2.60001292665,93.0,0.0,  ,  ,0.0,  ,  
2018-12-14 02:15:00,-1.6,-2.58134750166,1012.15596421,  ,  ,1.10000546897,3.80001889279,93.0,0.0,  ,  ,0.0,  ,  
2018-12-14 02:20:00,-1.6,-2.58134750166,1012.2,  ,  ,1.10000546897,3.3000164069,93.0,0.0,  ,  ,0.0,  ,  
2018-12-14 02:25:00,-1.6,-2.58134750166,1012.2,  ,  ,1.10000546897,2.60001292665,93.0,0.0,  ,  ,0.0,  ,  
2018-12-14 02:30:00,-1.6,-2.58134750166,1012.31195598,  ,  ,1.10000546897,4.30002137869,93.0,0.0,  ,  ,0.0,  ,  
2018-12-14 02:35:00,-1.6,-2.51332298111,1012.4,  ,  ,1.10000546897,2.90001441819,93.4708333333,0.0,  ,  ,0.0,  ,  
2018-12-14 02:40:00,-1.68375,-2.52038898902,1012.4,  ,  ,1.10000546897,3.60001789844,94.0,0.0,  ,  ,0.0,  ,  
2018-12-14 02:45:00,-1.7,-2.53652398997,1012.4,  ,  ,1.0208384087,2.30001143511,94.0,0.0,  ,  ,0.0,  ,  
2018-12-14 02:50:00,-1.71,-2.48864509149,1012.4,  ,  ,0.900004474609,2.80001392101,94.4041666667,0.0,  ,  ,0.0,  ,  
2018-12-14 02:55:00,-1.79041666667,-2.48376575709,1012.4,  ,  ,0.781253884209,1.80000894922,95.0,0.0,  ,  ,0.0,  ,  
2018-12-14 03:00:00,-1.8,-2.49329284263,1012.4,  ,  ,0.600002983073,3.40001690408,95.0,0.0,  ,  ,0.0,  ,  
2018-12-14 03:05:00,-1.8,-2.49329284263,1012.4,  ,  ,0.797920633739,3.40001690408,95.0,0.0,  ,  ,0.0,  ,  
2018-12-14 03:10:00,-1.8,-2.49329284263,1012.4,  ,  ,1.10000546897,2.10001044075,95.0,0.0,  ,  ,0.0,  ,  
2018-12-14 03:15:00,-1.8,-2.49329284263,1012.45596421,  ,  ,0.981254878567,2.90001441819,95.0,0.0,  ,  ,0.0,  ,  
2018-12-14 03:20:00,-1.8,-2.49329284263,1012.5,  ,  ,0.80000397743,2.90001441819,95.0,0.0,  ,  ,0.0,  ,  
2018-12-14 03:25:00,-1.86708333333,-2.49808085395,1012.5,  ,  ,0.80000397743,1.9000094464,95.4375,0.0,  ,  ,0.0,  ,  
2018-12-14 03:30:00,-1.89666666667,-2.44830622206,1012.5,  ,  ,0.80000397743,2.40001193229,96.0,0.0,  ,  ,0.0,  ,  
2018-12-14 03:35:00,-1.9,-2.45162397771,1012.5,  ,  ,0.80000397743,2.60001292665,96.0,0.0,  ,  ,0.0,  ,  
2018-12-14 03:40:00,-1.9,-2.45162397771,1012.5,  ,  ,0.80000397743,2.40001193229,96.0,0.0,  ,  ,0.0,  ,  
2018-12-14 03:45:00,-1.9,-2.45162397771,1012.55598609,  ,  ,0.720836917164,1.4000069605,96.0,0.0,  ,  ,0.0,  ,  
2018-12-14 03:50:00,-1.9,-2.45162397771,1012.6,  ,  ,0.600002983073,2.40001193229,96.0,0.0,  ,  ,0.0,  ,  
2018-12-14 03:55:00,-1.9,-2.45162397771,1012.6,  ,  ,0.600002983073,2.90001441819,96.0,0.0,  ,  ,0.0,  ,  
2018-12-14 04:00:00,-1.9,-2.45162397771,1012.6,  ,  ,0.600002983073,1.60000795486,96.0,0.0,  ,  ,0.0,  ,  
2018-12-14 04:05:00,-1.9,-2.45162397771,1012.6,  ,  ,0.679170043339,1.9000094464,96.0,0.0,  ,  ,0.0,  ,  
2018-12-14 04:10:00,-1.9,-2.45162397771,1012.6,  ,  ,0.80000397743,1.4000069605,96.0,0.0,  ,  ,0.0,  ,  
2018-12-14 04:15:00,-1.9,-2.45162397771,1012.65598609,  ,  ,0.483335736364,2.90001441819,96.0,0.0,  ,  ,0.0,  ,  
2018-12-14 04:20:00,-1.9,-2.51788720067,1012.7,  ,  ,0.0,2.60001292665,95.5291666667,0.0,  ,  ,0.0,  ,  
2018-12-14 04:25:00,-1.9,-2.59270604484,1012.7,  ,  ,0.316668241066,2.90001441819,95.0,0.0,  ,  ,0.0,  ,  
2018-12-14 04:30:00,-1.9,-2.59270604484,1012.64406359,  ,  ,0.80000397743,2.90001441819,95.0,0.0,  ,  ,0.0,  ,  
2018-12-14 04:35:00,-1.9,-2.59270604484,1012.6,  ,  ,0.80000397743,2.30001143511,95.0,0.0,  ,  ,0.0,  ,  
2018-12-14 04:40:00,-1.9,-2.59270604484,1012.6,  ,  ,0.80000397743,2.60001292665,95.0,0.0,  ,  ,0.0,  ,  
2018-12-14 04:45:00,-1.9,-2.59270604484,1012.6,  ,  ,0.720836917164,1.4000069605,95.0,0.0,  ,  ,0.0,  ,  
2018-12-14 04:50:00,-1.9,-2.59270604484,1012.6,  ,  ,0.600002983073,3.80001889279,95.0,0.0,  ,  ,0.0,  ,  
2018-12-14 04:55:00,-1.9,-2.59270604484,1012.6,  ,  ,0.718753573473,2.90001441819,95.0,0.0,  ,  ,0.0,  ,  
2018-12-14 05:00:00,-1.9,-2.59270604484,1012.65598609,  ,  ,0.900004474609,2.60001292665,95.0,0.0,  ,  ,0.0,  ,  
2018-12-14 05:05:00,-1.9,-2.59270604484,1012.7,  ,  ,0.781253884209,2.80001392101,95.0,0.0,  ,  ,0.0,  ,  
2018-12-14 05:10:00,-1.92,-2.61258871501,1012.7,  ,  ,0.600002983073,2.40001193229,95.0,0.0,  ,  ,0.0,  ,  
2018-12-14 05:15:00,-1.92333333333,-2.57815996451,1012.5882,  ,  ,0.600002983073,2.80001392101,95.2666666667,0.0,  ,  ,0.0,  ,  
2018-12-14 05:20:00,-1.97708333333,-2.55585496933,1012.5,  ,  ,0.600002983073,1.80000894922,95.8041666667,0.0,  ,  ,0.0,  ,  
2018-12-14 05:25:00,-2.0,-2.55115674927,1012.5,  ,  ,0.600002983073,2.80001392101,96.0,0.0,  ,  ,0.0,  ,  
2018-12-14 05:30:00,-2.0,-2.55115674927,1012.61214393,  ,  ,0.600002983073,2.30001143511,96.0,0.0,  ,  ,0.0,  ,  
2018-12-14 05:35:00,-1.99666666667,-2.55251688464,1012.7,  ,  ,0.600002983073,2.60001292665,95.9666666667,0.0,  ,  ,0.0,  ,  
2018-12-14 05:40:00,-2.0,-2.63616534924,1012.7,  ,  ,0.600002983073,2.80001392101,95.3958333333,0.0,  ,  ,0.0,  ,  
2018-12-14 05:45:00,-1.98,-2.66692612385,1012.7,  ,  ,0.679170043339,2.30001143511,95.0375,0.0,  ,  ,0.0,  ,  
2018-12-14 05:50:00,-1.97333333333,-2.61375928853,1012.7,  ,  ,0.80000397743,2.40001193229,95.3666666667,0.0,  ,  ,0.0,  ,  
2018-12-14 05:55:00,-1.92958333333,-2.61326198508,1012.7,  ,  ,0.839587507564,3.3000164069,95.0625,0.0,  ,  ,0.0,  ,  
2018-12-14 06:00:00,-1.92666666667,-2.54323925779,1012.64403579,  ,  ,0.900004474609,2.90001441819,95.5375,0.0,  ,  ,0.0,  ,  
2018-12-14 06:05:00,-1.90333333333,-2.45494173358,1012.6,  ,  ,0.781253884209,2.80001392101,96.0,0.0,  ,  ,0.0,  ,  
2018-12-14 06:10:00,-1.94041666667,-2.49185178244,1012.6,  ,  ,0.600002983073,2.40001193229,96.0,0.0,  ,  ,0.0,  ,  
2018-12-14 06:15:00,-1.99666666667,-2.54783898704,1012.65598609,  ,  ,0.600002983073,2.60001292665,96.0,0.0,  ,  ,0.0,  ,  
2018-12-14 06:20:00,-2.0,-2.55115674927,1012.7,  ,  ,0.600002983073,3.10001541254,96.0,0.0,  ,  ,0.0,  ,  
2018-12-14 06:25:00,-2.0,-2.55115674927,1012.7,  ,  ,0.679170043339,1.30000646332,96.0,0.0,  ,  ,0.0,  ,  
2018-12-14 06:30:00,-2.0,-2.55115674927,1012.7,  ,  ,0.80000397743,2.30001143511,96.0,0.0,  ,  ,0.0,  ,  
2018-12-14 06:35:00,-2.0,-2.55115674927,1012.7,  ,  ,0.483335736364,2.80001392101,96.0,0.0,  ,  ,0.0,  ,  
2018-12-14 06:40:00,-2.0,-2.55115674927,1012.7,  ,  ,0.0,1.80000894922,96.0,0.0,  ,  ,0.0,  ,  
2018-12-14 06:45:00,-2.0,-2.55115674927,1012.64401602,  ,  ,0.3562517712,3.80001889279,96.0,0.0,  ,  ,0.0,  ,  
2018-12-14 06:50:00,-1.99666666667,-2.54783898704,1012.6,  ,  ,0.900004474609,3.3000164069,96.0,0.0,  ,  ,0.0,  ,  
2018-12-14 06:55:00,-1.91958333333,-2.47111579659,1012.6,  ,  ,0.860420944476,2.80001392101,96.0,0.0,  ,  ,0.0,  ,  
2018-12-14 07:00:00,-1.9,-2.45162397771,1012.54401391,  ,  ,0.80000397743,2.10001044075,96.0,0.0,  ,  ,0.0,  ,  
2018-12-14 07:05:00,-1.9,-2.45162397771,1012.5,  ,  ,0.80000397743,3.3000164069,96.0,0.0,  ,  ,0.0,  ,  
2018-12-14 07:10:00,-1.9,-2.45162397771,1012.5,  ,  ,0.80000397743,1.60000795486,96.0,0.0,  ,  ,0.0,  ,  
2018-12-14 07:15:00,-1.9,-2.45162397771,1012.55596421,  ,  ,0.80000397743,2.80001392101,96.0,0.0,  ,  ,0.0,  ,  
2018-12-14 07:20:00,-1.9,-2.45162397771,1012.6,  ,  ,0.80000397743,2.40001193229,96.0,0.0,  ,  ,0.0,  ,  
2018-12-14 07:25:00,-1.9,-2.45162397771,1012.6,  ,  ,0.80000397743,3.10001541254,96.0,0.0,  ,  ,0.0,  ,  
2018-12-14 07:30:00,-1.9,-2.45162397771,1012.65596421,  ,  ,0.80000397743,2.40001193229,96.0,0.0,  ,  ,0.0,  ,  
2018-12-14 07:35:00,-1.9,-2.45162397771,1012.7,  ,  ,0.80000397743,2.90001441819,96.0,0.0,  ,  ,0.0,  ,  
2018-12-14 07:40:00,-1.9,-2.45162397771,1012.7,  ,  ,0.80000397743,1.30000646332,96.0,0.0,  ,  ,0.0,  ,  
2018-12-14 07:45:00,-1.9,-2.45162397771,1012.7,  ,  ,0.720836917164,2.30001143511,96.0,0.0,  ,  ,0.0,  ,  
2018-12-14 07:50:00,-1.9,-2.45162397771,1012.7,  ,  ,0.600002983073,2.60001292665,96.0,0.0,  ,  ,0.0,  ,  
2018-12-14 07:55:00,-1.9,-2.45162397771,1012.7,  ,  ,0.600002983073,1.30000646332,96.0,0.0,  ,  ,0.0,  ,  
2018-12-14 08:00:00,-1.9,-2.45162397771,1012.75598398,  ,  ,0.600002983073,1.9000094464,96.0,0.0,  ,  ,0.0,  ,  
2018-12-14 08:05:00,-1.9,-2.45162397771,1012.8,  ,  ,0.362501802273,2.10001044075,96.0,0.0,  ,  ,0.0,  ,  
2018-12-14 08:10:00,-1.9,-2.45162397771,1012.8,  ,  ,0.0,2.30001143511,96.0,0.0,  ,  ,0.0,  ,  
2018-12-14 08:15:00,-1.9,-2.45162397771,1012.85604177,  ,  ,0.2375011808,2.30001143511,96.0,0.0,  ,  ,0.0,  ,  
2018-12-14 08:20:00,-1.9,-2.45162397771,1012.9,  ,  ,0.600002983073,1.80000894922,96.0,0.0,  ,  ,0.0,  ,  
2018-12-14 08:25:00,-1.9,-2.56969100206,1012.9,  ,  ,0.600002983073,2.40001193229,95.1625,0.0,  ,  ,0.0,  ,  
2018-12-14 08:30:00,-1.9,-2.54023538819,1012.9,  ,  ,0.600002983073,3.3000164069,95.3708333333,0.0,  ,  ,0.0,  ,  
2018-12-14 08:35:00,-1.9,-2.45162397771,1012.9,  ,  ,0.600002983073,1.4000069605,96.0,0.0,  ,  ,0.0,  ,  
2018-12-14 08:40:00,-1.9,-2.45162397771,1012.9,  ,  ,0.600002983073,2.30001143511,96.0,0.0,  ,  ,0.0,  ,  
2018-12-14 08:45:00,-1.9,-2.45162397771,1012.95596421,  ,  ,0.679170043339,2.60001292665,96.0,0.0,  ,  ,0.0,  ,  
2018-12-14 08:50:00,-1.9,-2.45162397771,1013.0,  ,  ,0.80000397743,5.00002485894,96.0,0.0,  ,  ,0.0,  ,  
2018-12-14 08:55:00,-1.9,-2.45162397771,1013.0,  ,  ,0.839587507564,1.9000094464,96.0,0.0,  ,  ,0.0,  ,  
2018-12-14 09:00:00,-1.9,-2.45162397771,1013.0,  ,  ,0.900004474609,2.90001441819,96.0,0.0,  ,  ,0.0,  ,  
2018-12-14 09:05:00,-1.9,-2.57440919798,1013.0,  ,  ,0.900004474609,2.80001392101,95.1291666667,0.0,  ,  ,0.0,  ,  
2018-12-14 09:10:00,-1.9,-2.59270604484,1013.0,  ,  ,0.900004474609,3.80001889279,95.0,0.0,  ,  ,0.0,  ,  
2018-12-14 09:15:00,-1.9,-2.59270604484,1013.11192843,  ,  ,0.900004474609,3.3000164069,95.0,0.0,  ,  ,0.0,  ,  
2018-12-14 09:20:00,-1.9,-2.59270604484,1013.2,  ,  ,0.900004474609,3.3000164069,95.0,0.0,  ,  ,0.0,  ,  
2018-12-14 09:25:00,-1.9,-2.59270604484,1013.2,  ,  ,0.900004474609,3.3000164069,95.0,0.0,  ,  ,0.0,  ,  
2018-12-14 09:30:00,-1.9,-2.59270604484,1013.25598398,  ,  ,0.900004474609,3.10001541254,95.0,0.0,  ,  ,0.0,  ,  
2018-12-14 09:35:00,-1.9,-2.59270604484,1013.3,  ,  ,1.09792212528,4.80002386458,95.0,0.0,  ,  ,0.0,  ,  
2018-12-14 09:40:00,-1.9,-2.59270604484,1013.3,  ,  ,1.4000069605,3.40001690408,95.0,0.0,  ,  ,0.0,  ,  
2018-12-14 09:45:00,-1.92708333333,-2.61963049641,1013.35598609,  ,  ,1.20208930984,3.60001789844,95.0,0.0,  ,  ,0.0,  ,  
2018-12-14 09:50:00,-1.99333333333,-2.68549192373,1013.4,  ,  ,0.900004474609,2.10001044075,95.0,0.0,  ,  ,0.0,  ,  
2018-12-14 09:55:00,-2.03375,-2.72567159002,1013.4,  ,  ,0.979171534876,3.60001789844,95.0,0.0,  ,  ,0.0,  ,  
2018-12-14 10:00:00,-2.1,-2.79153319239,1013.45596421,  ,  ,1.10000546897,3.3000164069,95.0,0.0,  ,  ,0.0,  ,  
2018-12-14 10:05:00,-2.1,-2.79153319239,1013.5,  ,  ,1.0208384087,2.90001441819,95.0,0.0,  ,  ,0.0,  ,  
2018-12-14 10:10:00,-2.1,-2.92477142353,1013.5,  ,  ,0.900004474609,3.60001789844,94.0625,0.0,  ,  ,0.0,  ,  
2018-12-14 10:15:00,-2.1,-2.93369572721,1013.5,  ,  ,1.05833859514,3.60001789844,94.0,0.0,  ,  ,0.0,  ,  
2018-12-14 10:20:00,-2.1,-2.93369572721,1013.5,  ,  ,1.30000646332,2.80001392101,94.0,0.0,  ,  ,0.0,  ,  
2018-12-14 10:25:00,-2.1,-2.93369572721,1013.5,  ,  ,1.10208881266,3.80001889279,94.0,0.0,  ,  ,0.0,  ,  
2018-12-14 10:30:00,-2.1,-3.00587790931,1013.61187283,  ,  ,0.80000397743,2.60001292665,93.4958333333,0.0,  ,  ,0.0,  ,  
2018-12-14 10:35:00,-2.09666666667,-2.95421047465,1013.7,  ,  ,0.720836917164,1.4000069605,93.8333333333,0.0,  ,  ,0.0,  ,  
2018-12-14 10:40:00,-2.09666666667,-3.07389827471,1013.7,  ,  ,0.600002983073,2.60001292665,93.0,0.0,  ,  ,0.0,  ,  
2018-12-14 10:45:00,-2.09,-3.0672867979,1013.7,  ,  ,0.679170043339,3.3000164069,93.0,0.0,  ,  ,0.0,  ,  
2018-12-14 10:50:00,-2.09333333333,-3.07059253611,1013.7,  ,  ,0.80000397743,3.10001541254,93.0,0.0,  ,  ,0.0,  ,  
2018-12-14 10:55:00,-2.1,-3.07720401369,1013.7,  ,  ,0.91875456783,3.40001690408,93.0,0.0,  ,  ,0.0,  ,  
2018-12-14 11:00:00,-2.1,-3.07720401369,1013.7561255,  ,  ,1.10000546897,2.30001143511,93.0,0.0,  ,  ,0.0,  ,  
2018-12-14 11:05:00,-2.1,-3.07720401369,1013.8,  ,  ,1.0208384087,3.10001541254,93.0,0.0,  ,  ,0.0,  ,  
2018-12-14 11:10:00,-2.1,-3.07720401369,1013.8,  ,  ,0.900004474609,3.80001889279,93.0,0.0,  ,  ,0.0,  ,  
2018-12-14 11:15:00,-2.1,-3.07720401369,1013.8,  ,  ,1.05833859514,3.40001690408,93.0,0.0,  ,  ,0.0,  ,  
2018-12-14 11:20:00,-2.1,-3.07720401369,1013.8,  ,  ,1.30000646332,2.80001392101,93.0,0.0,  ,  ,0.0,  ,  
2018-12-14 11:25:00,-2.11,-3.08712123297,1013.8,  ,  ,1.14167234279,2.80001392101,93.0,0.0,  ,  ,0.0,  ,  
2018-12-14 11:30:00,-2.12375,-3.10075741519,1013.74403579,  ,  ,0.900004474609,3.80001889279,93.0,0.0,  ,  ,0.0,  ,  
2018-12-14 11:35:00,-2.16666666667,-3.14331887486,1013.7,  ,  ,0.979171534876,2.90001441819,93.0,0.0,  ,  ,0.0,  ,  
2018-12-14 11:40:00,-2.13958333333,-3.11645969379,1013.7,  ,  ,1.10000546897,2.90001441819,93.0,0.0,  ,  ,0.0,  ,  
2018-12-14 11:45:00,-2.18708333333,-3.16356658213,1013.75598609,  ,  ,1.0208384087,2.90001441819,93.0,0.0,  ,  ,0.0,  ,  
2018-12-14 11:50:00,-2.2,-3.17637636364,1013.8,  ,  ,0.900004474609,3.3000164069,93.0,0.0,  ,  ,0.0,  ,  
2018-12-14 11:55:00,-2.19333333333,-3.16976486278,1013.8,  ,  ,0.979171534876,3.3000164069,93.0,0.0,  ,  ,0.0,  ,  
2018-12-14 12:00:00,-2.2,-3.17637636364,1013.8,  ,  ,1.10000546897,2.60001292665,93.0,0.0,  ,  ,0.0,  ,  
2018-12-14 12:05:00,-2.2,-3.17637636364,1013.8,  ,  ,0.981254878567,2.40001193229,93.0,0.0,  ,  ,0.0,  ,  
2018-12-14 12:10:00,-2.2,-3.17637636364,1013.8,  ,  ,0.80000397743,2.90001441819,93.0,0.0,  ,  ,0.0,  ,  
2018-12-14 12:15:00,-2.2,-3.17637636364,1013.74399399,  ,  ,0.839587507564,3.80001889279,93.0,0.0,  ,  ,0.0,  ,  
2018-12-14 12:20:00,-2.2,-3.17637636364,1013.7,  ,  ,0.900004474609,3.90001938997,93.0,0.0,  ,  ,0.0,  ,  
2018-12-14 12:25:00,-2.21333333333,-3.18959937002,1013.7,  ,  ,1.05833859514,3.40001690408,93.0,0.0,  ,  ,0.0,  ,  
2018-12-14 12:30:00,-2.2,-3.17637636364,1013.7,  ,  ,1.30000646332,2.90001441819,93.0,0.0,  ,  ,0.0,  ,  
2018-12-14 12:35:00,-2.2,-3.17637636364,1013.7,  ,  ,1.10208881266,3.10001541254,93.0,0.0,  ,  ,0.0,  ,  
2018-12-14 12:40:00,-2.20333333333,-3.17968211465,1013.7,  ,  ,0.80000397743,2.40001193229,93.0,0.0,  ,  ,0.0,  ,  
2018-12-14 12:45:00,-2.2,-3.17637636364,1013.64403579,  ,  ,0.80000397743,3.60001789844,93.0,0.0,  ,  ,0.0,  ,  
2018-12-14 12:50:00,-2.21,-3.18629361784,1013.6,  ,  ,0.80000397743,2.80001392101,93.0,0.0,  ,  ,0.0,  ,  
2018-12-14 12:55:00,-2.21333333333,-3.18959937002,1013.6,  ,  ,0.997921628097,4.30002137869,93.0,0.0,  ,  ,0.0,  ,  
2018-12-14 13:00:00,-2.20333333333,-3.17968211465,1013.54401391,  ,  ,1.30000646332,2.10001044075,93.0,0.0,  ,  ,0.0,  ,  
2018-12-14 13:05:00,-2.21666666667,-3.19290512258,1013.5,  ,  ,1.14167234279,3.60001789844,93.0,0.0,  ,  ,0.0,  ,  
2018-12-14 13:10:00,-2.26666666667,-3.2424914576,1013.5,  ,  ,0.900004474609,3.60001789844,93.0,0.0,  ,  ,0.0,  ,  
2018-12-14 13:15:00,-2.22333333333,-3.15098109323,1013.55596421,  ,  ,0.979171534876,2.60001292665,93.3375,0.0,  ,  ,0.0,  ,  
2018-12-14 13:20:00,-2.29375,-3.24058730556,1013.6,  ,  ,1.10000546897,3.80001889279,93.2,0.0,  ,  ,0.0,  ,  
2018-12-14 13:25:00,-2.31375,-3.17447778659,1013.6,  ,  ,1.3770901799,5.10002535612,93.8,0.0,  ,  ,0.0,  ,  
2018-12-14 13:30:00,-2.31333333333,-3.14552260507,1013.6,  ,  ,1.80000894922,3.3000164069,94.0,0.0,  ,  ,0.0,  ,  
2018-12-14 13:35:00,-2.38,-3.21171878279,1013.6,  ,  ,1.60209129855,4.30002137869,94.0,0.0,  ,  ,0.0,  ,  
2018-12-14 13:40:00,-2.38666666667,-3.21833840785,1013.6,  ,  ,1.30000646332,3.80001889279,94.0,0.0,  ,  ,0.0,  ,  
2018-12-14 13:45:00,-2.4,-3.23157766195,1013.65600601,  ,  ,1.41875705372,4.50002237305,94.0,0.0,  ,  ,0.0,  ,  
2018-12-14 13:50:00,-2.4,-3.23157766195,1013.7,  ,  ,1.60000795486,4.60002287023,94.0,0.0,  ,  ,0.0,  ,  
2018-12-14 13:55:00,-2.4,-3.23157766195,1013.7,  ,  ,1.60000795486,4.10002038433,94.0,0.0,  ,  ,0.0,  ,  
2018-12-14 14:00:00,-2.39333333333,-3.22495803424,1013.7,  ,  ,1.60000795486,4.10002038433,94.0,0.0,  ,  ,0.0,  ,  
2018-12-14 14:05:00,-2.39666666667,-3.22826784793,1013.7,  ,  ,1.48125736446,3.40001690408,94.0,0.0,  ,  ,0.0,  ,  
2018-12-14 14:10:00,-2.38666666667,-3.21833840785,1013.7,  ,  ,1.30000646332,2.90001441819,94.0,0.0,  ,  ,0.0,  ,  
2018-12-14 14:15:00,-2.39666666667,-3.22826784793,1013.75613512,  ,  ,1.22083940306,4.10002038433,94.0,0.0,  ,  ,0.0,  ,  
2018-12-14 14:20:00,-2.38333333333,-3.22453083187,1013.8,  ,  ,1.10000546897,3.60001789844,93.9333333333,0.0,  ,  ,0.0,  ,  
2018-12-14 14:25:00,-2.37625,-3.2323581528,1013.8,  ,  ,1.0208384087,3.60001789844,93.8291666667,0.0,  ,  ,0.0,  ,  
2018-12-14 14:30:00,-2.36333333333,-3.29944414161,1013.85611332,  ,  ,0.900004474609,3.3000164069,93.2708333333,0.0,  ,  ,0.0,  ,  
2018-12-14 14:35:00,-2.31375,-3.14593633077,1013.9,  ,  ,0.979171534876,3.60001789844,94.0,0.0,  ,  ,0.0,  ,  
2018-12-14 14:40:00,-2.34291666667,-3.21295499678,1013.9,  ,  ,1.10000546897,3.80001889279,93.7333333333,0.0,  ,  ,0.0,  ,  
2018-12-14 14:45:00,-2.37375,-3.20551288549,1013.95611332,  ,  ,1.10000546897,2.90001441819,94.0,0.0,  ,  ,0.0,  ,  
2018-12-14 14:50:00,-2.38333333333,-3.21502859515,1014.0,  ,  ,1.10000546897,4.10002038433,94.0,0.0,  ,  ,0.0,  ,  
2018-12-14 14:55:00,-2.4,-3.23157766195,1014.0,  ,  ,1.17917252923,2.30001143511,94.0,0.0,  ,  ,0.0,  ,  
2018-12-14 15:00:00,-2.39666666667,-3.22826784793,1014.11225613,  ,  ,1.30000646332,1.9000094464,94.0,0.0,  ,  ,0.0,  ,  
2018-12-14 15:05:00,-2.39666666667,-3.22826784793,1014.2,  ,  ,1.10208881266,3.10001541254,94.0,0.0,  ,  ,0.0,  ,  
2018-12-14 15:10:00,-2.4,-3.23157766195,1014.2,  ,  ,0.80000397743,3.3000164069,94.0,0.0,  ,  ,0.0,  ,  
2018-12-14 15:15:00,-2.39666666667,-3.22826784793,1014.2,  ,  ,0.839587507564,3.3000164069,94.0,0.0,  ,  ,0.0,  ,  
2018-12-14 15:20:00,-2.4,-3.23157766195,1014.2,  ,  ,0.900004474609,2.80001392101,94.0,0.0,  ,  ,0.0,  ,  
2018-12-14 15:25:00,-2.4,-3.23157766195,1014.2,  ,  ,0.860420944476,2.90001441819,94.0,0.0,  ,  ,0.0,  ,  
2018-12-14 15:30:00,-2.4,-3.23157766195,1014.25611332,  ,  ,0.80000397743,2.10001044075,94.0,0.0,  ,  ,0.0,  ,  
2018-12-14 15:35:00,-2.4,-3.23157766195,1014.3,  ,  ,0.80000397743,2.80001392101,94.0,0.0,  ,  ,0.0,  ,  
2018-12-14 15:40:00,-2.4,-3.23157766195,1014.3,  ,  ,0.80000397743,2.60001292665,94.0,0.0,  ,  ,0.0,  ,  
2018-12-14 15:45:00,-2.4,-3.23157766195,1014.3,  ,  ,0.91875456783,2.40001193229,94.0,0.0,  ,  ,0.0,  ,  
2018-12-14 15:50:00,-2.4,-3.23157766195,1014.3,  ,  ,1.10000546897,3.10001541254,94.0,0.0,  ,  ,0.0,  ,  
2018-12-14 15:55:00,-2.4,-3.23157766195,1014.3,  ,  ,1.10000546897,4.50002237305,94.0,0.0,  ,  ,0.0,  ,  
2018-12-14 16:00:00,-2.4,-3.23157766195,1014.3,  ,  ,1.10000546897,1.9000094464,94.0,0.0,  ,  ,0.0,  ,  
2018-12-14 16:05:00,-2.4,-3.23157766195,1014.3,  ,  ,0.9020878183,2.90001441819,94.0,0.0,  ,  ,0.0,  ,  
2018-12-14 16:10:00,-2.42333333333,-3.25474636939,1014.3,  ,  ,0.600002983073,2.60001292665,94.0,0.0,  ,  ,0.0,  ,  
2018-12-14 16:15:00,-2.40333333333,-3.23488747631,1014.3,  ,  ,0.797920633739,2.40001193229,94.0,0.0,  ,  ,0.0,  ,  
2018-12-14 16:20:00,-2.4,-3.23157766195,1014.3,  ,  ,1.10000546897,2.40001193229,94.0,0.0,  ,  ,0.0,  ,  
2018-12-14 16:25:00,-2.4,-3.23157766195,1014.3,  ,  ,0.981254878567,2.40001193229,94.0,0.0,  ,  ,0.0,  ,  
2018-12-14 16:30:00,-2.40333333333,-3.23488747631,1014.3561342,  ,  ,0.80000397743,1.9000094464,94.0,0.0,  ,  ,0.0,  ,  
2018-12-14 16:35:00,-2.4,-3.23157766195,1014.4,  ,  ,0.483335736364,1.4000069605,94.0,0.0,  ,  ,0.0,  ,  
2018-12-14 16:40:00,-2.4,-3.23157766195,1014.4,  ,  ,0.0,2.30001143511,94.0,0.0,  ,  ,0.0,  ,  
2018-12-14 16:45:00,-2.4,-3.23157766195,1014.45611332,  ,  ,0.2375011808,3.3000164069,94.0,0.0,  ,  ,0.0,  ,  
2018-12-14 16:50:00,-2.40333333333,-3.23488747631,1014.5,  ,  ,0.600002983073,2.40001193229,94.0,0.0,  ,  ,0.0,  ,  
2018-12-14 16:55:00,-2.41,-3.24150710601,1014.5,  ,  ,0.600002983073,2.40001193229,94.0,0.0,  ,  ,0.0,  ,  
2018-12-14 17:00:00,-2.4,-3.23157766195,1014.5,  ,  ,0.600002983073,2.60001292665,94.0,0.0,  ,  ,0.0,  ,  
2018-12-14 17:05:00,-2.40041666667,-3.23199138873,1014.5,  ,  ,0.600002983073,2.30001143511,94.0,0.0,  ,  ,0.0,  ,  
2018-12-14 17:10:00,-2.44625,-3.27750136572,1014.5,  ,  ,0.600002983073,2.90001441819,94.0,0.0,  ,  ,0.0,  ,  
2018-12-14 17:15:00,-2.48708333333,-3.31804667072,1014.55611332,  ,  ,0.797920633739,4.30002137869,94.0,0.0,  ,  ,0.0,  ,  
2018-12-14 17:20:00,-2.48625,-3.31721921502,1014.6,  ,  ,1.10000546897,3.3000164069,94.0,0.0,  ,  ,0.0,  ,  
2018-12-14 17:25:00,-2.46375,-3.29487791892,1014.6,  ,  ,0.981254878567,2.40001193229,94.0,0.0,  ,  ,0.0,  ,  
2018-12-14 17:30:00,-2.49666666667,-3.32756241278,1014.6,  ,  ,0.80000397743,2.30001143511,94.0,0.0,  ,  ,0.0,  ,  
2018-12-14 17:35:00,-2.5,-3.33087223674,1014.6,  ,  ,0.720836917164,1.60000795486,94.0,0.0,  ,  ,0.0,  ,  
2018-12-14 17:40:00,-2.5,-3.33087223674,1014.6,  ,  ,0.600002983073,1.9000094464,94.0,0.0,  ,  ,0.0,  ,  
2018-12-14 17:45:00,-2.50333333333,-3.33418206104,1014.6,  ,  ,0.679170043339,3.3000164069,94.0,0.0,  ,  ,0.0,  ,  
2018-12-14 17:50:00,-2.54708333333,-3.37762353566,1014.6,  ,  ,0.80000397743,3.80001889279,94.0,0.0,  ,  ,0.0,  ,  
2018-12-14 17:55:00,-2.6,-3.43016710981,1014.6,  ,  ,0.997921628097,3.60001789844,94.0,0.0,  ,  ,0.0,  ,  
2018-12-14 18:00:00,-2.6,-3.43016710981,1014.6560915,  ,  ,1.30000646332,3.3000164069,94.0,0.0,  ,  ,0.0,  ,  
2018-12-14 18:05:00,-2.6,-3.43016710981,1014.7,  ,  ,1.22083940306,3.80001889279,94.0,0.0,  ,  ,0.0,  ,  
2018-12-14 18:10:00,-2.6,-3.43016710981,1014.7,  ,  ,1.10000546897,4.60002287023,94.0,0.0,  ,  ,0.0,  ,  
2018-12-14 18:15:00,-2.6,-3.43016710981,1014.7,  ,  ,1.17917252923,2.80001392101,94.0,0.0,  ,  ,0.0,  ,  
2018-12-14 18:20:00,-2.6,-3.49668631998,1014.7,  ,  ,1.30000646332,4.50002237305,93.5333333333,0.0,  ,  ,0.0,  ,  
2018-12-14 18:25:00,-2.6,-3.45863943912,1014.7,  ,  ,1.30000646332,5.00002485894,93.8,0.0,  ,  ,0.0,  ,  
2018-12-14 18:30:00,-2.6,-3.48240749206,1014.7,  ,  ,1.30000646332,3.60001789844,93.6333333333,0.0,  ,  ,0.0,  ,  
2018-12-14 18:35:00,-2.6,-3.46339005506,1014.7,  ,  ,1.33958999346,3.60001789844,93.7666666667,0.0,  ,  ,0.0,  ,  
2018-12-14 18:40:00,-2.6,-3.43016710981,1014.7,  ,  ,1.4000069605,3.80001889279,94.0,0.0,  ,  ,0.0,  ,  
2018-12-14 18:45:00,-2.6,-3.43550158112,1014.81222664,  ,  ,1.2812563701,5.10002535612,93.9625,0.0,  ,  ,0.0,  ,  
2018-12-14 18:50:00,-2.60375,-3.51946665306,1014.9,  ,  ,1.10000546897,3.80001889279,93.4,0.0,  ,  ,0.0,  ,  
2018-12-14 18:55:00,-2.61666666667,-3.47934071132,1014.9,  ,  ,1.17917252923,2.60001292665,93.7708333333,0.0,  ,  ,0.0,  ,  
2018-12-14 19:00:00,-2.64625,-3.47609108948,1014.84384384,  ,  ,1.30000646332,2.80001392101,94.0,0.0,  ,  ,0.0,  ,  
2018-12-14 19:05:00,-2.65708333333,-3.48684806692,1014.8,  ,  ,1.22083940306,4.50002237305,94.0,0.0,  ,  ,0.0,  ,  
2018-12-14 19:10:00,-2.7,-3.63463215261,1014.8,  ,  ,1.10000546897,4.10002038433,93.2625,0.0,  ,  ,0.0,  ,  
2018-12-14 19:15:00,-2.7,-3.67224335123,1014.74385878,  ,  ,1.29792311963,4.30002137869,93.0,0.0,  ,  ,0.0,  ,  
2018-12-14 19:20:00,-2.7,-3.67224335123,1014.7,  ,  ,1.60000795486,3.60001789844,93.0,0.0,  ,  ,0.0,  ,  
2018-12-14 19:25:00,-2.7,-3.67224335123,1014.7,  ,  ,1.52084089459,3.60001789844,93.0,0.0,  ,  ,0.0,  ,  
2018-12-14 19:30:00,-2.7,-3.67164561385,1014.81227024,  ,  ,1.4000069605,3.90001938997,93.0041666667,0.0,  ,  ,0.0,  ,  
2018-12-14 19:35:00,-2.7,-3.52946228115,1014.9,  ,  ,1.4000069605,4.10002038433,94.0,0.0,  ,  ,0.0,  ,  
2018-12-14 19:40:00,-2.7,-3.52946228115,1014.9,  ,  ,1.4000069605,3.80001889279,94.0,0.0,  ,  ,0.0,  ,  
2018-12-14 19:45:00,-2.7,-3.52946228115,1014.84391456,  ,  ,1.2812563701,3.60001789844,94.0,0.0,  ,  ,0.0,  ,  
2018-12-14 19:50:00,-2.7,-3.52946228115,1014.8,  ,  ,1.10000546897,4.50002237305,94.0,0.0,  ,  ,0.0,  ,  
2018-12-14 19:55:00,-2.74708333333,-3.57621386094,1014.8,  ,  ,1.17917252923,4.50002237305,94.0,0.0,  ,  ,0.0,  ,  
2018-12-14 20:00:00,-2.8,-3.67200731249,1014.85611332,  ,  ,1.30000646332,4.30002137869,93.6958333333,0.0,  ,  ,0.0,  ,  
2018-12-14 20:05:00,-2.8,-3.77141779632,1014.9,  ,  ,1.30000646332,3.40001690408,93.0,0.0,  ,  ,0.0,  ,  
2018-12-14 20:10:00,-2.80041666667,-3.77183102391,1014.9,  ,  ,1.30000646332,4.10002038433,93.0,0.0,  ,  ,0.0,  ,  
2018-12-14 20:15:00,-2.88333333333,-3.85406343398,1014.8439,  ,  ,1.30000646332,3.60001789844,93.0,0.0,  ,  ,0.0,  ,  
2018-12-14 20:20:00,-2.9,-3.87059259061,1014.8,  ,  ,1.30000646332,3.60001789844,93.0,0.0,  ,  ,0.0,  ,  
2018-12-14 20:25:00,-2.9,-3.87059259061,1014.8,  ,  ,1.30000646332,3.60001789844,93.0,0.0,  ,  ,0.0,  ,  
2018-12-14 20:30:00,-2.9,-3.87059259061,1014.9125187,  ,  ,1.30000646332,4.30002137869,93.0,0.0,  ,  ,0.0,  ,  
2018-12-14 20:35:00,-2.9,-3.87059259061,1015.0,  ,  ,1.41875705372,2.90001441819,93.0,0.0,  ,  ,0.0,  ,  
2018-12-14 20:40:00,-2.9,-3.87059259061,1015.0,  ,  ,1.60000795486,2.40001193229,93.0,0.0,  ,  ,0.0,  ,  
2018-12-14 20:45:00,-2.9,-3.87059259061,1015.0,  ,  ,1.28333971379,2.90001441819,93.0,0.0,  ,  ,0.0,  ,  
2018-12-14 20:50:00,-2.9,-3.87059259061,1015.0,  ,  ,0.80000397743,3.3000164069,93.0,0.0,  ,  ,0.0,  ,  
2018-12-14 20:55:00,-2.9,-3.87059259061,1015.0,  ,  ,0.839587507564,2.30001143511,93.0,0.0,  ,  ,0.0,  ,  
2018-12-14 21:00:00,-2.9,-3.87059259061,1015.05613512,  ,  ,0.900004474609,3.40001690408,93.0,0.0,  ,  ,0.0,  ,  
2018-12-14 21:05:00,-2.9,-3.87059259061,1015.1,  ,  ,0.781253884209,2.30001143511,93.0,0.0,  ,  ,0.0,  ,  
2018-12-14 21:10:00,-2.90333333333,-3.8738984231,1015.1,  ,  ,0.600002983073,2.40001193229,93.0,0.0,  ,  ,0.0,  ,  
2018-12-14 21:15:00,-2.94,-3.91026260611,1015.04388668,  ,  ,0.718753573473,3.3000164069,93.0,0.0,  ,  ,0.0,  ,  
2018-12-14 21:20:00,-2.99041666667,-3.93166928457,1015.0,  ,  ,0.900004474609,4.30002137869,93.2,0.0,  ,  ,0.0,  ,  
2018-12-14 21:25:00,-3.0,-3.9697677341,1015.0,  ,  ,1.05833859514,3.60001789844,93.0,0.0,  ,  ,0.0,  ,  
2018-12-14 21:30:00,-3.02375,-3.993321882,1015.11231231,  ,  ,1.30000646332,3.40001690408,93.0,0.0,  ,  ,0.0,  ,  
2018-12-14 21:35:00,-3.07666666667,-4.04580224727,1015.2,  ,  ,1.14167234279,1.9000094464,93.0,0.0,  ,  ,0.0,  ,  
2018-12-14 21:40:00,-3.1,-3.99229085336,1015.2,  ,  ,0.900004474609,2.40001193229,93.5375,0.0,  ,  ,0.0,  ,  
2018-12-14 21:45:00,-3.1,-3.96031965536,1015.2,  ,  ,0.860420944476,3.90001938997,93.7625,0.0,  ,  ,0.0,  ,  
2018-12-14 21:50:00,-3.1,-4.00652215442,1015.2,  ,  ,0.80000397743,3.90001938997,93.4375,0.0,  ,  ,0.0,  ,  
2018-12-14 21:55:00,-3.10708333333,-3.9336794531,1015.2,  ,  ,0.839587507564,3.10001541254,94.0,0.0,  ,  ,0.0,  ,  
2018-12-14 22:00:00,-3.19,-4.01601293235,1015.2,  ,  ,0.900004474609,3.90001938997,94.0,0.0,  ,  ,0.0,  ,  
2018-12-14 22:05:00,-3.2,-4.02594261205,1015.2,  ,  ,1.05833859514,2.30001143511,94.0,0.0,  ,  ,0.0,  ,  
2018-12-14 22:10:00,-3.22375,-4.04952561328,1015.2,  ,  ,1.30000646332,2.90001441819,94.0,0.0,  ,  ,0.0,  ,  
2018-12-14 22:15:00,-3.3,-4.05881821713,1015.25613512,  ,  ,1.30000646332,4.60002287023,94.4708333333,0.0,  ,  ,0.0,  ,  
2018-12-14 22:20:00,-3.3,-3.99852992917,1015.3,  ,  ,1.30000646332,3.10001541254,94.9,0.0,  ,  ,0.0,  ,  
2018-12-14 22:25:00,-3.3,-4.02191410617,1015.3,  ,  ,1.33958999346,3.40001690408,94.7333333333,0.0,  ,  ,0.0,  ,  
2018-12-14 22:30:00,-3.3,-3.98451688534,1015.35611332,  ,  ,1.4000069605,2.60001292665,95.0,0.0,  ,  ,0.0,  ,  
2018-12-14 22:35:00,-3.3,-3.98451688534,1015.4,  ,  ,1.20208930984,3.80001889279,95.0,0.0,  ,  ,0.0,  ,  
2018-12-14 22:40:00,-3.38708333333,-4.07109243741,1015.4,  ,  ,0.900004474609,4.10002038433,95.0,0.0,  ,  ,0.0,  ,  
2018-12-14 22:45:00,-3.45708333333,-4.14068440493,1015.4,  ,  ,1.25625624581,4.80002386458,95.0,0.0,  ,  ,0.0,  ,  
2018-12-14 22:50:00,-3.58708333333,-4.26992695237,1015.4,  ,  ,1.80000894922,3.60001789844,95.0,0.0,  ,  ,0.0,  ,  
2018-12-14 22:55:00,-3.6,-4.28276838219,1015.4,  ,  ,1.52292423829,3.3000164069,95.0,0.0,  ,  ,0.0,  ,  
2018-12-14 23:00:00,-3.6,-4.28276838219,1015.45613512,  ,  ,1.10000546897,2.80001392101,95.0,0.0,  ,  ,0.0,  ,  
2018-12-14 23:05:00,-3.6,-4.28276838219,1015.5,  ,  ,1.0208384087,1.4000069605,95.0,0.0,  ,  ,0.0,  ,  
2018-12-14 23:10:00,-3.6,-4.28276838219,1015.5,  ,  ,0.900004474609,3.90001938997,95.0,0.0,  ,  ,0.0,  ,  
2018-12-14 23:15:00,-3.6,-4.28276838219,1015.5,  ,  ,1.09792212528,3.40001690408,95.0,0.0,  ,  ,0.0,  ,  
2018-12-14 23:20:00,-3.6,-4.29732835581,1015.5,  ,  ,1.4000069605,3.60001789844,94.8958333333,0.0,  ,  ,0.0,  ,  
2018-12-14 23:25:00,-3.6,-4.42313224586,1015.5,  ,  ,1.36042343037,3.60001789844,94.0,0.0,  ,  ,0.0,  ,  
2018-12-14 23:30:00,-3.6,-4.42313224586,1015.55613512,  ,  ,1.30000646332,3.40001690408,94.0,0.0,  ,  ,0.0,  ,  
2018-12-14 23:35:00,-3.64708333333,-4.46988508962,1015.6,  ,  ,1.30000646332,3.60001789844,94.0,0.0,  ,  ,0.0,  ,  
2018-12-14 23:40:00,-3.69666666667,-4.44824750223,1015.6,  ,  ,1.30000646332,3.10001541254,94.5041666667,0.0,  ,  ,0.0,  ,  
2018-12-14 23:45:00,-3.7,-4.38218604324,1015.6,  ,  ,1.14167234279,2.10001044075,95.0,0.0,  ,  ,0.0,  ,  
2018-12-14 23:50:00,-3.7,-4.38218604324,1015.6,  ,  ,0.900004474609,1.9000094464,95.0,0.0,  ,  ,0.0,  ,  
  

    

