Time,TemperatureC,DewpointC,PressurehPa,WindDirection,WindDirectionDegrees,WindSpeedKMH,WindSpeedGustKMH,Humidity,HourlyPrecipMM,Conditions,Clouds,dailyrainMM,SoftwareType,DateUTC
                
2019-06-16 00:00:00,15.25625,14.1515524356,749.536636824,  ,  ,0.0,0.0,93.1291666667,0.0,  ,  ,0.0,  ,  
2019-06-16 00:05:00,15.30625,14.4265076754,749.536636824,  ,  ,0.0,1.60000795486,94.4958333333,0.0,  ,  ,0.0,  ,  
2019-06-16 00:10:00,15.3966666667,14.5987810218,749.536636824,  ,  ,0.0,1.10000546897,95.0,0.0,  ,  ,0.0,  ,  
2019-06-16 00:15:00,15.51875,14.7200956501,749.536636824,  ,  ,0.0,2.30001143511,95.0,0.0,  ,  ,0.0,  ,  
2019-06-16 00:20:00,15.7429166667,14.8888931658,749.536636824,  ,  ,0.0,3.40001690408,94.6708333333,0.0,  ,  ,0.0,  ,  
2019-06-16 00:25:00,15.9354166667,14.9149135199,749.536636824,  ,  ,0.0,3.10001541254,93.6708333333,0.0,  ,  ,0.0,  ,  
2019-06-16 00:30:00,16.0933333333,14.959743322,749.536636824,  ,  ,0.492502448606,2.90001441819,93.0,0.0,  ,  ,0.0,  ,  
2019-06-16 00:35:00,16.1595833333,15.0254027444,749.536636824,  ,  ,0.600002983073,2.80001392101,93.0,0.0,  ,  ,0.0,  ,  
2019-06-16 00:40:00,16.2,15.0654590464,749.536636824,  ,  ,0.600002983073,1.60000795486,93.0,0.0,  ,  ,0.0,  ,  
2019-06-16 00:45:00,16.2,15.03195704,749.536636824,  ,  ,0.600002983073,1.4000069605,92.8,0.0,  ,  ,0.0,  ,  
2019-06-16 00:50:00,16.2,14.931772342,749.536636824,  ,  ,0.107500534467,1.80000894922,92.2041666667,0.0,  ,  ,0.0,  ,  
2019-06-16 00:55:00,16.2,14.8973127019,749.536636824,  ,  ,0.0,2.30001143511,92.0,0.0,  ,  ,0.0,  ,  
2019-06-16 01:00:00,16.2,14.8973127019,749.601763949,  ,  ,0.0,1.9000094464,92.0,0.0,  ,  ,0.0,  ,  
2019-06-16 01:05:00,16.2,14.8973127019,749.611642992,  ,  ,0.0,2.60001292665,92.0,0.0,  ,  ,0.0,  ,  
2019-06-16 01:10:00,16.2066666667,14.9039111337,749.611642992,  ,  ,0.0,1.9000094464,92.0,0.0,  ,  ,0.0,  ,  
2019-06-16 01:15:00,16.2,14.8973127019,749.611642992,  ,  ,0.0,1.9000094464,92.0,0.0,  ,  ,0.0,  ,  
2019-06-16 01:20:00,16.2,14.8973127019,749.611642992,  ,  ,0.0,1.60000795486,92.0,0.0,  ,  ,0.0,  ,  
2019-06-16 01:25:00,16.1370833333,14.8455906957,749.611642992,  ,  ,0.0,1.9000094464,92.0625,0.0,  ,  ,0.0,  ,  
2019-06-16 01:30:00,16.1,14.9663505664,749.611642992,  ,  ,0.0,1.4000069605,93.0,0.0,  ,  ,0.0,  ,  
2019-06-16 01:35:00,16.0041666667,14.8713712791,749.611642992,  ,  ,0.0,1.30000646332,93.0,0.0,  ,  ,0.0,  ,  
2019-06-16 01:40:00,15.88375,14.7520272856,749.611642992,  ,  ,0.0,0.80000397743,93.0,0.0,  ,  ,0.0,  ,  
2019-06-16 01:45:00,15.7970833333,14.6661323337,749.6767927,  ,  ,0.0,0.0,93.0,0.0,  ,  ,0.0,  ,  
2019-06-16 01:50:00,15.7066666667,14.7086948456,749.68664916,  ,  ,0.0,1.4000069605,93.7958333333,0.0,  ,  ,0.0,  ,  
2019-06-16 01:55:00,15.7,14.7358288501,749.68664916,  ,  ,0.0,1.4000069605,94.0,0.0,  ,  ,0.0,  ,  
2019-06-16 02:00:00,15.6204166667,14.6568498895,749.68664916,  ,  ,0.0,1.60000795486,94.0,0.0,  ,  ,0.0,  ,  
2019-06-16 02:05:00,15.6,14.6042441603,749.68664916,  ,  ,0.0,2.10001044075,93.8041666667,0.0,  ,  ,0.0,  ,  
2019-06-16 02:10:00,15.5308333333,14.4022514914,749.68664916,  ,  ,0.0,2.80001392101,93.0,0.0,  ,  ,0.0,  ,  
2019-06-16 02:15:00,15.4,14.3493296804,749.68664916,  ,  ,0.0,2.60001292665,93.4625,0.0,  ,  ,0.0,  ,  
2019-06-16 02:20:00,15.3870833333,14.4252874508,749.68664916,  ,  ,0.492502448606,2.40001193229,94.0,0.0,  ,  ,0.0,  ,  
2019-06-16 02:25:00,15.3033333333,14.3421726797,749.68664916,  ,  ,0.600002983073,2.10001044075,94.0,0.0,  ,  ,0.0,  ,  
2019-06-16 02:30:00,15.3,14.3388646248,749.62148965,  ,  ,0.107500534467,0.80000397743,94.0,0.0,  ,  ,0.0,  ,  
2019-06-16 02:35:00,15.29375,14.332662021,749.611642992,  ,  ,0.0,2.40001193229,94.0,0.0,  ,  ,0.0,  ,  
2019-06-16 02:40:00,15.2066666667,14.3330727838,749.611642992,  ,  ,0.0,2.60001292665,94.5291666667,0.0,  ,  ,0.0,  ,  
2019-06-16 02:45:00,15.2,14.4033519027,749.611642992,  ,  ,0.0,3.10001541254,95.0,0.0,  ,  ,0.0,  ,  
2019-06-16 02:50:00,15.2,14.3924837793,749.611642992,  ,  ,0.0,1.9000094464,94.9333333333,0.0,  ,  ,0.0,  ,  
2019-06-16 02:55:00,15.1070833333,14.3110195918,749.611642992,  ,  ,0.0,2.30001143511,95.0,0.0,  ,  ,0.0,  ,  
2019-06-16 03:00:00,15.0970833333,14.3010824694,749.611642992,  ,  ,0.0,1.60000795486,95.0,0.0,  ,  ,0.0,  ,  
2019-06-16 03:05:00,15.0233333333,14.227796115,749.611642992,  ,  ,0.0,0.80000397743,95.0,0.0,  ,  ,0.0,  ,  
2019-06-16 03:10:00,15.0,14.2046094438,749.611642992,  ,  ,0.0,2.10001044075,95.0,0.0,  ,  ,0.0,  ,  
2019-06-16 03:15:00,14.9966666667,14.2012970611,749.611642992,  ,  ,0.0,1.80000894922,95.0,0.0,  ,  ,0.0,  ,  
2019-06-16 03:20:00,14.9104166667,14.115589063,749.611642992,  ,  ,0.0,1.9000094464,95.0,0.0,  ,  ,0.0,  ,  
2019-06-16 03:25:00,14.9,14.105237843,749.611642992,  ,  ,0.0,2.10001044075,95.0,0.0,  ,  ,0.0,  ,  
2019-06-16 03:30:00,14.84375,14.0493412088,749.676807396,  ,  ,0.0,1.4000069605,95.0,0.0,  ,  ,0.0,  ,  
2019-06-16 03:35:00,14.8,14.0058659946,749.68664916,  ,  ,0.0,2.10001044075,95.0,0.0,  ,  ,0.0,  ,  
2019-06-16 03:40:00,14.8,14.0160167009,749.68664916,  ,  ,0.0,2.40001193229,95.0625,0.0,  ,  ,0.0,  ,  
2019-06-16 03:45:00,14.8,14.0875819352,749.68664916,  ,  ,0.0,1.4000069605,95.5041666667,0.0,  ,  ,0.0,  ,  
2019-06-16 03:50:00,14.7670833333,13.9731560404,749.68664916,  ,  ,0.0,1.30000646332,95.0,0.0,  ,  ,0.0,  ,  
2019-06-16 03:55:00,14.7,13.9390655263,749.68664916,  ,  ,0.0,1.60000795486,95.2008368201,0.0,  ,  ,0.0,  ,  
2019-06-16 04:00:00,14.6104166667,13.8600027772,749.68664916,  ,  ,0.0,1.10000546897,95.2625,0.0,  ,  ,0.0,  ,  
2019-06-16 04:05:00,14.5204166667,13.8893935521,749.68664916,  ,  ,0.0,1.4000069605,96.0,0.0,  ,  ,0.0,  ,  
2019-06-16 04:10:00,14.4334728033,13.8028841148,749.68664916,  ,  ,0.0,0.600002983073,96.0,0.0,  ,  ,0.0,  ,  
2019-06-16 04:15:00,14.4,13.7695785227,749.751776285,  ,  ,0.0,1.10000546897,96.0,0.0,  ,  ,0.0,  ,  
2019-06-16 04:20:00,14.3766666667,13.7463617365,749.761655328,  ,  ,0.0,1.10000546897,96.0,0.0,  ,  ,0.0,  ,  
2019-06-16 04:25:00,14.3004166667,13.6704925209,749.761655328,  ,  ,0.0,1.10000546897,96.0,0.0,  ,  ,0.0,  ,  
2019-06-16 04:30:00,14.23375,13.6041586864,749.891909578,  ,  ,0.0,0.80000397743,96.0,0.0,  ,  ,0.0,  ,  
2019-06-16 04:35:00,14.2829166667,13.6530798978,749.911667664,  ,  ,0.0,1.60000795486,96.0,0.0,  ,  ,0.0,  ,  
2019-06-16 04:40:00,14.2966666667,13.666761245,749.911667664,  ,  ,0.0,1.30000646332,96.0,0.0,  ,  ,0.0,  ,  
2019-06-16 04:45:00,14.29375,13.6638591414,749.911667664,  ,  ,0.0,0.0,96.0,0.0,  ,  ,0.0,  ,  
2019-06-16 04:50:00,14.25625,13.6265463654,749.911667664,  ,  ,0.0,0.0,96.0,0.0,  ,  ,0.0,  ,  
2019-06-16 04:55:00,14.240167364,13.6105440157,749.911667664,  ,  ,0.0,0.0,96.0,0.0,  ,  ,0.0,  ,  
2019-06-16 05:00:00,14.2,13.5705771493,749.976762436,  ,  ,0.0,0.0,96.0,0.0,  ,  ,0.0,  ,  
2019-06-16 05:05:00,14.2,13.5705771493,749.986673832,  ,  ,0.0,0.0,96.0,0.0,  ,  ,0.0,  ,  
2019-06-16 05:10:00,14.2,13.5705771493,749.986673832,  ,  ,0.0,0.0,96.0,0.0,  ,  ,0.0,  ,  
2019-06-16 05:15:00,14.2,13.5705771493,749.856354811,  ,  ,0.0,0.0,96.0,0.0,  ,  ,0.0,  ,  
2019-06-16 05:20:00,14.2,13.5705771493,749.836661496,  ,  ,0.0,0.0,96.0,0.0,  ,  ,0.0,  ,  
2019-06-16 05:25:00,14.2,13.4748575021,749.836661496,  ,  ,0.0,0.0,95.4041666667,0.0,  ,  ,0.0,  ,  
2019-06-16 05:30:00,14.2,13.409629706,749.836661496,  ,  ,0.0,0.0,95.0,0.0,  ,  ,0.0,  ,  
2019-06-16 05:35:00,14.22625,13.5049841569,749.836661496,  ,  ,0.0,0.80000397743,95.4291666667,0.0,  ,  ,0.0,  ,  
2019-06-16 05:40:00,14.2866666667,13.5825058126,749.836661496,  ,  ,0.0,0.0,95.5375,0.0,  ,  ,0.0,  ,  
2019-06-16 05:45:00,14.3,13.5090030396,749.836661496,  ,  ,0.0,0.80000397743,95.0,0.0,  ,  ,0.0,  ,  
2019-06-16 05:50:00,14.3,13.5090030396,749.836661496,  ,  ,0.0,0.80000397743,95.0,0.0,  ,  ,0.0,  ,  
2019-06-16 05:55:00,14.3,13.5090030396,749.836661496,  ,  ,0.0,1.80000894922,95.0,0.0,  ,  ,0.0,  ,  
2019-06-16 06:00:00,14.3,13.5090030396,749.901788621,  ,  ,0.0,0.0,95.0,0.0,  ,  ,0.0,  ,  
2019-06-16 06:05:00,14.3,13.5090030396,749.911667664,  ,  ,0.0,1.10000546897,95.0,0.0,  ,  ,0.0,  ,  
2019-06-16 06:10:00,14.3665271967,13.5751131956,749.911667664,  ,  ,0.0,1.4000069605,95.0,0.0,  ,  ,0.0,  ,  
2019-06-16 06:15:00,14.3833333333,13.5918139619,750.04185855,  ,  ,0.0,1.60000795486,95.0,0.0,  ,  ,0.0,  ,  
2019-06-16 06:20:00,14.31375,13.5226668536,750.06168,  ,  ,0.0,2.10001044075,95.0,0.0,  ,  ,0.0,  ,  
2019-06-16 06:25:00,14.28375,13.4550615938,750.06168,  ,  ,0.0,2.10001044075,94.7666666667,0.0,  ,  ,0.0,  ,  
2019-06-16 06:30:00,14.2266666667,13.4361292858,750.191936079,  ,  ,0.0,2.10001044075,95.0,0.0,  ,  ,0.0,  ,  
2019-06-16 06:35:00,14.2066666667,13.4162546026,750.211692336,  ,  ,0.0,2.30001143511,95.0,0.0,  ,  ,0.0,  ,  
2019-06-16 06:40:00,14.2395833333,13.4489650135,750.211692336,  ,  ,0.492502448606,2.10001044075,95.0,0.0,  ,  ,0.0,  ,  
2019-06-16 06:45:00,14.29,13.4990657174,750.276824369,  ,  ,0.600002983073,2.40001193229,95.0,0.0,  ,  ,0.0,  ,  
2019-06-16 06:50:00,14.3033333333,13.5021987033,750.286698504,  ,  ,0.600002983073,3.10001541254,94.9375,0.0,  ,  ,0.0,  ,  
2019-06-16 06:55:00,14.31,13.3618014868,750.286698504,  ,  ,0.600002983073,1.4000069605,94.0333333333,0.0,  ,  ,0.0,  ,  
2019-06-16 07:00:00,14.3,13.3464331989,750.286698504,  ,  ,0.600002983073,1.80000894922,94.0,0.0,  ,  ,0.0,  ,  
2019-06-16 07:05:00,14.3029166667,13.4734266732,750.286698504,  ,  ,0.600002983073,1.60000795486,94.7625,0.0,  ,  ,0.0,  ,  
2019-06-16 07:10:00,14.3933333333,13.5970274641,750.286698504,  ,  ,0.107500534467,2.60001292665,94.9708333333,0.0,  ,  ,0.0,  ,  
2019-06-16 07:15:00,14.4,13.4722192268,750.351825629,  ,  ,0.0,2.10001044075,94.1625,0.0,  ,  ,0.0,  ,  
2019-06-16 07:20:00,14.4,13.5867700872,750.361704672,  ,  ,0.0,1.30000646332,94.8666666667,0.0,  ,  ,0.0,  ,  
2019-06-16 07:25:00,14.4,13.5217916943,750.361704672,  ,  ,0.0,1.60000795486,94.4666666667,0.0,  ,  ,0.0,  ,  
2019-06-16 07:30:00,14.41,13.6135890012,750.491894215,  ,  ,0.0,1.30000646332,94.9708333333,0.0,  ,  ,0.0,  ,  
2019-06-16 07:35:00,14.4895833333,13.6649556152,750.511717008,  ,  ,0.0,1.80000894922,94.8,0.0,  ,  ,0.0,  ,  
2019-06-16 07:40:00,14.54,13.6282018648,750.511717008,  ,  ,0.0,1.4000069605,94.2666666667,0.0,  ,  ,0.0,  ,  
2019-06-16 07:45:00,14.5929166667,13.6371359905,750.511717008,  ,  ,0.0,2.30001143511,94.0,0.0,  ,  ,0.0,  ,  
2019-06-16 07:50:00,14.5833333333,13.6276251289,750.511717008,  ,  ,0.492502448606,1.9000094464,94.0,0.0,  ,  ,0.0,  ,  
2019-06-16 07:55:00,14.61625,13.6657498748,750.511717008,  ,  ,0.600002983073,1.9000094464,94.0333333333,0.0,  ,  ,0.0,  ,  
2019-06-16 08:00:00,14.6966666667,13.723709587,750.576844133,  ,  ,0.107500534467,2.60001292665,93.9,0.0,  ,  ,0.0,  ,  
2019-06-16 08:05:00,14.7595833333,13.7539813681,750.586723176,  ,  ,0.0,0.900004474609,93.7041666667,0.0,  ,  ,0.0,  ,  
2019-06-16 08:10:00,14.8,13.6889397602,750.586723176,  ,  ,0.492502448606,2.30001143511,93.0666666667,0.0,  ,  ,0.0,  ,  
2019-06-16 08:15:00,14.8,13.6779085811,750.716912719,  ,  ,0.600002983073,1.4000069605,93.0,0.0,  ,  ,0.0,  ,  
2019-06-16 08:20:00,14.8,13.6392447294,750.736735512,  ,  ,0.107500534467,1.4000069605,92.7666666667,0.0,  ,  ,0.0,  ,  
2019-06-16 08:25:00,14.8,13.6779085811,750.736735512,  ,  ,0.0,1.60000795486,93.0,0.0,  ,  ,0.0,  ,  
2019-06-16 08:30:00,14.8595833333,13.7369634613,750.736735512,  ,  ,0.0,0.600002983073,93.0,0.0,  ,  ,0.0,  ,  
2019-06-16 08:35:00,15.0291666667,13.7948421247,750.736735512,  ,  ,0.0,1.4000069605,92.3375,0.0,  ,  ,0.0,  ,  
2019-06-16 08:40:00,15.1695833333,13.7772838785,750.736735512,  ,  ,0.0,0.80000397743,91.4041666667,0.0,  ,  ,0.0,  ,  
2019-06-16 08:45:00,15.2395833333,13.8064183845,750.671602528,  ,  ,0.0,1.10000546897,91.1666666667,0.0,  ,  ,0.0,  ,  
2019-06-16 08:50:00,15.3229166667,13.8605986469,750.661729344,  ,  ,0.0,1.30000646332,91.0,0.0,  ,  ,0.0,  ,  
2019-06-16 08:55:00,15.3733333333,13.9104341851,750.661729344,  ,  ,0.0,1.4000069605,91.0,0.0,  ,  ,0.0,  ,  
2019-06-16 09:00:00,15.38,13.9170239997,750.661729344,  ,  ,0.0,1.60000795486,91.0,0.0,  ,  ,0.0,  ,  
2019-06-16 09:05:00,15.4,13.9367934316,750.661729344,  ,  ,0.0,1.60000795486,91.0,0.0,  ,  ,0.0,  ,  
2019-06-16 09:10:00,15.4,13.9367934316,750.661729344,  ,  ,0.0,1.60000795486,91.0,0.0,  ,  ,0.0,  ,  
2019-06-16 09:15:00,15.4033333333,13.9400883351,750.726856469,  ,  ,0.0,1.30000646332,91.0,0.0,  ,  ,0.0,  ,  
2019-06-16 09:20:00,15.4,13.9367934316,750.736735512,  ,  ,0.0,1.60000795486,91.0,0.0,  ,  ,0.0,  ,  
2019-06-16 09:25:00,15.4,13.9480902091,750.736735512,  ,  ,0.0,1.9000094464,91.0666666667,0.0,  ,  ,0.0,  ,  
2019-06-16 09:30:00,15.3204166667,13.8743541459,750.866925055,  ,  ,0.0,1.80000894922,91.0958333333,0.0,  ,  ,0.0,  ,  
2019-06-16 09:35:00,15.3,13.928046926,750.886747848,  ,  ,0.0,0.0,91.5333333333,0.0,  ,  ,0.0,  ,  
2019-06-16 09:40:00,15.27375,13.9413470683,750.886747848,  ,  ,0.0,2.10001044075,91.7666666667,0.0,  ,  ,0.0,  ,  
2019-06-16 09:45:00,15.19375,13.9842554796,750.886747848,  ,  ,0.0,3.40001690408,92.4958333333,0.0,  ,  ,0.0,  ,  
2019-06-16 09:50:00,14.9908333333,13.8670489493,750.886747848,  ,  ,0.738753672908,3.10001541254,93.0,0.0,  ,  ,0.0,  ,  
2019-06-16 09:55:00,14.8470833333,13.8503781351,750.886747848,  ,  ,0.900004474609,1.80000894922,93.7625,0.0,  ,  ,0.0,  ,  
2019-06-16 10:00:00,14.76,13.7372638795,751.017002098,  ,  ,0.653753250306,2.60001292665,93.6,0.0,  ,  ,0.0,  ,  
2019-06-16 10:05:00,14.79,13.8279454849,751.036760184,  ,  ,0.600002983073,1.80000894922,93.9708333333,0.0,  ,  ,0.0,  ,  
2019-06-16 10:10:00,14.7004166667,13.6829583318,751.036760184,  ,  ,0.600002983073,1.30000646332,93.6291666667,0.0,  ,  ,0.0,  ,  
2019-06-16 10:15:00,14.7,13.6832300606,751.036760184,  ,  ,0.600002983073,1.10000546897,93.6333333333,0.0,  ,  ,0.0,  ,  
2019-06-16 10:20:00,14.7629166667,13.7627666658,751.036760184,  ,  ,0.107500534467,1.10000546897,93.7375,0.0,  ,  ,0.0,  ,  
2019-06-16 10:25:00,14.7966666667,13.6746048079,751.036760184,  ,  ,0.0,1.10000546897,93.0,0.0,  ,  ,0.0,  ,  
2019-06-16 10:30:00,14.79,13.6679972604,751.101887309,  ,  ,0.0,2.30001143511,93.0,0.0,  ,  ,0.0,  ,  
2019-06-16 10:35:00,14.77375,13.6574066716,751.111766352,  ,  ,0.0,0.900004474609,93.0333333333,0.0,  ,  ,0.0,  ,  
2019-06-16 10:40:00,14.7929166667,13.7314705143,751.111766352,  ,  ,0.0,1.80000894922,93.3666666667,0.0,  ,  ,0.0,  ,  
2019-06-16 10:45:00,14.8,13.7329952498,751.176899336,  ,  ,0.0,1.4000069605,93.3333333333,0.0,  ,  ,0.0,  ,  
2019-06-16 10:50:00,14.84625,13.723748394,751.18677252,  ,  ,0.0,1.4000069605,93.0,0.0,  ,  ,0.0,  ,  
2019-06-16 10:55:00,14.9,13.7603793738,751.18677252,  ,  ,0.0,1.80000894922,92.89958159,0.0,  ,  ,0.0,  ,  
2019-06-16 11:00:00,14.9295833333,13.746177271,751.251867963,  ,  ,0.0,1.10000546897,92.6375,0.0,  ,  ,0.0,  ,  
2019-06-16 11:05:00,15.0825,13.7912254441,751.261778688,  ,  ,0.0,1.10000546897,92.0,0.0,  ,  ,0.0,  ,  
2019-06-16 11:10:00,15.2525,13.8592898328,751.261778688,  ,  ,0.0,1.30000646332,91.4041666667,0.0,  ,  ,0.0,  ,  
2019-06-16 11:15:00,15.4491666667,13.9011122924,751.326905813,  ,  ,0.0,0.0,90.5041666667,0.0,  ,  ,0.0,  ,  
2019-06-16 11:20:00,15.5666666667,14.0448708316,751.336784856,  ,  ,0.0,0.0,90.6666666667,0.0,  ,  ,0.0,  ,  
2019-06-16 11:25:00,15.67625,14.1190235201,751.336784856,  ,  ,0.0,0.0,90.4666666667,0.0,  ,  ,0.0,  ,  
2019-06-16 11:30:00,15.7995833333,14.0805953642,751.271690084,  ,  ,0.0,0.80000397743,89.5333333333,0.0,  ,  ,0.0,  ,  
2019-06-16 11:35:00,15.83625,14.0541131534,751.261778688,  ,  ,0.0,1.80000894922,89.1708333333,0.0,  ,  ,0.0,  ,  
2019-06-16 11:40:00,15.8466666667,14.0347777289,751.261778688,  ,  ,0.0,1.30000646332,89.0,0.0,  ,  ,0.0,  ,  
2019-06-16 11:45:00,15.9291666667,14.1961928223,751.261778688,  ,  ,0.0,1.10000546897,89.4625,0.0,  ,  ,0.0,  ,  
2019-06-16 11:50:00,16.11625,14.3186164425,751.261778688,  ,  ,0.0,1.30000646332,89.1041666667,0.0,  ,  ,0.0,  ,  
2019-06-16 11:55:00,16.25625,14.4385234093,751.261778688,  ,  ,0.0,1.30000646332,89.0,0.0,  ,  ,0.0,  ,  
2019-06-16 12:00:00,16.36625,14.4720532111,751.261778688,  ,  ,0.0,1.10000546897,88.5708333333,0.0,  ,  ,0.0,  ,  
2019-06-16 12:05:00,16.3966666667,14.5187749664,751.261778688,  ,  ,0.0,1.4000069605,88.6666666667,0.0,  ,  ,0.0,  ,  
2019-06-16 12:10:00,16.32375,14.3300975332,751.261778688,  ,  ,0.0,1.4000069605,88.0,0.0,  ,  ,0.0,  ,  
2019-06-16 12:15:00,16.3665271967,14.3722058532,751.261778688,  ,  ,0.0,1.4000069605,88.0,0.0,  ,  ,0.0,  ,  
2019-06-16 12:20:00,16.40625,14.2640728042,751.261778688,  ,  ,0.0,1.80000894922,87.1666666667,0.0,  ,  ,0.0,  ,  
2019-06-16 12:25:00,16.5725,14.4460263227,751.261778688,  ,  ,0.0,2.10001044075,87.2708333333,0.0,  ,  ,0.0,  ,  
2019-06-16 12:30:00,16.76625,14.4698800022,751.261778688,  ,  ,0.492502448606,2.30001143511,86.3375,0.0,  ,  ,0.0,  ,  
2019-06-16 12:35:00,16.9458333333,14.4777443386,751.261778688,  ,  ,0.600002983073,2.30001143511,85.4041666667,0.0,  ,  ,0.0,  ,  
2019-06-16 12:40:00,17.1058333333,14.5009678679,751.261778688,  ,  ,0.764170465941,1.80000894922,84.6708333333,0.0,  ,  ,0.0,  ,  
2019-06-16 12:45:00,17.19625,14.5276326569,751.261778688,  ,  ,0.80000397743,2.40001193229,84.3333333333,0.0,  ,  ,0.0,  ,  
2019-06-16 12:50:00,17.31625,14.5775600617,751.261778688,  ,  ,0.80000397743,3.40001690408,83.9666666667,0.0,  ,  ,0.0,  ,  
2019-06-16 12:55:00,17.56875,14.7388918797,751.261778688,  ,  ,0.80000397743,2.10001044075,83.5041666667,0.0,  ,  ,0.0,  ,  
2019-06-16 13:00:00,17.7658333333,14.7703111587,751.196646655,  ,  ,0.80000397743,1.80000894922,82.6416666667,0.0,  ,  ,0.0,  ,  
2019-06-16 13:05:00,17.9295833333,14.7141521308,751.18677252,  ,  ,0.80000397743,2.60001292665,81.5,0.0,  ,  ,0.0,  ,  
2019-06-16 13:10:00,18.14875,14.6288585448,751.18677252,  ,  ,0.80000397743,2.60001292665,79.9458333333,0.0,  ,  ,0.0,  ,  
2019-06-16 13:15:00,18.3725,14.4311081843,751.121608116,  ,  ,0.80000397743,2.80001392101,77.8333333333,0.0,  ,  ,0.0,  ,  
2019-06-16 13:20:00,18.6554166667,14.5266862665,751.111766352,  ,  ,1.04625520173,2.90001441819,76.9416666667,0.0,  ,  ,0.0,  ,  
2019-06-16 13:25:00,18.8258333333,14.7980589265,751.111766352,  ,  ,1.10000546897,2.40001193229,77.4708333333,0.0,  ,  ,0.0,  ,  
2019-06-16 13:30:00,19.0233333333,14.3002110602,751.111766352,  ,  ,0.853754244664,2.60001292665,74.1041666667,0.0,  ,  ,0.0,  ,  
2019-06-16 13:35:00,19.0929166667,14.3524563486,751.111766352,  ,  ,0.80000397743,3.80001889279,74.0333333333,0.0,  ,  ,0.0,  ,  
2019-06-16 13:40:00,19.1133333333,14.0023953685,751.111766352,  ,  ,0.80000397743,2.80001392101,72.2833333333,0.0,  ,  ,0.0,  ,  
2019-06-16 13:45:00,19.1825,13.5595170613,750.981512102,  ,  ,0.80000397743,2.10001044075,69.9333333333,0.0,  ,  ,0.0,  ,  
2019-06-16 13:50:00,19.42875,13.7804054914,750.961754016,  ,  ,0.635836494562,2.30001143511,69.8666666667,0.0,  ,  ,0.0,  ,  
2019-06-16 13:55:00,19.4708333333,13.7229683164,750.961754016,  ,  ,0.600002983073,2.30001143511,69.425,0.0,  ,  ,0.0,  ,  
2019-06-16 14:00:00,19.4,14.0733007011,750.961754016,  ,  ,0.764170465941,3.3000164069,71.3333333333,0.0,  ,  ,0.0,  ,  
2019-06-16 14:05:00,19.39,14.2859747726,750.961754016,  ,  ,0.80000397743,3.3000164069,72.3666666667,0.0,  ,  ,0.0,  ,  
2019-06-16 14:10:00,19.4033333333,14.0060005583,750.961754016,  ,  ,0.80000397743,3.3000164069,71.0083333333,0.0,  ,  ,0.0,  ,  
2019-06-16 14:15:00,19.6016666667,13.9605197,750.896659244,  ,  ,0.80000397743,1.80000894922,69.9333333333,0.0,  ,  ,0.0,  ,  
2019-06-16 14:20:00,19.975,14.6807744251,750.886747848,  ,  ,0.635836494562,2.30001143511,71.5916666667,0.0,  ,  ,0.0,  ,  
2019-06-16 14:25:00,20.2695833333,14.6381943499,750.886747848,  ,  ,0.600002983073,2.30001143511,70.1083333333,0.0,  ,  ,0.0,  ,  
2019-06-16 14:30:00,20.2804166667,14.7707539906,750.886747848,  ,  ,0.600002983073,2.80001392101,70.6625,0.0,  ,  ,0.0,  ,  
2019-06-16 14:35:00,20.0479166667,14.4021516503,750.886747848,  ,  ,0.600002983073,2.30001143511,70.0,0.0,  ,  ,0.0,  ,  
2019-06-16 14:40:00,19.85,14.4676848125,750.886747848,  ,  ,0.764170465941,2.10001044075,71.1625,0.0,  ,  ,0.0,  ,  
2019-06-16 14:45:00,19.89,14.5721357401,750.821689946,  ,  ,0.80000397743,2.10001044075,71.4666666667,0.0,  ,  ,0.0,  ,  
2019-06-16 14:50:00,19.9129166667,14.5950199156,750.81174168,  ,  ,0.80000397743,2.90001441819,71.4708333333,0.0,  ,  ,0.0,  ,  
2019-06-16 14:55:00,19.9866666667,14.6059593986,750.81174168,  ,  ,0.80000397743,2.30001143511,71.1958333333,0.0,  ,  ,0.0,  ,  
2019-06-16 15:00:00,20.2158333333,14.8429164925,750.81174168,  ,  ,0.143334045956,2.30001143511,71.275,0.0,  ,  ,0.0,  ,  
2019-06-16 15:05:00,20.2133333333,14.5105018519,750.81174168,  ,  ,0.0,2.30001143511,69.775,0.0,  ,  ,0.0,  ,  
2019-06-16 15:10:00,20.2029166667,14.3714602562,750.81174168,  ,  ,0.492502448606,2.10001044075,69.1958333333,0.0,  ,  ,0.0,  ,  
2019-06-16 15:15:00,20.4483333333,14.4124868827,750.746651834,  ,  ,0.600002983073,0.900004474609,68.3375,0.0,  ,  ,0.0,  ,  
2019-06-16 15:20:00,20.7895833333,14.0538143832,750.736735512,  ,  ,0.107500534467,2.30001143511,65.3833333333,0.0,  ,  ,0.0,  ,  
2019-06-16 15:25:00,20.8033333333,13.8798900473,750.736735512,  ,  ,0.0,2.60001292665,64.5958333333,0.0,  ,  ,0.0,  ,  
2019-06-16 15:30:00,20.8629166667,14.21371217,750.671678001,  ,  ,0.492502448606,1.30000646332,65.7666666667,0.0,  ,  ,0.0,  ,  
2019-06-16 15:35:00,20.98625,14.0222368128,750.661729344,  ,  ,0.600002983073,2.10001044075,64.4666666667,0.0,  ,  ,0.0,  ,  
2019-06-16 15:40:00,21.0529166667,14.2828807735,750.661729344,  ,  ,0.107500534467,0.900004474609,65.2958333333,0.0,  ,  ,0.0,  ,  
2019-06-16 15:45:00,21.17625,14.1641354821,750.661729344,  ,  ,0.0,1.60000795486,64.3083333333,0.0,  ,  ,0.0,  ,  
2019-06-16 15:50:00,21.09375,14.0910459124,750.661729344,  ,  ,0.0,2.30001143511,64.3291666667,0.0,  ,  ,0.0,  ,  
2019-06-16 15:55:00,21.1958333333,14.2296741071,750.661729344,  ,  ,0.0,0.900004474609,64.5041666667,0.0,  ,  ,0.0,  ,  
2019-06-16 16:00:00,21.3333333333,14.2233809415,750.596639498,  ,  ,0.0,2.80001392101,63.9375,0.0,  ,  ,0.0,  ,  
2019-06-16 16:05:00,21.1083333333,13.9994906106,750.586723176,  ,  ,0.0,1.60000795486,63.8916666667,0.0,  ,  ,0.0,  ,  
2019-06-16 16:10:00,20.6845833333,14.0268154125,750.586723176,  ,  ,0.492502448606,0.900004474609,65.6916666667,0.0,  ,  ,0.0,  ,  
2019-06-16 16:15:00,20.43125,14.0357268824,750.456608154,  ,  ,0.600002983073,1.60000795486,66.7625,0.0,  ,  ,0.0,  ,  
2019-06-16 16:20:00,20.2204166667,14.1554726556,750.43671084,  ,  ,0.107500534467,1.80000894922,68.1625,0.0,  ,  ,0.0,  ,  
2019-06-16 16:25:00,20.30875,14.4660300303,750.43671084,  ,  ,0.0,3.80001889279,69.1666666667,0.0,  ,  ,0.0,  ,  
2019-06-16 16:30:00,20.725,14.9308964212,750.371620994,  ,  ,0.492502448606,2.40001193229,69.4666666667,0.0,  ,  ,0.0,  ,  
2019-06-16 16:35:00,20.9333333333,15.0925894215,750.361704672,  ,  ,0.600002983073,3.10001541254,69.3,0.0,  ,  ,0.0,  ,  
2019-06-16 16:40:00,20.9295833333,15.2520466647,750.361704672,  ,  ,0.764170465941,1.60000795486,70.0291666667,0.0,  ,  ,0.0,  ,  
2019-06-16 16:45:00,21.17875,15.4624926268,750.426799444,  ,  ,0.80000397743,2.10001044075,69.9041666667,0.0,  ,  ,0.0,  ,  
2019-06-16 16:50:00,21.3029166667,15.3251106616,750.43671084,  ,  ,0.143334045956,1.30000646332,68.7666666667,0.0,  ,  ,0.0,  ,  
2019-06-16 16:55:00,21.36,15.545202305,750.43671084,  ,  ,0.0,1.60000795486,69.5,0.0,  ,  ,0.0,  ,  
2019-06-16 17:00:00,21.5191666667,15.4184976013,750.371615397,  ,  ,0.0,2.40001193229,68.2708333333,0.0,  ,  ,0.0,  ,  
2019-06-16 17:05:00,21.7325,15.6276271119,750.361704672,  ,  ,0.0,1.4000069605,68.2958333333,0.0,  ,  ,0.0,  ,  
2019-06-16 17:10:00,21.9654166667,15.6440645045,750.361704672,  ,  ,0.0,1.60000795486,67.4041666667,0.0,  ,  ,0.0,  ,  
2019-06-16 17:15:00,22.18,15.638967951,750.296614192,  ,  ,0.0,2.40001193229,66.5083333333,0.0,  ,  ,0.0,  ,  
2019-06-16 17:20:00,21.8025,15.1911153449,750.286698504,  ,  ,0.656669931474,3.40001690408,66.1291666667,0.0,  ,  ,0.0,  ,  
2019-06-16 17:25:00,21.5595833333,15.4016844693,750.286698504,  ,  ,0.80000397743,1.80000894922,68.0291666667,0.0,  ,  ,0.0,  ,  
2019-06-16 17:30:00,21.69625,15.4485000883,750.286698504,  ,  ,0.635836494562,2.10001044075,67.6666666667,0.0,  ,  ,0.0,  ,  
2019-06-16 17:35:00,21.7729166667,15.4066917077,750.286698504,  ,  ,0.600002983073,1.9000094464,67.1708333333,0.0,  ,  ,0.0,  ,  
2019-06-16 17:40:00,21.78375,15.3927804904,750.286698504,  ,  ,0.107500534467,1.9000094464,67.0666666667,0.0,  ,  ,0.0,  ,  
2019-06-16 17:45:00,21.6833333333,15.3127409854,750.286698504,  ,  ,0.0,2.60001292665,67.1333333333,0.0,  ,  ,0.0,  ,  
2019-06-16 17:50:00,21.6670833333,14.8920460145,750.286698504,  ,  ,0.492502448606,2.80001392101,65.4083333333,0.0,  ,  ,0.0,  ,  
2019-06-16 17:55:00,21.56,14.685306163,750.286698504,  ,  ,0.600002983073,2.30001143511,64.9666666667,0.0,  ,  ,0.0,  ,  
2019-06-16 18:00:00,21.5304166667,14.7119095173,750.221608658,  ,  ,0.846254207376,2.90001441819,65.1958333333,0.0,  ,  ,0.0,  ,  
2019-06-16 18:05:00,21.6291666667,15.0519692759,750.211692336,  ,  ,0.900004474609,2.60001292665,66.2375,0.0,  ,  ,0.0,  ,  
2019-06-16 18:10:00,21.7,14.825946131,750.211692336,  ,  ,0.653753250306,1.60000795486,65.0,0.0,  ,  ,0.0,  ,  
2019-06-16 18:15:00,21.7795833333,14.8933940115,750.276749847,  ,  ,0.600002983073,1.80000894922,64.9666666667,0.0,  ,  ,0.0,  ,  
2019-06-16 18:20:00,21.8,14.728340449,750.286698504,  ,  ,0.107500534467,0.600002983073,64.2,0.0,  ,  ,0.0,  ,  
2019-06-16 18:25:00,21.8229166667,14.3948335678,750.286698504,  ,  ,0.0,1.30000646332,62.7458333333,0.0,  ,  ,0.0,  ,  
2019-06-16 18:30:00,21.9,14.3974808438,750.221608658,  ,  ,0.0,1.80000894922,62.4625,0.0,  ,  ,0.0,  ,  
2019-06-16 18:35:00,21.9366666667,14.7189591457,750.211692336,  ,  ,0.0,2.40001193229,63.6291666667,0.0,  ,  ,0.0,  ,  
2019-06-16 18:40:00,21.8170833333,14.7917967123,750.211692336,  ,  ,0.492502448606,1.30000646332,64.3958333333,0.0,  ,  ,0.0,  ,  
2019-06-16 18:45:00,21.78,15.0120167982,750.211692336,  ,  ,0.600002983073,1.60000795486,65.4625,0.0,  ,  ,0.0,  ,  
2019-06-16 18:50:00,21.70375,15.2380211859,750.211692336,  ,  ,0.107500534467,1.30000646332,66.7291666667,0.0,  ,  ,0.0,  ,  
2019-06-16 18:55:00,21.71,15.2760499833,750.211692336,  ,  ,0.0,2.40001193229,66.8666666667,0.0,  ,  ,0.0,  ,  
2019-06-16 19:00:00,21.69,15.2958391404,750.276782182,  ,  ,0.0,2.80001392101,67.0333333333,0.0,  ,  ,0.0,  ,  
2019-06-16 19:05:00,21.6204166667,15.2218926001,750.286698504,  ,  ,0.0,2.10001044075,67.0,0.0,  ,  ,0.0,  ,  
2019-06-16 19:10:00,21.6,15.2024709955,750.286698504,  ,  ,0.0,0.900004474609,67.0,0.0,  ,  ,0.0,  ,  
2019-06-16 19:15:00,21.4545833333,15.2557113598,750.35175869,  ,  ,0.0,1.10000546897,67.8291666667,0.0,  ,  ,0.0,  ,  
2019-06-16 19:20:00,21.1975,15.3205529834,750.361704672,  ,  ,0.0,1.60000795486,69.1916666667,0.0,  ,  ,0.0,  ,  
2019-06-16 19:25:00,21.1,15.3499406734,750.361704672,  ,  ,0.0,1.60000795486,69.7375,0.0,  ,  ,0.0,  ,  
2019-06-16 19:30:00,21.1033333333,15.2090144783,750.29664677,  ,  ,0.0,2.30001143511,69.0958333333,0.0,  ,  ,0.0,  ,  
2019-06-16 19:35:00,21.05375,15.2385158502,750.286698504,  ,  ,0.0,0.900004474609,69.4375,0.0,  ,  ,0.0,  ,  
2019-06-16 19:40:00,20.8675,15.1620428302,750.286698504,  ,  ,0.0,1.80000894922,69.8916666667,0.0,  ,  ,0.0,  ,  
2019-06-16 19:45:00,20.7370833333,15.2970038416,750.35178835,  ,  ,0.0,0.0,71.0666666667,0.0,  ,  ,0.0,  ,  
2019-06-16 19:50:00,20.5745833333,14.8856089491,750.361704672,  ,  ,0.0,1.4000069605,69.9083333333,0.0,  ,  ,0.0,  ,  
2019-06-16 19:55:00,20.3141666667,14.5308263704,750.361704672,  ,  ,0.0,2.60001292665,69.4333333333,0.0,  ,  ,0.0,  ,  
2019-06-16 20:00:00,20.18,14.3206562617,750.426799444,  ,  ,0.0,1.60000795486,69.0666666667,0.0,  ,  ,0.0,  ,  
2019-06-16 20:05:00,20.1004166667,14.3033192002,750.43671084,  ,  ,0.0,2.60001292665,69.3291666667,0.0,  ,  ,0.0,  ,  
2019-06-16 20:10:00,20.05375,14.4362786745,750.43671084,  ,  ,0.0,0.600002983073,70.1291666667,0.0,  ,  ,0.0,  ,  
2019-06-16 20:15:00,19.91375,14.543310485,750.371653329,  ,  ,0.0,0.600002983073,71.2291666667,0.0,  ,  ,0.0,  ,  
2019-06-16 20:20:00,19.85375,14.7448790465,750.361704672,  ,  ,0.0,0.0,72.4291666667,0.0,  ,  ,0.0,  ,  
2019-06-16 20:25:00,19.7370833333,14.7749857477,750.361704672,  ,  ,0.0,0.0,73.0958333333,0.0,  ,  ,0.0,  ,  
2019-06-16 20:30:00,19.6370833333,14.8696985924,750.361704672,  ,  ,0.0,0.0,74.0,0.0,  ,  ,0.0,  ,  
2019-06-16 20:35:00,19.4741666667,14.8581023578,750.361704672,  ,  ,0.0,1.10000546897,74.6958333333,0.0,  ,  ,0.0,  ,  
2019-06-16 20:40:00,19.35375,14.8317994516,750.361704672,  ,  ,0.0,0.80000397743,75.1291666667,0.0,  ,  ,0.0,  ,  
2019-06-16 20:45:00,19.1708333333,14.8341686602,750.426762183,  ,  ,0.0,1.4000069605,76.0,0.0,  ,  ,0.0,  ,  
2019-06-16 20:50:00,19.0108333333,14.7465996396,750.43671084,  ,  ,0.0,0.0,76.3291666667,0.0,  ,  ,0.0,  ,  
2019-06-16 20:55:00,18.85375,14.736322288,750.43671084,  ,  ,0.0,0.600002983073,77.0291666667,0.0,  ,  ,0.0,  ,  
2019-06-16 21:00:00,18.72375,14.7915600809,750.43671084,  ,  ,0.0,0.0,77.9333333333,0.0,  ,  ,0.0,  ,  
2019-06-16 21:05:00,18.62375,14.7078726366,750.43671084,  ,  ,0.0,0.0,78.0,0.0,  ,  ,0.0,  ,  
2019-06-16 21:10:00,18.4975,14.7822999638,750.43671084,  ,  ,0.0,0.0,78.9958333333,0.0,  ,  ,0.0,  ,  
2019-06-16 21:15:00,18.3770833333,14.7559506041,750.50180132,  ,  ,0.0,0.0,79.4583333333,0.0,  ,  ,0.0,  ,  
2019-06-16 21:20:00,18.2670833333,14.8649082974,750.511717008,  ,  ,0.0,0.0,80.5708333333,0.0,  ,  ,0.0,  ,  
2019-06-16 21:25:00,18.1504166667,14.7818044351,750.511717008,  ,  ,0.0,0.0,80.7291666667,0.0,  ,  ,0.0,  ,  
2019-06-16 21:30:00,17.9608333333,14.6491228448,750.511717008,  ,  ,0.0,0.0,81.0,0.0,  ,  ,0.0,  ,  
2019-06-16 21:35:00,17.7675,14.5362960857,750.511717008,  ,  ,0.0,0.0,81.3958333333,0.0,  ,  ,0.0,  ,  
2019-06-16 21:40:00,17.5579166667,14.5711475305,750.511717008,  ,  ,0.0,0.0,82.6625,0.0,  ,  ,0.0,  ,  
2019-06-16 21:45:00,17.3075,14.4632891774,750.446627162,  ,  ,0.0,0.0,83.3958333333,0.0,  ,  ,0.0,  ,  
2019-06-16 21:50:00,17.025,14.4263499382,750.43671084,  ,  ,0.0,0.0,84.6958333333,0.0,  ,  ,0.0,  ,  
2019-06-16 21:55:00,16.5420833333,14.1757032488,750.43671084,  ,  ,0.0,0.0,85.925,0.0,  ,  ,0.0,  ,  
2019-06-16 22:00:00,16.1183333333,14.0391610419,750.43671084,  ,  ,0.0,0.0,87.4958333333,0.0,  ,  ,0.0,  ,  
2019-06-16 22:05:00,15.78125,13.8594258192,750.43671084,  ,  ,0.0,0.0,88.3625,0.0,  ,  ,0.0,  ,  
2019-06-16 22:10:00,15.4879166667,13.6811332133,750.43671084,  ,  ,0.0,0.0,89.0,0.0,  ,  ,0.0,  ,  
2019-06-16 22:15:00,15.2141666667,13.5480927998,750.306595818,  ,  ,0.0,0.0,89.7958333333,0.0,  ,  ,0.0,  ,  
2019-06-16 22:20:00,14.9775,13.3493960854,750.286698504,  ,  ,0.0,0.0,90.0,0.0,  ,  ,0.0,  ,  
2019-06-16 22:25:00,14.8204166667,13.2000083108,750.286698504,  ,  ,0.0,0.0,90.0333333333,0.0,  ,  ,0.0,  ,  
2019-06-16 22:30:00,14.7241666667,13.2399138681,750.286698504,  ,  ,0.0,0.0,90.8291666667,0.0,  ,  ,0.0,  ,  
2019-06-16 22:35:00,14.5008333333,13.0479748756,750.286698504,  ,  ,0.0,0.0,91.0,0.0,  ,  ,0.0,  ,  
2019-06-16 22:40:00,14.36375,12.9956311874,750.286698504,  ,  ,0.0,0.0,91.4958333333,0.0,  ,  ,0.0,  ,  
2019-06-16 22:45:00,14.2141666667,12.9317256865,750.351756015,  ,  ,0.0,0.0,92.0,0.0,  ,  ,0.0,  ,  
2019-06-16 22:50:00,14.06375,12.815339469,750.361704672,  ,  ,0.0,0.0,92.1958333333,0.0,  ,  ,0.0,  ,  
2019-06-16 22:55:00,13.9104166667,12.7962003612,750.361704672,  ,  ,0.0,0.0,93.0,0.0,  ,  ,0.0,  ,  
2019-06-16 23:00:00,13.8204166667,12.7069955561,750.491884363,  ,  ,0.0,0.0,93.0,0.0,  ,  ,0.0,  ,  
2019-06-16 23:05:00,13.7170833333,12.7129587551,750.511717008,  ,  ,0.0,0.0,93.6625,0.0,  ,  ,0.0,  ,  
2019-06-16 23:10:00,13.61375,12.665359888,750.511717008,  ,  ,0.0,0.0,94.0,0.0,  ,  ,0.0,  ,  
2019-06-16 23:15:00,13.4941666667,12.5202852993,750.511717008,  ,  ,0.0,0.0,93.8375,0.0,  ,  ,0.0,  ,  
2019-06-16 23:20:00,13.4,12.2902897368,750.511717008,  ,  ,0.0,0.0,93.0,0.0,  ,  ,0.0,  ,  
2019-06-16 23:25:00,13.3770833333,12.4027546075,750.511717008,  ,  ,0.0,0.0,93.8291666667,0.0,  ,  ,0.0,  ,  
2019-06-16 23:30:00,13.3,12.3539719681,750.511717008,  ,  ,0.0,0.0,94.0,0.0,  ,  ,0.0,  ,  
2019-06-16 23:35:00,13.2704166667,12.3246112028,750.511717008,  ,  ,0.0,0.0,94.0,0.0,  ,  ,0.0,  ,  
2019-06-16 23:40:00,13.19375,12.2485212107,750.511717008,  ,  ,0.0,0.0,94.0,0.0,  ,  ,0.0,  ,  
2019-06-16 23:45:00,13.1,12.112956379,750.576807488,  ,  ,0.0,0.0,93.7375,0.0,  ,  ,0.0,  ,  
2019-06-16 23:50:00,13.0008333333,11.9211370143,750.586723176,  ,  ,0.0,0.0,93.1625,0.0,  ,  ,0.0,  ,  
  

    

