Time,TemperatureC,DewpointC,PressurehPa,WindDirection,WindDirectionDegrees,WindSpeedKMH,WindSpeedGustKMH,Humidity,HourlyPrecipMM,Conditions,Clouds,dailyrainMM,SoftwareType,DateUTC
                
2019-11-16 00:00:00,1.4,0.244409842923,759.587463336,  ,  ,0.5175025729,1.4000069605,92.0,0.0,  ,  ,0.0,  ,  
2019-11-16 00:05:00,1.4,0.244409842923,759.587463336,  ,  ,0.600002983073,1.4000069605,92.0,0.0,  ,  ,0.0,  ,  
2019-11-16 00:10:00,1.4,0.244409842923,759.587463336,  ,  ,0.600002983073,2.10001044075,92.0,0.0,  ,  ,0.0,  ,  
2019-11-16 00:15:00,1.4,0.244409842923,759.539061442,  ,  ,0.600002983073,0.900004474609,92.0,0.0,  ,  ,0.0,  ,  
2019-11-16 00:20:00,1.4,0.244409842923,759.512457168,  ,  ,0.0825004101725,2.10001044075,92.0,0.0,  ,  ,0.0,  ,  
2019-11-16 00:25:00,1.37958333333,0.224190041896,759.512457168,  ,  ,0.0,2.10001044075,92.0,0.0,  ,  ,0.0,  ,  
2019-11-16 00:30:00,1.30333333333,0.148675127241,759.464031218,  ,  ,0.0,1.4000069605,92.0,0.0,  ,  ,0.0,  ,  
2019-11-16 00:35:00,1.3,0.145373923476,759.437451,  ,  ,0.0,1.4000069605,92.0,0.0,  ,  ,0.0,  ,  
2019-11-16 00:40:00,1.28625,0.146726451586,759.437451,  ,  ,0.0,1.60000795486,92.1,0.0,  ,  ,0.0,  ,  
2019-11-16 00:45:00,1.20333333333,0.0695818457577,759.437451,  ,  ,0.0,1.4000069605,92.1333333333,0.0,  ,  ,0.0,  ,  
2019-11-16 00:50:00,1.2,0.0818423833515,759.437451,  ,  ,0.0,1.30000646332,92.2375,0.0,  ,  ,0.0,  ,  
2019-11-16 00:55:00,1.2,0.170561289221,759.437451,  ,  ,0.0,1.60000795486,92.8333333333,0.0,  ,  ,0.0,  ,  
2019-11-16 01:00:00,1.2,0.145176000915,759.485840865,  ,  ,0.0,1.30000646332,92.6625,0.0,  ,  ,0.0,  ,  
2019-11-16 01:05:00,1.2,0.0463376036518,759.512457168,  ,  ,0.0,2.30001143511,92.0,0.0,  ,  ,0.0,  ,  
2019-11-16 01:10:00,1.18333333333,0.114399513163,759.512457168,  ,  ,0.0,0.80000397743,92.5666666667,0.0,  ,  ,0.0,  ,  
2019-11-16 01:15:00,1.10291666667,-0.0498105398772,759.512457168,  ,  ,0.0,1.30000646332,92.0,0.0,  ,  ,0.0,  ,  
2019-11-16 01:20:00,1.09666666667,0.0835616483385,759.512457168,  ,  ,0.0,1.30000646332,92.9375,0.0,  ,  ,0.0,  ,  
2019-11-16 01:25:00,1.00962343096,0.00650837121204,759.512457168,  ,  ,0.0,1.30000646332,93.0,0.0,  ,  ,0.0,  ,  
2019-11-16 01:30:00,0.91625,-0.0860821057301,759.512457168,  ,  ,0.0,1.30000646332,93.0,0.0,  ,  ,0.0,  ,  
2019-11-16 01:35:00,0.9,-0.102195877479,759.512457168,  ,  ,0.0,1.60000795486,93.0,0.0,  ,  ,0.0,  ,  
2019-11-16 01:40:00,0.85625,-0.145579154932,759.512457168,  ,  ,0.0,1.30000646332,93.0,0.0,  ,  ,0.0,  ,  
2019-11-16 01:45:00,0.8,-0.201357752708,759.512457168,  ,  ,0.0,1.80000894922,93.0,0.0,  ,  ,0.0,  ,  
2019-11-16 01:50:00,0.772916666667,-0.212834967854,759.512457168,  ,  ,0.0,1.60000795486,93.1041666667,0.0,  ,  ,0.0,  ,  
2019-11-16 01:55:00,0.7,-0.153593780079,759.512457168,  ,  ,0.0,1.4000069605,94.0,0.0,  ,  ,0.0,  ,  
2019-11-16 02:00:00,0.7,-0.153593780079,759.415605267,  ,  ,0.0,1.30000646332,94.0,0.0,  ,  ,0.0,  ,  
2019-11-16 02:05:00,0.629583333333,-0.223507168157,759.362444832,  ,  ,0.0,1.4000069605,94.0,0.0,  ,  ,0.0,  ,  
2019-11-16 02:10:00,0.552916666667,-0.299626054686,759.362444832,  ,  ,0.0,0.0,94.0,0.0,  ,  ,0.0,  ,  
2019-11-16 02:15:00,0.45625,-0.395602291902,759.362444832,  ,  ,0.0,0.0,94.0,0.0,  ,  ,0.0,  ,  
2019-11-16 02:20:00,0.4,-0.382923146127,759.362444832,  ,  ,0.0,2.30001143511,94.4708333333,0.0,  ,  ,0.0,  ,  
2019-11-16 02:25:00,0.4,-0.306265061617,759.362444832,  ,  ,0.0,0.0,95.0,0.0,  ,  ,0.0,  ,  
2019-11-16 02:30:00,0.4,-0.330368515159,759.314018882,  ,  ,0.5175025729,1.4000069605,94.8333333333,0.0,  ,  ,0.0,  ,  
2019-11-16 02:35:00,0.39,-0.316205825764,759.287438664,  ,  ,0.600002983073,0.600002983073,95.0,0.0,  ,  ,0.0,  ,  
2019-11-16 02:40:00,0.30625,-0.399459822725,759.287438664,  ,  ,0.0825004101725,1.60000795486,95.0,0.0,  ,  ,0.0,  ,  
2019-11-16 02:45:00,0.3,-0.405672814539,759.287438664,  ,  ,0.0,1.60000795486,95.0,0.0,  ,  ,0.0,  ,  
2019-11-16 02:50:00,0.3,-0.405672814539,759.287438664,  ,  ,0.0,1.80000894922,95.0,0.0,  ,  ,0.0,  ,  
2019-11-16 02:55:00,0.279583333333,-0.425968594541,759.287438664,  ,  ,0.0,0.80000397743,95.0,0.0,  ,  ,0.0,  ,  
2019-11-16 03:00:00,0.203333333333,-0.501767211135,759.287438664,  ,  ,0.0,1.80000894922,95.0,0.0,  ,  ,0.0,  ,  
2019-11-16 03:05:00,0.2,-0.505080815146,759.287438664,  ,  ,0.0,1.60000795486,95.0,0.0,  ,  ,0.0,  ,  
2019-11-16 03:10:00,0.196666666667,-0.508394419432,759.287438664,  ,  ,0.0,1.60000795486,95.0,0.0,  ,  ,0.0,  ,  
2019-11-16 03:15:00,0.132916666667,-0.562157773529,759.287438664,  ,  ,0.0,1.10000546897,95.0666666667,0.0,  ,  ,0.0,  ,  
2019-11-16 03:20:00,0.1,-0.60448906344,759.287438664,  ,  ,0.0,1.4000069605,95.0,0.0,  ,  ,0.0,  ,  
2019-11-16 03:25:00,0.1,-0.60448906344,759.287438664,  ,  ,0.0,2.30001143511,95.0,0.0,  ,  ,0.0,  ,  
2019-11-16 03:30:00,0.1,-0.60448906344,759.190560355,  ,  ,0.5175025729,1.60000795486,95.0,0.0,  ,  ,0.0,  ,  
2019-11-16 03:35:00,0.1,-0.512867772697,759.137426328,  ,  ,0.600002983073,1.80000894922,95.6375,0.0,  ,  ,0.0,  ,  
2019-11-16 03:40:00,0.1,-0.595482580481,759.137426328,  ,  ,0.600002983073,1.60000795486,95.0625,0.0,  ,  ,0.0,  ,  
2019-11-16 03:45:00,0.1,-0.546339516283,759.04062254,  ,  ,0.600002983073,1.80000894922,95.4041666667,0.0,  ,  ,0.0,  ,  
2019-11-16 03:50:00,0.1,-0.461010019176,758.987413992,  ,  ,0.600002983073,2.10001044075,96.0,0.0,  ,  ,0.0,  ,  
2019-11-16 03:55:00,0.1,-0.461010019176,758.987413992,  ,  ,0.600002983073,2.10001044075,96.0,0.0,  ,  ,0.0,  ,  
2019-11-16 04:00:00,0.1,-0.461010019176,758.938988042,  ,  ,0.0825004101725,2.30001143511,96.0,0.0,  ,  ,0.0,  ,  
2019-11-16 04:05:00,0.107083333333,-0.453960068454,758.912407824,  ,  ,0.0,1.9000094464,96.0,0.0,  ,  ,0.0,  ,  
2019-11-16 04:10:00,0.196666666667,-0.364799012469,758.912407824,  ,  ,0.690003430534,2.90001441819,96.0,0.0,  ,  ,0.0,  ,  
2019-11-16 04:15:00,0.2,-0.390095101408,759.009211612,  ,  ,0.80000397743,1.30000646332,95.8,0.0,  ,  ,0.0,  ,  
2019-11-16 04:20:00,0.2,-0.37578165134,759.06242016,  ,  ,0.627503119797,1.4000069605,95.9,0.0,  ,  ,0.0,  ,  
2019-11-16 04:25:00,0.2,-0.42354460646,759.06242016,  ,  ,0.600002983073,1.80000894922,95.5666666667,0.0,  ,  ,0.0,  ,  
2019-11-16 04:30:00,0.2,-0.433713211974,759.014006064,  ,  ,0.0825004101725,2.10001044075,95.4958333333,0.0,  ,  ,0.0,  ,  
2019-11-16 04:35:00,0.2,-0.466057795542,758.987413992,  ,  ,0.0,2.10001044075,95.2708333333,0.0,  ,  ,0.0,  ,  
2019-11-16 04:40:00,0.2,-0.37578165134,758.987413992,  ,  ,0.690003430534,3.10001541254,95.9,0.0,  ,  ,0.0,  ,  
2019-11-16 04:45:00,0.2,-0.361481394839,758.987413992,  ,  ,0.80000397743,1.80000894922,96.0,0.0,  ,  ,0.0,  ,  
2019-11-16 04:50:00,0.2,-0.361481394839,758.987413992,  ,  ,0.627503119797,1.60000795486,96.0,0.0,  ,  ,0.0,  ,  
2019-11-16 04:55:00,0.2,-0.404421771111,758.987413992,  ,  ,0.600002983073,1.4000069605,95.7,0.0,  ,  ,0.0,  ,  
2019-11-16 05:00:00,0.2,-0.361481394839,758.939012098,  ,  ,0.0825004101725,1.60000795486,96.0,0.0,  ,  ,0.0,  ,  
2019-11-16 05:05:00,0.2,-0.361481394839,758.912407824,  ,  ,0.0,1.80000894922,96.0,0.0,  ,  ,0.0,  ,  
2019-11-16 05:10:00,0.2,-0.361481394839,758.912407824,  ,  ,0.5175025729,2.30001143511,96.0,0.0,  ,  ,0.0,  ,  
2019-11-16 05:15:00,0.233333333333,-0.328305230611,758.912407824,  ,  ,0.600002983073,1.9000094464,96.0,0.0,  ,  ,0.0,  ,  
2019-11-16 05:20:00,0.270416666667,-0.291396773692,758.912407824,  ,  ,0.600002983073,1.9000094464,96.0,0.0,  ,  ,0.0,  ,  
2019-11-16 05:25:00,0.3,-0.261952967982,758.912407824,  ,  ,0.600002983073,1.80000894922,96.0,0.0,  ,  ,0.0,  ,  
2019-11-16 05:30:00,0.3,-0.261952967982,758.863968669,  ,  ,0.772503840706,2.60001292665,96.0,0.0,  ,  ,0.0,  ,  
2019-11-16 05:35:00,0.3,-0.30014832913,758.837401656,  ,  ,0.80000397743,1.9000094464,95.7333333333,0.0,  ,  ,0.0,  ,  
2019-11-16 05:40:00,0.3,-0.304929362826,758.837401656,  ,  ,0.627503119797,1.80000894922,95.7,0.0,  ,  ,0.0,  ,  
2019-11-16 05:45:00,0.3,-0.261952967982,758.740597868,  ,  ,0.600002983073,1.9000094464,96.0,0.0,  ,  ,0.0,  ,  
2019-11-16 05:50:00,0.3,-0.261952967982,758.68738932,  ,  ,0.600002983073,1.4000069605,96.0,0.0,  ,  ,0.0,  ,  
2019-11-16 05:55:00,0.3,-0.261952967982,758.68738932,  ,  ,0.600002983073,2.60001292665,96.0,0.0,  ,  ,0.0,  ,  
2019-11-16 06:00:00,0.3,-0.261952967982,758.639000649,  ,  ,0.600002983073,1.60000795486,96.0,0.0,  ,  ,0.0,  ,  
2019-11-16 06:05:00,0.3,-0.261952967982,758.612383152,  ,  ,0.600002983073,2.60001292665,96.0,0.0,  ,  ,0.0,  ,  
2019-11-16 06:10:00,0.3,-0.261952967982,758.612383152,  ,  ,0.600002983073,1.80000894922,96.0,0.0,  ,  ,0.0,  ,  
2019-11-16 06:15:00,0.3,-0.261952967982,758.612383152,  ,  ,0.600002983073,2.40001193229,96.0,0.0,  ,  ,0.0,  ,  
2019-11-16 06:20:00,0.3,-0.261952967982,758.612383152,  ,  ,0.600002983073,0.80000397743,96.0,0.0,  ,  ,0.0,  ,  
2019-11-16 06:25:00,0.259583333333,-0.302179016725,758.612383152,  ,  ,0.600002983073,2.30001143511,96.0,0.0,  ,  ,0.0,  ,  
2019-11-16 06:30:00,0.223333333333,-0.338258077576,758.564006615,  ,  ,0.600002983073,1.10000546897,96.0,0.0,  ,  ,0.0,  ,  
2019-11-16 06:35:00,0.250416666667,-0.311302454949,758.537376984,  ,  ,0.600002983073,1.30000646332,96.0,0.0,  ,  ,0.0,  ,  
2019-11-16 06:40:00,0.3,-0.261952967982,758.537376984,  ,  ,0.0825004101725,1.60000795486,96.0,0.0,  ,  ,0.0,  ,  
2019-11-16 06:45:00,0.3,-0.261952967982,758.488988313,  ,  ,0.0,2.60001292665,96.0,0.0,  ,  ,0.0,  ,  
2019-11-16 06:50:00,0.3,-0.261952967982,758.462370816,  ,  ,0.5175025729,2.10001044075,96.0,0.0,  ,  ,0.0,  ,  
2019-11-16 06:55:00,0.3,-0.261952967982,758.462370816,  ,  ,0.600002983073,0.900004474609,96.0,0.0,  ,  ,0.0,  ,  
2019-11-16 07:00:00,0.3,-0.261952967982,758.462370816,  ,  ,0.600002983073,1.9000094464,96.0,0.0,  ,  ,0.0,  ,  
2019-11-16 07:05:00,0.377083333333,-0.185233273729,758.462370816,  ,  ,0.600002983073,2.40001193229,96.0,0.0,  ,  ,0.0,  ,  
2019-11-16 07:10:00,0.4,-0.162424738606,758.462370816,  ,  ,0.772503840706,3.40001690408,96.0,0.0,  ,  ,0.0,  ,  
2019-11-16 07:15:00,0.4,-0.162424738606,758.510722208,  ,  ,0.80000397743,2.30001143511,96.0,0.0,  ,  ,0.0,  ,  
2019-11-16 07:20:00,0.457083333333,-0.105610796208,758.537376984,  ,  ,0.627503119797,1.9000094464,96.0,0.0,  ,  ,0.0,  ,  
2019-11-16 07:25:00,0.52375,-0.0392588281525,758.537376984,  ,  ,0.600002983073,3.10001541254,96.0,0.0,  ,  ,0.0,  ,  
2019-11-16 07:30:00,0.6,0.0366311277108,758.537376984,  ,  ,0.600002983073,1.60000795486,96.0,0.0,  ,  ,0.0,  ,  
2019-11-16 07:35:00,0.6,0.0366311277108,758.537376984,  ,  ,0.600002983073,2.40001193229,96.0,0.0,  ,  ,0.0,  ,  
2019-11-16 07:40:00,0.603333333333,0.0399487187905,758.537376984,  ,  ,0.600002983073,2.10001044075,96.0,0.0,  ,  ,0.0,  ,  
2019-11-16 07:45:00,0.677083333333,0.113350365295,758.585704356,  ,  ,0.600002983073,1.9000094464,96.0,0.0,  ,  ,0.0,  ,  
2019-11-16 07:50:00,0.7,0.136158764652,758.612383152,  ,  ,0.600002983073,1.10000546897,96.0,0.0,  ,  ,0.0,  ,  
2019-11-16 07:55:00,0.7,0.136158764652,758.612383152,  ,  ,0.600002983073,2.10001044075,96.0,0.0,  ,  ,0.0,  ,  
2019-11-16 08:00:00,0.78375,0.21951300864,758.757437327,  ,  ,0.0825004101725,1.80000894922,96.0,0.0,  ,  ,0.0,  ,  
2019-11-16 08:05:00,0.8,0.235686204115,758.837401656,  ,  ,0.0,3.60001789844,96.0,0.0,  ,  ,0.0,  ,  
2019-11-16 08:10:00,0.803333333333,0.239003782029,758.837401656,  ,  ,0.690003430534,1.60000795486,96.0,0.0,  ,  ,0.0,  ,  
2019-11-16 08:15:00,0.890416666667,0.3256754273,758.837401656,  ,  ,0.80000397743,2.30001143511,96.0,0.0,  ,  ,0.0,  ,  
2019-11-16 08:20:00,0.9,0.335213446101,758.837401656,  ,  ,0.627503119797,1.4000069605,96.0,0.0,  ,  ,0.0,  ,  
2019-11-16 08:25:00,0.9,0.335213446101,758.837401656,  ,  ,0.600002983073,3.10001541254,96.0,0.0,  ,  ,0.0,  ,  
2019-11-16 08:30:00,0.98375,0.418567359316,758.837401656,  ,  ,0.772503840706,2.30001143511,96.0,0.0,  ,  ,0.0,  ,  
2019-11-16 08:35:00,1.07041666667,0.5048239993,758.837401656,  ,  ,0.80000397743,1.9000094464,96.0,0.0,  ,  ,0.0,  ,  
2019-11-16 08:40:00,1.1,0.534267337646,758.837401656,  ,  ,0.80000397743,2.30001143511,96.0,0.0,  ,  ,0.0,  ,  
2019-11-16 08:45:00,1.13041666667,0.564540047785,758.837401656,  ,  ,0.80000397743,2.10001044075,96.0,0.0,  ,  ,0.0,  ,  
2019-11-16 08:50:00,1.2,0.633793987205,758.837401656,  ,  ,0.80000397743,3.10001541254,96.0,0.0,  ,  ,0.0,  ,  
2019-11-16 08:55:00,1.21708333333,0.650796436756,758.837401656,  ,  ,0.80000397743,1.80000894922,96.0,0.0,  ,  ,0.0,  ,  
2019-11-16 09:00:00,1.3,0.723098801835,758.78909828,  ,  ,0.80000397743,1.80000894922,95.9291666667,0.0,  ,  ,0.0,  ,  
2019-11-16 09:05:00,1.3,0.651359971018,758.762395488,  ,  ,0.80000397743,2.90001441819,95.4333333333,0.0,  ,  ,0.0,  ,  
2019-11-16 09:10:00,1.35375,0.666688629781,758.762395488,  ,  ,0.886254406247,1.9000094464,95.1708333333,0.0,  ,  ,0.0,  ,  
2019-11-16 09:15:00,1.4,0.745374243405,758.714044096,  ,  ,0.900004474609,2.40001193229,95.3958333333,0.0,  ,  ,0.0,  ,  
2019-11-16 09:20:00,1.40041666667,0.68882019551,758.68738932,  ,  ,0.813754045793,2.80001392101,95.0041666667,0.0,  ,  ,0.0,  ,  
2019-11-16 09:25:00,1.55375,0.937001559158,758.68738932,  ,  ,0.80000397743,1.80000894922,95.6625,0.0,  ,  ,0.0,  ,  
2019-11-16 09:30:00,1.6,0.886608654327,758.639024687,  ,  ,0.886254406247,1.60000795486,95.0,0.0,  ,  ,0.0,  ,  
2019-11-16 09:35:00,1.68708333333,0.973173449162,758.612383152,  ,  ,0.900004474609,2.10001044075,95.0,0.0,  ,  ,0.0,  ,  
2019-11-16 09:40:00,1.7,0.986013187424,758.612383152,  ,  ,0.641253188159,2.60001292665,95.0,0.0,  ,  ,0.0,  ,  
2019-11-16 09:45:00,1.77041666667,1.05601039754,758.660710524,  ,  ,0.600002983073,2.30001143511,95.0,0.0,  ,  ,0.0,  ,  
2019-11-16 09:50:00,1.8,1.08541747285,758.68738932,  ,  ,0.772503840706,1.9000094464,95.0,0.0,  ,  ,0.0,  ,  
2019-11-16 09:55:00,1.84375,1.12890676984,758.68738932,  ,  ,0.80000397743,1.80000894922,95.0,0.0,  ,  ,0.0,  ,  
2019-11-16 10:00:00,1.9,1.1848215106,758.639037928,  ,  ,0.80000397743,2.10001044075,95.0,0.0,  ,  ,0.0,  ,  
2019-11-16 10:05:00,1.9,1.1848215106,758.612383152,  ,  ,0.80000397743,1.60000795486,95.0,0.0,  ,  ,0.0,  ,  
2019-11-16 10:10:00,1.92708333333,1.21174339487,758.612383152,  ,  ,0.627503119797,2.40001193229,95.0,0.0,  ,  ,0.0,  ,  
2019-11-16 10:15:00,1.98666666667,1.27097147632,758.515728408,  ,  ,0.600002983073,1.4000069605,95.0,0.0,  ,  ,0.0,  ,  
2019-11-16 10:20:00,2.00708333333,1.29126639309,758.462370816,  ,  ,0.600002983073,1.9000094464,95.0,0.0,  ,  ,0.0,  ,  
2019-11-16 10:25:00,2.09666666667,1.38031539567,758.462370816,  ,  ,0.600002983073,1.80000894922,95.0,0.0,  ,  ,0.0,  ,  
2019-11-16 10:30:00,2.1,1.3836288431,758.510679873,  ,  ,0.600002983073,1.9000094464,95.0,0.0,  ,  ,0.0,  ,  
2019-11-16 10:35:00,2.1,1.3836288431,758.537376984,  ,  ,0.600002983073,2.10001044075,95.0,0.0,  ,  ,0.0,  ,  
2019-11-16 10:40:00,2.18,1.50221527716,758.537376984,  ,  ,0.600002983073,2.10001044075,95.2666666667,0.0,  ,  ,0.0,  ,  
2019-11-16 10:45:00,2.2,1.55166499254,758.634006552,  ,  ,0.600002983073,2.30001143511,95.468879668,0.0,  ,  ,0.0,  ,  
2019-11-16 10:50:00,2.2,1.62904962179,758.68738932,  ,  ,0.772503840706,2.10001044075,96.0,0.0,  ,  ,0.0,  ,  
2019-11-16 10:55:00,2.2,1.62904962179,758.68738932,  ,  ,0.80000397743,2.30001143511,96.0,0.0,  ,  ,0.0,  ,  
2019-11-16 11:00:00,2.28,1.70866921949,758.735629023,  ,  ,0.886254406247,2.60001292665,96.0,0.0,  ,  ,0.0,  ,  
2019-11-16 11:05:00,2.3,1.72857409917,758.762395488,  ,  ,0.900004474609,2.40001193229,96.0,0.0,  ,  ,0.0,  ,  
2019-11-16 11:10:00,2.37,1.80794146756,758.762395488,  ,  ,0.813811577459,2.60001292665,96.0666666667,0.0,  ,  ,0.0,  ,  
2019-11-16 11:15:00,2.44,1.90185301841,758.56958684,  ,  ,0.80000397743,3.3000164069,96.2333333333,0.0,  ,  ,0.0,  ,  
2019-11-16 11:20:00,2.51,1.93757485889,758.462370816,  ,  ,0.885837737509,2.40001193229,96.0,0.0,  ,  ,0.0,  ,  
2019-11-16 11:25:00,2.54,1.96743203919,758.462370816,  ,  ,0.900004474609,2.90001441819,96.0,0.0,  ,  ,0.0,  ,  
2019-11-16 11:30:00,2.6,2.02714634647,758.365939675,  ,  ,0.900004474609,2.40001193229,96.0,0.0,  ,  ,0.0,  ,  
2019-11-16 11:35:00,2.6,2.02714634647,758.31235848,  ,  ,0.900004474609,3.60001789844,96.0,0.0,  ,  ,0.0,  ,  
2019-11-16 11:40:00,2.68333333333,2.11008276644,758.31235848,  ,  ,0.814170714531,2.40001193229,96.0,0.0,  ,  ,0.0,  ,  
2019-11-16 11:45:00,2.7,2.12667003398,758.31235848,  ,  ,0.80000397743,3.10001541254,96.0,0.0,  ,  ,0.0,  ,  
2019-11-16 11:50:00,2.7,2.12667003398,758.31235848,  ,  ,0.885837737509,2.30001143511,96.0,0.0,  ,  ,0.0,  ,  
2019-11-16 11:55:00,2.76666666667,2.16378612099,758.31235848,  ,  ,0.900004474609,2.30001143511,95.8,0.0,  ,  ,0.0,  ,  
2019-11-16 12:00:00,2.8,2.13830838739,758.264142891,  ,  ,0.814170714531,2.80001392101,95.4,0.0,  ,  ,0.0,  ,  
2019-11-16 12:05:00,2.89,2.16890812144,758.237352312,  ,  ,0.80000397743,1.80000894922,95.0,0.0,  ,  ,0.0,  ,  
2019-11-16 12:10:00,2.92666666667,2.20535530754,758.237352312,  ,  ,0.80000397743,2.10001044075,95.0,0.0,  ,  ,0.0,  ,  
2019-11-16 12:15:00,3.06333333333,2.34120361691,758.189150038,  ,  ,0.80000397743,1.9000094464,95.0,0.0,  ,  ,0.0,  ,  
2019-11-16 12:20:00,3.16666666667,2.44391788519,758.162346144,  ,  ,0.80000397743,2.80001392101,95.0,0.0,  ,  ,0.0,  ,  
2019-11-16 12:25:00,3.21,2.42275942543,758.162346144,  ,  ,0.80000397743,1.9000094464,94.5666666667,0.0,  ,  ,0.0,  ,  
2019-11-16 12:30:00,3.27333333333,2.40124610662,758.065914965,  ,  ,0.80000397743,2.30001143511,94.0,0.0,  ,  ,0.0,  ,  
2019-11-16 12:35:00,3.30333333333,2.43102934494,758.012333808,  ,  ,0.80000397743,4.30002137869,94.0,0.0,  ,  ,0.0,  ,  
2019-11-16 12:40:00,3.39666666667,2.52368813698,758.012333808,  ,  ,1.05750525767,2.80001392101,94.0,0.0,  ,  ,0.0,  ,  
2019-11-16 12:45:00,3.4,2.52699737475,758.012333808,  ,  ,1.10000546897,7.50003728841,94.0,0.0,  ,  ,0.0,  ,  
2019-11-16 12:50:00,3.49,2.54634993278,758.012333808,  ,  ,1.10000546897,2.60001292665,93.5333333333,0.0,  ,  ,0.0,  ,  
2019-11-16 12:55:00,3.59333333333,2.57851031062,758.012333808,  ,  ,1.10000546897,3.10001541254,93.0666666667,0.0,  ,  ,0.0,  ,  
2019-11-16 13:00:00,3.6,2.57504278907,758.012333808,  ,  ,0.92833794881,3.10001541254,93.0,0.0,  ,  ,0.0,  ,  
2019-11-16 13:05:00,3.60333333333,2.5783478647,758.012333808,  ,  ,0.900004474609,2.60001292665,93.0,0.0,  ,  ,0.0,  ,  
2019-11-16 13:10:00,3.68,2.65436449725,758.012333808,  ,  ,0.814170714531,3.3000164069,93.0,0.0,  ,  ,0.0,  ,  
2019-11-16 13:15:00,3.7,2.67419488939,757.964118219,  ,  ,0.80000397743,2.30001143511,93.0,0.0,  ,  ,0.0,  ,  
2019-11-16 13:20:00,3.75,2.68840296204,757.93732764,  ,  ,0.885837737509,3.10001541254,92.7666666667,0.0,  ,  ,0.0,  ,  
2019-11-16 13:25:00,3.8,2.64152858909,757.93732764,  ,  ,0.900004474609,1.60000795486,92.1333333333,0.0,  ,  ,0.0,  ,  
2019-11-16 13:30:00,3.8,2.68220417489,757.985543229,  ,  ,0.814170714531,1.80000894922,92.4,0.0,  ,  ,0.0,  ,  
2019-11-16 13:35:00,3.8,2.62115180285,758.012333808,  ,  ,0.80000397743,1.4000069605,92.0,0.0,  ,  ,0.0,  ,  
2019-11-16 13:40:00,3.8,2.62115180285,758.012333808,  ,  ,0.80000397743,2.10001044075,92.0,0.0,  ,  ,0.0,  ,  
2019-11-16 13:45:00,3.8,2.63134345282,758.012333808,  ,  ,0.80000397743,1.80000894922,92.0666666667,0.0,  ,  ,0.0,  ,  
2019-11-16 13:50:00,3.79666666667,2.65349224998,758.012333808,  ,  ,0.80000397743,1.80000894922,92.2333333333,0.0,  ,  ,0.0,  ,  
2019-11-16 13:55:00,3.78666666667,2.61304439757,758.012333808,  ,  ,0.80000397743,2.30001143511,92.0333333333,0.0,  ,  ,0.0,  ,  
2019-11-16 14:00:00,3.8,2.73290316211,757.819375594,  ,  ,0.628336457274,1.80000894922,92.7333333333,0.0,  ,  ,0.0,  ,  
2019-11-16 14:05:00,3.8,2.62115180285,757.712309136,  ,  ,0.600002983073,4.10002038433,92.0,0.0,  ,  ,0.0,  ,  
2019-11-16 14:10:00,3.8,2.70250311625,757.712309136,  ,  ,0.77167050323,1.4000069605,92.5333333333,0.0,  ,  ,0.0,  ,  
2019-11-16 14:15:00,3.80333333333,2.70073376898,757.76051141,  ,  ,0.80000397743,2.10001044075,92.5,0.0,  ,  ,0.0,  ,  
2019-11-16 14:20:00,3.85333333333,2.7502782077,757.787315304,  ,  ,0.628336457274,1.60000795486,92.5,0.0,  ,  ,0.0,  ,  
2019-11-16 14:25:00,3.9,2.8724980428,757.787315304,  ,  ,0.600002983073,1.9000094464,93.0,0.0,  ,  ,0.0,  ,  
2019-11-16 14:30:00,3.9,2.8724980428,757.787315304,  ,  ,0.600002983073,2.30001143511,93.0,0.0,  ,  ,0.0,  ,  
2019-11-16 14:35:00,3.9,2.8724980428,757.787315304,  ,  ,0.600002983073,1.10000546897,93.0,0.0,  ,  ,0.0,  ,  
2019-11-16 14:40:00,3.9,2.8724980428,757.787315304,  ,  ,0.600002983073,2.40001193229,93.0,0.0,  ,  ,0.0,  ,  
2019-11-16 14:45:00,3.9,2.8724980428,757.739075751,  ,  ,0.600002983073,2.10001044075,93.0,0.0,  ,  ,0.0,  ,  
2019-11-16 14:50:00,3.9,2.8724980428,757.712309136,  ,  ,0.600002983073,1.60000795486,93.0,0.0,  ,  ,0.0,  ,  
2019-11-16 14:55:00,3.9,2.8724980428,757.712309136,  ,  ,0.600002983073,1.4000069605,93.0,0.0,  ,  ,0.0,  ,  
2019-11-16 15:00:00,3.9,2.8724980428,757.712309136,  ,  ,0.600002983073,1.10000546897,93.0,0.0,  ,  ,0.0,  ,  
2019-11-16 15:05:00,3.9,2.8724980428,757.712309136,  ,  ,0.600002983073,0.900004474609,93.0,0.0,  ,  ,0.0,  ,  
2019-11-16 15:10:00,3.9,2.8724980428,757.712309136,  ,  ,0.085000422602,2.10001044075,93.0,0.0,  ,  ,0.0,  ,  
2019-11-16 15:15:00,3.9,2.8724980428,757.712309136,  ,  ,0.0,1.30000646332,93.0,0.0,  ,  ,0.0,  ,  
2019-11-16 15:20:00,3.9,2.8724980428,757.712309136,  ,  ,0.0,3.10001541254,93.0,0.0,  ,  ,0.0,  ,  
2019-11-16 15:25:00,3.9,2.8724980428,757.712309136,  ,  ,0.0,1.9000094464,93.0,0.0,  ,  ,0.0,  ,  
2019-11-16 15:30:00,3.9,2.8724980428,757.712309136,  ,  ,0.0,1.4000069605,93.0,0.0,  ,  ,0.0,  ,  
2019-11-16 15:35:00,3.9,2.8724980428,757.712309136,  ,  ,0.0,2.30001143511,93.0,0.0,  ,  ,0.0,  ,  
2019-11-16 15:40:00,3.9,2.95314527306,757.712309136,  ,  ,0.515002560471,1.80000894922,93.5333333333,0.0,  ,  ,0.0,  ,  
2019-11-16 15:45:00,3.92666666667,3.04985278041,757.712309136,  ,  ,0.600002983073,2.80001392101,94.0,0.0,  ,  ,0.0,  ,  
2019-11-16 15:50:00,3.94,3.05808137062,757.712309136,  ,  ,0.77167050323,1.60000795486,93.9666666667,0.0,  ,  ,0.0,  ,  
2019-11-16 15:55:00,3.94333333333,3.06639870253,757.712309136,  ,  ,0.80000397743,1.80000894922,94.0,0.0,  ,  ,0.0,  ,  
2019-11-16 16:00:00,3.95333333333,3.07632625183,757.760519379,  ,  ,0.628336457274,2.30001143511,94.0,0.0,  ,  ,0.0,  ,  
2019-11-16 16:05:00,3.99333333333,3.09598559625,757.787315304,  ,  ,0.600002983073,2.80001392101,93.8666666667,0.0,  ,  ,0.0,  ,  
2019-11-16 16:10:00,4.0,3.00701149708,757.787315304,  ,  ,0.600002983073,2.60001292665,93.2333333333,0.0,  ,  ,0.0,  ,  
2019-11-16 16:15:00,3.99666666667,3.00370549631,757.739126564,  ,  ,0.600002983073,1.9000094464,93.2333333333,0.0,  ,  ,0.0,  ,  
2019-11-16 16:20:00,4.0,3.06242346183,757.712309136,  ,  ,0.77167050323,2.80001392101,93.6,0.0,  ,  ,0.0,  ,  
2019-11-16 16:25:00,3.99666666667,3.11934559768,757.712309136,  ,  ,0.80000397743,2.90001441819,94.0,0.0,  ,  ,0.0,  ,  
2019-11-16 16:30:00,3.98333333333,3.10610888185,757.712309136,  ,  ,0.80000397743,1.80000894922,94.0,0.0,  ,  ,0.0,  ,  
2019-11-16 16:35:00,4.0,3.12265477581,757.712309136,  ,  ,0.80000397743,5.30002635048,94.0,0.0,  ,  ,0.0,  ,  
2019-11-16 16:40:00,4.0,3.12265477581,757.712309136,  ,  ,0.885837737509,2.80001392101,94.0,0.0,  ,  ,0.0,  ,  
2019-11-16 16:45:00,4.00333333333,3.12596395361,757.712309136,  ,  ,0.900004474609,2.80001392101,94.0,0.0,  ,  ,0.0,  ,  
2019-11-16 16:50:00,4.0,3.20261224984,757.712309136,  ,  ,0.814170714531,2.80001392101,94.5333333333,0.0,  ,  ,0.0,  ,  
2019-11-16 16:55:00,4.0,3.27224909296,757.712309136,  ,  ,0.80000397743,3.60001789844,95.0,0.0,  ,  ,0.0,  ,  
2019-11-16 17:00:00,3.99333333333,3.26562251154,757.760460316,  ,  ,1.05750525767,2.10001044075,95.0,0.0,  ,  ,0.0,  ,  
2019-11-16 17:05:00,3.98,3.25236934539,757.787315304,  ,  ,1.10000546897,2.40001193229,95.0,0.0,  ,  ,0.0,  ,  
2019-11-16 17:10:00,3.96666666667,3.23911617485,757.787315304,  ,  ,0.92833794881,2.10001044075,95.0,0.0,  ,  ,0.0,  ,  
2019-11-16 17:15:00,3.97,3.2424294679,757.739041051,  ,  ,0.900004474609,2.80001392101,95.0,0.0,  ,  ,0.0,  ,  
2019-11-16 17:20:00,3.99666666667,3.26893580238,757.712309136,  ,  ,1.07167199477,2.10001044075,95.0,0.0,  ,  ,0.0,  ,  
2019-11-16 17:25:00,4.0,3.27224909296,757.712309136,  ,  ,1.10000546897,3.3000164069,95.0,0.0,  ,  ,0.254,  ,  
2019-11-16 17:30:00,3.99333333333,3.31517577821,757.712309136,  ,  ,1.10000546897,3.10001541254,95.3333333333,0.0,  ,  ,0.254,  ,  
2019-11-16 17:35:00,3.99333333333,3.33495427722,757.712309136,  ,  ,1.10000546897,2.90001441819,95.4666666667,0.0,  ,  ,0.254,  ,  
2019-11-16 17:40:00,4.0,3.33169792871,757.712309136,  ,  ,1.27167298912,3.60001789844,95.4,0.0,  ,  ,0.254,  ,  
2019-11-16 17:45:00,3.97333333333,3.36931956318,757.712309136,  ,  ,1.30000646332,2.80001392101,95.8333333333,0.0,  ,  ,0.254,  ,  
2019-11-16 17:50:00,3.90666666667,3.32757362936,757.712309136,  ,  ,1.12833894317,2.10001044075,96.0,0.0,  ,  ,0.254,  ,  
2019-11-16 17:55:00,3.9,3.32093888185,757.712309136,  ,  ,1.10000546897,2.60001292665,96.0,0.0,  ,  ,0.254,  ,  
2019-11-16 18:00:00,3.9,3.32093888185,757.712309136,  ,  ,1.10000546897,2.40001193229,96.0,0.0,  ,  ,0.254,  ,  
2019-11-16 18:05:00,3.9,3.32093888185,757.712309136,  ,  ,1.10000546897,4.10002038433,96.0,0.0,  ,  ,0.254,  ,  
2019-11-16 18:10:00,3.9,3.32093888185,757.712309136,  ,  ,1.3575067492,4.60002287023,96.0,0.0,  ,  ,0.254,  ,  
2019-11-16 18:15:00,3.95,3.37069946678,757.808639125,  ,  ,1.4000069605,2.60001292665,96.0,0.0,  ,  ,0.254,  ,  
2019-11-16 18:20:00,4.0,3.42046000235,757.862321472,  ,  ,0.970838160111,3.3000164069,96.0,0.0,  ,  ,0.254,  ,  
2019-11-16 18:25:00,3.93333333333,3.35411261062,757.862321472,  ,  ,0.900004474609,3.3000164069,96.0,0.0,  ,  ,0.254,  ,  
2019-11-16 18:30:00,3.9,3.32585168096,757.9104998,  ,  ,1.07167199477,3.40001690408,96.0333333333,0.0,  ,  ,0.254,  ,  
2019-11-16 18:35:00,3.9,3.46280270313,757.93732764,  ,  ,1.10000546897,2.90001441819,96.9666666667,0.0,  ,  ,0.254,  ,  
2019-11-16 18:40:00,3.90666666667,3.47431508961,757.93732764,  ,  ,1.3575067492,2.80001392101,97.0,0.0,  ,  ,0.254,  ,  
2019-11-16 18:45:00,3.92,3.48760074472,757.93732764,  ,  ,1.4000069605,3.90001938997,97.0,0.0,  ,  ,0.254,  ,  
2019-11-16 18:50:00,3.97333333333,3.54074333892,757.93732764,  ,  ,1.31417320042,2.60001292665,97.0,0.0,  ,  ,0.254,  ,  
2019-11-16 18:55:00,3.99666666667,3.56399321068,757.93732764,  ,  ,1.30000646332,2.90001441819,97.0,0.0,  ,  ,0.254,  ,  
2019-11-16 19:00:00,4.0,3.56731462028,757.93732764,  ,  ,1.30000646332,3.10001541254,97.0,0.0,  ,  ,0.254,  ,  
2019-11-16 19:05:00,4.0,3.56731462028,757.93732764,  ,  ,1.30000646332,3.60001789844,97.0,0.0,  ,  ,0.254,  ,  
2019-11-16 19:10:00,4.0,3.56731462028,757.93732764,  ,  ,1.3858402234,2.40001193229,97.0,0.0,  ,  ,0.254,  ,  
2019-11-16 19:15:00,4.0,3.56731462028,757.93732764,  ,  ,1.4000069605,2.90001441819,97.0,0.0,  ,  ,0.254,  ,  
2019-11-16 19:20:00,4.0,3.56731462028,757.93732764,  ,  ,1.31417320042,2.60001292665,97.0,0.0,  ,  ,0.254,  ,  
2019-11-16 19:25:00,4.0,3.56731462028,757.93732764,  ,  ,1.30000646332,3.10001541254,97.0,0.0,  ,  ,0.254,  ,  
2019-11-16 19:30:00,4.0,3.56731462028,757.840997651,  ,  ,1.30000646332,2.60001292665,97.0,0.0,  ,  ,0.254,  ,  
2019-11-16 19:35:00,4.01666666667,3.5839216658,757.787315304,  ,  ,1.30000646332,3.40001690408,97.0,0.0,  ,  ,0.254,  ,  
2019-11-16 19:40:00,4.09666666667,3.65875795252,757.787315304,  ,  ,1.30000646332,2.80001392101,96.9666666667,0.0,  ,  ,0.254,  ,  
2019-11-16 19:45:00,4.1,3.57893267616,757.835493632,  ,  ,1.30000646332,2.30001143511,96.4,0.0,  ,  ,0.254,  ,  
2019-11-16 19:50:00,4.1,3.58873697439,757.862321472,  ,  ,1.12833894317,2.60001292665,96.4666666667,0.0,  ,  ,0.254,  ,  
2019-11-16 19:55:00,4.1,3.5445704484,757.862321472,  ,  ,1.10000546897,3.3000164069,96.1666666667,0.0,  ,  ,0.254,  ,  
2019-11-16 20:00:00,4.1,3.51998092538,757.9104998,  ,  ,1.10000546897,2.60001292665,96.0,0.0,  ,  ,0.254,  ,  
2019-11-16 20:05:00,4.1,3.51998092538,757.93732764,  ,  ,1.10000546897,3.10001541254,96.0,0.0,  ,  ,0.254,  ,  
2019-11-16 20:10:00,4.1,3.51998092538,757.93732764,  ,  ,1.10000546897,2.80001392101,96.0,0.0,  ,  ,0.254,  ,  
2019-11-16 20:15:00,4.1,3.62789447256,757.93732764,  ,  ,1.10000546897,2.60001292665,96.7333333333,0.0,  ,  ,0.254,  ,  
2019-11-16 20:20:00,4.10333333333,3.67027823639,757.93732764,  ,  ,1.10000546897,2.40001193229,97.0,0.0,  ,  ,0.254,  ,  
2019-11-16 20:25:00,4.10333333333,3.67027823639,757.93732764,  ,  ,1.10000546897,2.60001292665,97.0,0.0,  ,  ,0.254,  ,  
2019-11-16 20:30:00,4.1,3.66695683188,757.93732764,  ,  ,0.92833794881,2.80001392101,97.0,0.0,  ,  ,0.254,  ,  
2019-11-16 20:35:00,4.1,3.66695683188,757.93732764,  ,  ,0.900004474609,2.80001392101,97.0,0.0,  ,  ,0.254,  ,  
2019-11-16 20:40:00,4.1,3.66695683188,757.93732764,  ,  ,1.329173275,3.40001690408,97.0,0.0,  ,  ,0.254,  ,  
2019-11-16 20:45:00,4.1,3.66695683188,757.985529914,  ,  ,1.4000069605,2.40001193229,97.0,0.0,  ,  ,0.254,  ,  
2019-11-16 20:50:00,4.10333333333,3.67027823639,758.012333808,  ,  ,1.31417320042,2.80001392101,97.0,0.0,  ,  ,0.254,  ,  
2019-11-16 20:55:00,4.14,3.70681367519,758.012333808,  ,  ,1.30000646332,2.60001292665,97.0,0.0,  ,  ,0.254,  ,  
2019-11-16 21:00:00,4.2,3.76659889588,758.012333808,  ,  ,1.12833894317,3.3000164069,97.0,0.0,  ,  ,0.254,  ,  
2019-11-16 21:05:00,4.2,3.76659889588,758.012333808,  ,  ,1.10000546897,3.90001938997,97.0,0.0,  ,  ,0.254,  ,  
2019-11-16 21:10:00,4.2,3.76659889588,758.012333808,  ,  ,1.52917426936,2.80001392101,97.0,0.0,  ,  ,0.254,  ,  
2019-11-16 21:15:00,4.2,3.76659889588,758.108615943,  ,  ,1.60000795486,2.40001193229,97.0,0.0,  ,  ,0.254,  ,  
2019-11-16 21:20:00,4.23,3.7964914863,758.162346144,  ,  ,1.34250667463,3.10001541254,97.0,0.0,  ,  ,0.254,  ,  
2019-11-16 21:25:00,4.25333333333,3.81974126967,758.162346144,  ,  ,1.30000646332,3.10001541254,97.0,0.0,  ,  ,0.254,  ,  
2019-11-16 21:30:00,4.21333333333,3.77988449327,758.210489464,  ,  ,1.3858402234,3.3000164069,97.0,0.0,  ,  ,0.254,  ,  
2019-11-16 21:35:00,4.20333333333,3.8963296599,758.237352312,  ,  ,1.4000069605,4.30002137869,97.8666666667,0.0,  ,  ,0.254,  ,  
2019-11-16 21:40:00,4.2,3.91236410902,758.237352312,  ,  ,1.4000069605,3.80001889279,98.0,0.0,  ,  ,0.254,  ,  
2019-11-16 21:45:00,4.2,3.91236410902,758.285441852,  ,  ,1.4000069605,3.3000164069,98.0,0.0,  ,  ,0.254,  ,  
2019-11-16 21:50:00,4.2,3.91236410902,758.31235848,  ,  ,1.74334200082,2.40001193229,98.0,0.0,  ,  ,0.254,  ,  
2019-11-16 21:55:00,4.2,3.91236410902,758.31235848,  ,  ,1.80000894922,2.90001441819,98.0,0.0,  ,  ,0.254,  ,  
2019-11-16 22:00:00,4.2,3.97512183421,758.31235848,  ,  ,1.37084014883,3.3000164069,98.4333333333,0.0,  ,  ,0.254,  ,  
2019-11-16 22:05:00,4.2,4.05682286642,758.31235848,  ,  ,1.30000646332,3.60001789844,99.0,0.0,  ,  ,0.254,  ,  
2019-11-16 22:10:00,4.2,4.05682286642,758.31235848,  ,  ,1.3858402234,3.3000164069,99.0,0.0,  ,  ,0.254,  ,  
2019-11-16 22:15:00,4.2,4.05682286642,758.408510603,  ,  ,1.4000069605,3.40001690408,99.0,0.0,  ,  ,0.254,  ,  
2019-11-16 22:20:00,4.2,4.05682286642,758.462370816,  ,  ,1.31417320042,3.40001690408,99.0,0.0,  ,  ,0.254,  ,  
2019-11-16 22:25:00,4.2,4.05682286642,758.462370816,  ,  ,1.30000646332,2.40001193229,99.0,0.0,  ,  ,0.254,  ,  
2019-11-16 22:30:00,4.2,4.05682286642,758.510497897,  ,  ,1.12833894317,2.60001292665,99.0,0.0,  ,  ,0.254,  ,  
2019-11-16 22:35:00,4.2,4.05682286642,758.537376984,  ,  ,1.10000546897,4.10002038433,99.0,0.0,  ,  ,0.254,  ,  
2019-11-16 22:40:00,4.2,4.05682286642,758.537376984,  ,  ,1.10000546897,3.80001889279,99.0,0.0,  ,  ,0.254,  ,  
2019-11-16 22:45:00,4.2,4.05682286642,758.537376984,  ,  ,1.10000546897,2.80001392101,99.0,0.0,  ,  ,0.254,  ,  
2019-11-16 22:50:00,4.23666666667,4.0934461377,758.537376984,  ,  ,1.27167298912,3.60001789844,99.0,0.0,  ,  ,0.254,  ,  
2019-11-16 22:55:00,4.3,4.15670449989,758.537376984,  ,  ,1.30000646332,3.3000164069,99.0,0.0,  ,  ,0.254,  ,  
2019-11-16 23:00:00,4.3,4.15670449989,758.537376984,  ,  ,0.956671423011,1.30000646332,99.0,0.0,  ,  ,0.254,  ,  
2019-11-16 23:05:00,4.3,4.15670449989,758.537376984,  ,  ,0.900004474609,2.10001044075,99.0,0.0,  ,  ,0.254,  ,  
2019-11-16 23:10:00,4.3,4.15670449989,758.537376984,  ,  ,0.642503194374,1.60000795486,99.0,0.0,  ,  ,0.254,  ,  
2019-11-16 23:15:00,4.3,4.15670449989,758.585480791,  ,  ,0.600002983073,1.4000069605,99.0,0.0,  ,  ,0.254,  ,  
2019-11-16 23:20:00,4.3,4.15670449989,758.612383152,  ,  ,0.085000422602,1.60000795486,99.0,0.0,  ,  ,0.254,  ,  
2019-11-16 23:25:00,4.3,4.15670449989,758.612383152,  ,  ,0.0,1.4000069605,99.0,0.0,  ,  ,0.254,  ,  
2019-11-16 23:30:00,4.3,4.15670449989,758.660473588,  ,  ,0.0,1.30000646332,99.0,0.0,  ,  ,0.254,  ,  
2019-11-16 23:35:00,4.3,4.15670449989,758.68738932,  ,  ,0.0,1.80000894922,99.0,0.0,  ,  ,0.254,  ,  
2019-11-16 23:40:00,4.3,4.15670449989,758.68738932,  ,  ,0.514646910167,1.9000094464,99.0,0.0,  ,  ,0.254,  ,  
2019-11-16 23:45:00,4.3,4.15670449989,758.735493127,  ,  ,0.600002983073,1.9000094464,99.0,0.0,  ,  ,0.254,  ,  
2019-11-16 23:50:00,4.3,4.15670449989,758.762395488,  ,  ,0.600002983073,2.40001193229,99.0,0.0,  ,  ,0.254,  ,  
  

    

