Time,TemperatureC,DewpointC,PressurehPa,WindDirection,WindDirectionDegrees,WindSpeedKMH,WindSpeedGustKMH,Humidity,HourlyPrecipMM,Conditions,Clouds,dailyrainMM,SoftwareType,DateUTC
                
2018-12-16 00:00:00,-9.6,-10.1288261293,1022.3678017,  ,  ,0.0,0.0,95.9041666667,0.0,  ,  ,0.0,  ,  
2018-12-16 00:05:00,-9.6,-10.200259413,1022.5,  ,  ,0.0,0.600002983073,95.3625,0.0,  ,  ,0.0,  ,  
2018-12-16 00:10:00,-9.6,-10.1162252965,1022.5,  ,  ,0.0,0.0,96.0,0.0,  ,  ,0.0,  ,  
2018-12-16 00:15:00,-9.6,-10.1947517536,1022.44408549,  ,  ,0.0,0.80000397743,95.4041666667,0.0,  ,  ,0.0,  ,  
2018-12-16 00:20:00,-9.60291666667,-10.2511666577,1022.4,  ,  ,0.0,1.4000069605,95.0,0.0,  ,  ,0.0,  ,  
2018-12-16 00:25:00,-9.7,-10.2727903715,1022.4,  ,  ,0.0,0.0,95.5666666667,0.0,  ,  ,0.0,  ,  
2018-12-16 00:30:00,-9.7,-10.3476990719,1022.45588674,  ,  ,0.0,1.30000646332,95.0,0.0,  ,  ,0.0,  ,  
2018-12-16 00:35:00,-9.70625,-10.353913613,1022.5,  ,  ,0.0,0.80000397743,95.0,0.0,  ,  ,0.0,  ,  
2018-12-16 00:40:00,-9.8,-10.4471318457,1022.5,  ,  ,0.0,1.30000646332,95.0,0.0,  ,  ,0.0,  ,  
2018-12-16 00:45:00,-9.80333333333,-10.4504462758,1022.5,  ,  ,0.232501155941,1.80000894922,95.0,0.0,  ,  ,0.0,  ,  
2018-12-16 00:50:00,-9.88625,-10.5202172381,1022.5,  ,  ,0.600002983073,0.900004474609,95.0958333333,0.0,  ,  ,0.0,  ,  
2018-12-16 00:55:00,-9.82041666667,-10.3356458985,1022.5,  ,  ,0.367501827132,1.9000094464,96.0,0.0,  ,  ,0.0,  ,  
2018-12-16 01:00:00,-9.86958333333,-10.4805224171,1022.55586481,  ,  ,0.0,1.80000894922,95.2708333333,0.0,  ,  ,0.0,  ,  
2018-12-16 01:05:00,-9.9,-10.5465648673,1022.6,  ,  ,0.232501155941,0.900004474609,95.0,0.0,  ,  ,0.0,  ,  
2018-12-16 01:10:00,-9.9,-10.5465648673,1022.6,  ,  ,0.600002983073,0.600002983073,95.0,0.0,  ,  ,0.0,  ,  
2018-12-16 01:15:00,-9.9,-10.5465648673,1022.6,  ,  ,0.367501827132,0.80000397743,95.0,0.0,  ,  ,0.0,  ,  
2018-12-16 01:20:00,-9.9,-10.5465648673,1022.6,  ,  ,0.0,0.0,95.0,0.0,  ,  ,0.0,  ,  
2018-12-16 01:25:00,-9.9,-10.5465648673,1022.6,  ,  ,0.0,0.0,95.0,0.0,  ,  ,0.0,  ,  
2018-12-16 01:30:00,-9.9,-10.4849545366,1022.6,  ,  ,0.0,0.0,95.4666666667,0.0,  ,  ,0.0,  ,  
2018-12-16 01:35:00,-9.9,-10.5465648673,1022.6,  ,  ,0.0,0.0,95.0,0.0,  ,  ,0.0,  ,  
2018-12-16 01:40:00,-9.86708333333,-10.5138348037,1022.6,  ,  ,0.0,0.600002983073,95.0,0.0,  ,  ,0.0,  ,  
2018-12-16 01:45:00,-9.85666666667,-10.5034771942,1022.6,  ,  ,0.0,0.600002983073,95.0,0.0,  ,  ,0.0,  ,  
2018-12-16 01:50:00,-9.83291666667,-10.4798618546,1022.6,  ,  ,0.0,1.4000069605,95.0,0.0,  ,  ,0.0,  ,  
2018-12-16 01:55:00,-9.9,-10.5465648673,1022.6,  ,  ,0.0,1.60000795486,95.0,0.0,  ,  ,0.0,  ,  
2018-12-16 02:00:00,-9.9,-10.5465648673,1022.71182903,  ,  ,0.0,1.10000546897,95.0,0.0,  ,  ,0.0,  ,  
2018-12-16 02:05:00,-9.99625,-10.6422693846,1022.8,  ,  ,0.0,0.0,95.0,0.0,  ,  ,0.0,  ,  
2018-12-16 02:10:00,-10.0,-10.6459981367,1022.8,  ,  ,0.0,0.0,95.0,0.0,  ,  ,0.0,  ,  
2018-12-16 02:15:00,-9.94,-10.5687139522,1022.8,  ,  ,0.0,1.30000646332,95.1333333333,0.0,  ,  ,0.0,  ,  
2018-12-16 02:20:00,-10.0,-10.6459981367,1022.8,  ,  ,0.0,0.80000397743,95.0,0.0,  ,  ,0.0,  ,  
2018-12-16 02:25:00,-10.0,-10.6459981367,1022.8,  ,  ,0.0,1.10000546897,95.0,0.0,  ,  ,0.0,  ,  
2018-12-16 02:30:00,-10.01,-10.6559414772,1022.85597201,  ,  ,0.0,0.900004474609,95.0,0.0,  ,  ,0.0,  ,  
2018-12-16 02:35:00,-10.03625,-10.682042758,1022.9,  ,  ,0.0,1.4000069605,95.0,0.0,  ,  ,0.0,  ,  
2018-12-16 02:40:00,-10.1,-10.7454316538,1022.9,  ,  ,0.0,2.10001044075,95.0,0.0,  ,  ,0.0,  ,  
2018-12-16 02:45:00,-10.1,-10.7454316538,1022.95606362,  ,  ,0.310001541254,1.4000069605,95.0,0.0,  ,  ,0.0,  ,  
2018-12-16 02:50:00,-10.1595833333,-10.8046775756,1023.0,  ,  ,0.80000397743,0.80000397743,95.0,0.0,  ,  ,0.0,  ,  
2018-12-16 02:55:00,-10.2,-10.8448654187,1023.0,  ,  ,0.490002436176,0.900004474609,95.0,0.0,  ,  ,0.0,  ,  
2018-12-16 03:00:00,-10.2,-10.8448654187,1023.05586035,  ,  ,0.0,1.4000069605,95.0,0.0,  ,  ,0.0,  ,  
2018-12-16 03:05:00,-10.21,-10.8548088089,1023.1,  ,  ,0.0,1.30000646332,95.0,0.0,  ,  ,0.0,  ,  
2018-12-16 03:10:00,-10.20625,-10.8510800373,1023.1,  ,  ,0.0,1.4000069605,95.0,0.0,  ,  ,0.0,  ,  
2018-12-16 03:15:00,-10.2204166667,-10.8651665095,1023.15608544,  ,  ,0.0,1.4000069605,95.0,0.0,  ,  ,0.0,  ,  
2018-12-16 03:20:00,-10.2,-10.8448654187,1023.2,  ,  ,0.0,0.0,95.0,0.0,  ,  ,0.0,  ,  
2018-12-16 03:25:00,-10.2033333333,-10.8481798818,1023.2,  ,  ,0.0,1.30000646332,95.0,0.0,  ,  ,0.0,  ,  
2018-12-16 03:30:00,-10.2895833333,-10.9339417102,1023.2,  ,  ,0.0,1.80000894922,95.0,0.0,  ,  ,0.0,  ,  
2018-12-16 03:35:00,-10.3791666667,-11.0230182006,1023.2,  ,  ,0.0,1.30000646332,95.0,0.0,  ,  ,0.0,  ,  
2018-12-16 03:40:00,-10.5095833333,-11.1526973536,1023.2,  ,  ,0.0,0.600002983073,95.0,0.0,  ,  ,0.0,  ,  
2018-12-16 03:45:00,-10.5833333333,-11.2260304798,1023.14383085,  ,  ,0.0,0.0,95.0,0.0,  ,  ,0.0,  ,  
2018-12-16 03:50:00,-10.5504166667,-11.1932998588,1023.1,  ,  ,0.0,0.0,95.0,0.0,  ,  ,0.0,  ,  
2018-12-16 03:55:00,-10.5,-11.1431682003,1023.1,  ,  ,0.0,0.0,95.0,0.0,  ,  ,0.0,  ,  
2018-12-16 04:00:00,-10.4104166667,-11.0540914417,1023.1,  ,  ,0.0,0.0,95.0,0.0,  ,  ,0.0,  ,  
2018-12-16 04:05:00,-10.4,-11.043733692,1023.1,  ,  ,0.0,0.0,95.0,0.0,  ,  ,0.0,  ,  
2018-12-16 04:10:00,-10.4,-11.043733692,1023.1,  ,  ,0.0,0.80000397743,95.0,0.0,  ,  ,0.0,  ,  
2018-12-16 04:15:00,-10.4,-11.043733692,1023.04396595,  ,  ,0.0,0.600002983073,95.0,0.0,  ,  ,0.0,  ,  
2018-12-16 04:20:00,-10.4,-11.043733692,1023.0,  ,  ,0.0,0.80000397743,95.0,0.0,  ,  ,0.0,  ,  
2018-12-16 04:25:00,-10.4033333333,-11.0470481716,1023.0,  ,  ,0.0,1.10000546897,95.0,0.0,  ,  ,0.0,  ,  
2018-12-16 04:30:00,-10.5425,-11.2332021476,1023.0,  ,  ,0.0,1.60000795486,94.6375,0.0,  ,  ,0.0,  ,  
2018-12-16 04:35:00,-10.6929166667,-11.401395717,1023.0,  ,  ,0.0,0.900004474609,94.4958333333,0.0,  ,  ,0.0,  ,  
2018-12-16 04:40:00,-10.7460251046,-11.387803108,1023.0,  ,  ,0.0,0.80000397743,95.0,0.0,  ,  ,0.0,  ,  
2018-12-16 04:45:00,-10.8,-11.4414732118,1023.0,  ,  ,0.0,0.80000397743,95.0,0.0,  ,  ,0.0,  ,  
2018-12-16 04:50:00,-10.8,-11.4414732118,1023.0,  ,  ,0.0,1.10000546897,95.0,0.0,  ,  ,0.0,  ,  
2018-12-16 04:55:00,-10.8,-11.4414732118,1023.0,  ,  ,0.0,0.80000397743,95.0,0.0,  ,  ,0.0,  ,  
2018-12-16 05:00:00,-10.8,-11.4414732118,1023.05598609,  ,  ,0.0,1.4000069605,95.0,0.0,  ,  ,0.0,  ,  
2018-12-16 05:05:00,-10.8,-11.4414732118,1023.1,  ,  ,0.0,1.60000795486,95.0,0.0,  ,  ,0.0,  ,  
2018-12-16 05:10:00,-10.8,-11.4414732118,1023.1,  ,  ,0.0,1.10000546897,95.0,0.0,  ,  ,0.0,  ,  
2018-12-16 05:15:00,-10.8,-11.4414732118,1023.15598609,  ,  ,0.0,0.80000397743,95.0,0.0,  ,  ,0.0,  ,  
2018-12-16 05:20:00,-10.8,-11.4414732118,1023.2,  ,  ,0.0,0.80000397743,95.0,0.0,  ,  ,0.0,  ,  
2018-12-16 05:25:00,-10.8,-11.4414732118,1023.2,  ,  ,0.0,1.30000646332,95.0,0.0,  ,  ,0.0,  ,  
2018-12-16 05:30:00,-10.8191666667,-11.4605316634,1023.2,  ,  ,0.0,0.0,95.0,0.0,  ,  ,0.0,  ,  
2018-12-16 05:35:00,-10.8866666667,-11.5276506304,1023.2,  ,  ,0.0,0.80000397743,95.0,0.0,  ,  ,0.0,  ,  
2018-12-16 05:40:00,-10.8466666667,-11.4878764141,1023.2,  ,  ,0.0,1.10000546897,95.0,0.0,  ,  ,0.0,  ,  
2018-12-16 05:45:00,-10.8508333333,-11.4920195597,1023.25598609,  ,  ,0.0,0.0,95.0,0.0,  ,  ,0.0,  ,  
2018-12-16 05:50:00,-10.8,-11.4414732118,1023.3,  ,  ,0.0,0.0,95.0,0.0,  ,  ,0.0,  ,  
2018-12-16 05:55:00,-10.8291666667,-11.4704752069,1023.3,  ,  ,0.0,0.80000397743,95.0,0.0,  ,  ,0.0,  ,  
2018-12-16 06:00:00,-10.9,-11.6495314872,1023.3,  ,  ,0.0,0.0,94.175,0.0,  ,  ,0.0,  ,  
2018-12-16 06:05:00,-10.9,-11.5770227166,1023.3,  ,  ,0.0,1.10000546897,94.725,0.0,  ,  ,0.0,  ,  
2018-12-16 06:10:00,-10.9,-11.5409087113,1023.3,  ,  ,0.0,0.0,95.0,0.0,  ,  ,0.0,  ,  
2018-12-16 06:15:00,-10.9,-11.5409087113,1023.24403579,  ,  ,0.0,1.4000069605,95.0,0.0,  ,  ,0.0,  ,  
2018-12-16 06:20:00,-10.9,-11.5409087113,1023.2,  ,  ,0.0,0.900004474609,95.0,0.0,  ,  ,0.0,  ,  
2018-12-16 06:25:00,-10.9033333333,-11.5442232322,1023.2,  ,  ,0.0,0.600002983073,95.0,0.0,  ,  ,0.0,  ,  
2018-12-16 06:30:00,-11.0183333333,-11.6585743723,1023.2,  ,  ,0.0,0.600002983073,95.0,0.0,  ,  ,0.0,  ,  
2018-12-16 06:35:00,-11.1,-11.7397804535,1023.2,  ,  ,0.0,0.0,95.0,0.0,  ,  ,0.0,  ,  
2018-12-16 06:40:00,-11.1,-11.7397804535,1023.2,  ,  ,0.0,0.0,95.0,0.0,  ,  ,0.0,  ,  
2018-12-16 06:45:00,-11.1,-11.7397804535,1023.08797217,  ,  ,0.0,0.900004474609,95.0,0.0,  ,  ,0.0,  ,  
2018-12-16 06:50:00,-11.1,-11.7397804535,1023.0,  ,  ,0.0,0.900004474609,95.0,0.0,  ,  ,0.0,  ,  
2018-12-16 06:55:00,-11.1,-11.7834900317,1023.0,  ,  ,0.0,0.0,94.6666666667,0.0,  ,  ,0.0,  ,  
2018-12-16 07:00:00,-11.1358333333,-11.8103574398,1023.11197218,  ,  ,0.0,0.900004474609,94.7333333333,0.0,  ,  ,0.0,  ,  
2018-12-16 07:05:00,-11.2,-11.8392166963,1023.2,  ,  ,0.0,0.600002983073,95.0,0.0,  ,  ,0.0,  ,  
2018-12-16 07:10:00,-11.1933333333,-11.8325876057,1023.2,  ,  ,0.0,1.4000069605,95.0,0.0,  ,  ,0.0,  ,  
2018-12-16 07:15:00,-11.1966666667,-11.8359021509,1023.2,  ,  ,0.0,1.30000646332,95.0,0.0,  ,  ,0.0,  ,  
2018-12-16 07:20:00,-11.1675,-11.8068998902,1023.2,  ,  ,0.0,1.4000069605,95.0,0.0,  ,  ,0.0,  ,  
2018-12-16 07:25:00,-11.1858333333,-11.8251298802,1023.2,  ,  ,0.0,0.80000397743,95.0,0.0,  ,  ,0.0,  ,  
2018-12-16 07:30:00,-11.1808333333,-11.8201580639,1023.25601392,  ,  ,0.0,0.600002983073,95.0,0.0,  ,  ,0.0,  ,  
2018-12-16 07:35:00,-11.1,-11.7397804535,1023.3,  ,  ,0.0,1.30000646332,95.0,0.0,  ,  ,0.0,  ,  
2018-12-16 07:40:00,-11.1,-11.7397804535,1023.3,  ,  ,0.0,0.80000397743,95.0,0.0,  ,  ,0.0,  ,  
2018-12-16 07:45:00,-11.1,-11.7397804535,1023.4124502,  ,  ,0.0,0.600002983073,95.0,0.0,  ,  ,0.0,  ,  
2018-12-16 07:50:00,-11.1,-11.7397804535,1023.5,  ,  ,0.0,0.600002983073,95.0,0.0,  ,  ,0.0,  ,  
2018-12-16 07:55:00,-11.1,-11.7397804535,1023.5,  ,  ,0.0,0.600002983073,95.0,0.0,  ,  ,0.0,  ,  
2018-12-16 08:00:00,-11.1,-11.7397804535,1023.38777336,  ,  ,0.0,0.0,95.0,0.0,  ,  ,0.0,  ,  
2018-12-16 08:05:00,-11.1,-11.7397804535,1023.3,  ,  ,0.0,0.80000397743,95.0,0.0,  ,  ,0.0,  ,  
2018-12-16 08:10:00,-11.1,-11.7397804535,1023.3,  ,  ,0.0,1.4000069605,95.0,0.0,  ,  ,0.0,  ,  
2018-12-16 08:15:00,-11.1,-11.7397804535,1023.24394394,  ,  ,0.0,0.0,95.0,0.0,  ,  ,0.0,  ,  
2018-12-16 08:20:00,-11.1,-11.7955341766,1023.2,  ,  ,0.0,0.0,94.575,0.0,  ,  ,0.0,  ,  
2018-12-16 08:25:00,-11.1425,-11.9135328441,1023.2,  ,  ,0.0,0.0,94.0,0.0,  ,  ,0.0,  ,  
2018-12-16 08:30:00,-11.2,-11.9706421851,1023.2,  ,  ,0.0,0.0,94.0,0.0,  ,  ,0.0,  ,  
2018-12-16 08:35:00,-11.2,-11.9706421851,1023.2,  ,  ,0.0,0.600002983073,94.0,0.0,  ,  ,0.0,  ,  
2018-12-16 08:40:00,-11.2191666667,-11.989678654,1023.2,  ,  ,0.0,0.80000397743,94.0,0.0,  ,  ,0.0,  ,  
2018-12-16 08:45:00,-11.3,-12.0699630132,1023.25597201,  ,  ,0.0,0.0,94.0,0.0,  ,  ,0.0,  ,  
2018-12-16 08:50:00,-11.3,-12.0699630132,1023.3,  ,  ,0.0,0.0,94.0,0.0,  ,  ,0.0,  ,  
2018-12-16 08:55:00,-11.3033472803,-12.0732875649,1023.3,  ,  ,0.0,1.4000069605,94.0,0.0,  ,  ,0.0,  ,  
2018-12-16 09:00:00,-11.39875,-12.1680426237,1023.3,  ,  ,0.0,1.30000646332,94.0,0.0,  ,  ,0.0,  ,  
2018-12-16 09:05:00,-11.50875,-12.2772962034,1023.3,  ,  ,0.0,1.30000646332,94.0,0.0,  ,  ,0.0,  ,  
2018-12-16 09:10:00,-11.59875,-12.3666857644,1023.3,  ,  ,0.0,0.900004474609,94.0,0.0,  ,  ,0.0,  ,  
2018-12-16 09:15:00,-11.6,-12.3679272877,1023.3,  ,  ,0.0,1.30000646332,94.0,0.0,  ,  ,0.0,  ,  
2018-12-16 09:20:00,-11.6554166667,-12.4229682045,1023.3,  ,  ,0.0,1.10000546897,94.0,0.0,  ,  ,0.0,  ,  
2018-12-16 09:25:00,-11.7,-12.4672493094,1023.3,  ,  ,0.0,0.900004474609,94.0,0.0,  ,  ,0.0,  ,  
2018-12-16 09:30:00,-11.7,-12.4672493094,1023.41202783,  ,  ,0.0,0.600002983073,94.0,0.0,  ,  ,0.0,  ,  
2018-12-16 09:35:00,-11.7,-12.4672493094,1023.5,  ,  ,0.0,0.80000397743,94.0,0.0,  ,  ,0.0,  ,  
2018-12-16 09:40:00,-11.7,-12.4672493094,1023.5,  ,  ,0.0,1.4000069605,94.0,0.0,  ,  ,0.0,  ,  
2018-12-16 09:45:00,-11.7,-12.4672493094,1023.5,  ,  ,0.0,1.30000646332,94.0,0.0,  ,  ,0.0,  ,  
2018-12-16 09:50:00,-11.7,-12.4672493094,1023.5,  ,  ,0.0,0.900004474609,94.0,0.0,  ,  ,0.0,  ,  
2018-12-16 09:55:00,-11.7,-12.4672493094,1023.5,  ,  ,0.0,0.80000397743,94.0,0.0,  ,  ,0.0,  ,  
2018-12-16 10:00:00,-11.7,-12.4672493094,1023.55601392,  ,  ,0.0,0.600002983073,94.0,0.0,  ,  ,0.0,  ,  
2018-12-16 10:05:00,-11.7,-12.4672493094,1023.6,  ,  ,0.0,1.10000546897,94.0,0.0,  ,  ,0.0,  ,  
2018-12-16 10:10:00,-11.7166666667,-12.4838030087,1023.6,  ,  ,0.0,0.600002983073,94.0,0.0,  ,  ,0.0,  ,  
2018-12-16 10:15:00,-11.7466666667,-12.5135996883,1023.71192843,  ,  ,0.0,0.600002983073,94.0,0.0,  ,  ,0.0,  ,  
2018-12-16 10:20:00,-11.7,-12.4672493094,1023.8,  ,  ,0.0,0.600002983073,94.0,0.0,  ,  ,0.0,  ,  
2018-12-16 10:25:00,-11.7,-12.4672493094,1023.8,  ,  ,0.0,0.600002983073,94.0,0.0,  ,  ,0.0,  ,  
2018-12-16 10:30:00,-11.7120833333,-12.4792507406,1023.8,  ,  ,0.0,0.80000397743,94.0,0.0,  ,  ,0.0,  ,  
2018-12-16 10:35:00,-11.6925,-12.4598001474,1023.8,  ,  ,0.0,0.0,94.0,0.0,  ,  ,0.0,  ,  
2018-12-16 10:40:00,-11.64875,-12.416346736,1023.8,  ,  ,0.0,0.80000397743,94.0,0.0,  ,  ,0.0,  ,  
2018-12-16 10:45:00,-11.6645833333,-12.4320727259,1023.85601392,  ,  ,0.0,0.0,94.0,0.0,  ,  ,0.0,  ,  
2018-12-16 10:50:00,-11.5945833333,-12.3056424056,1023.9,  ,  ,0.0,0.80000397743,94.4333333333,0.0,  ,  ,0.0,  ,  
2018-12-16 10:55:00,-11.5566666667,-12.3248878377,1023.9,  ,  ,0.0,0.600002983073,94.0,0.0,  ,  ,0.0,  ,  
2018-12-16 11:00:00,-11.4445833333,-12.2135649047,1023.9,  ,  ,0.0,0.0,94.0,0.0,  ,  ,0.0,  ,  
2018-12-16 11:05:00,-11.4033333333,-12.2121942131,1023.9,  ,  ,0.0,0.0,93.7,0.0,  ,  ,0.0,  ,  
2018-12-16 11:10:00,-11.4033333333,-12.172594849,1023.9,  ,  ,0.0,0.0,94.0,0.0,  ,  ,0.0,  ,  
2018-12-16 11:15:00,-11.4066666667,-12.1934908507,1023.9,  ,  ,0.0,0.0,93.8666666667,0.0,  ,  ,0.0,  ,  
2018-12-16 11:20:00,-11.3966666667,-12.1659734306,1023.9,  ,  ,0.0,0.0,94.0,0.0,  ,  ,0.0,  ,  
2018-12-16 11:25:00,-11.3345833333,-12.1043115356,1023.9,  ,  ,0.0,0.0,94.0,0.0,  ,  ,0.0,  ,  
2018-12-16 11:30:00,-11.3320833333,-12.2016547985,1023.84398608,  ,  ,0.0,0.0,93.2458333333,0.0,  ,  ,0.0,  ,  
2018-12-16 11:35:00,-11.3866666667,-12.254713192,1023.8,  ,  ,0.0,0.0,93.2541666667,0.0,  ,  ,0.0,  ,  
2018-12-16 11:40:00,-11.3666666667,-12.2359729649,1023.8,  ,  ,0.0,0.600002983073,93.2458333333,0.0,  ,  ,0.0,  ,  
2018-12-16 11:45:00,-11.46875,-12.3699299007,1023.85598609,  ,  ,0.0,0.0,93.0,0.0,  ,  ,0.0,  ,  
2018-12-16 11:50:00,-11.6241666667,-12.5241112677,1023.9,  ,  ,0.0,0.0,93.0,0.0,  ,  ,0.0,  ,  
2018-12-16 11:55:00,-11.7,-12.5993421607,1023.9,  ,  ,0.0,0.0,93.0,0.0,  ,  ,0.0,  ,  
2018-12-16 12:00:00,-11.7066666667,-12.6059558751,1023.84398608,  ,  ,0.0,0.0,93.0,0.0,  ,  ,0.0,  ,  
2018-12-16 12:05:00,-11.7,-12.5993421607,1023.8,  ,  ,0.0,0.0,93.0,0.0,  ,  ,0.0,  ,  
2018-12-16 12:10:00,-11.7,-12.5639942227,1023.8,  ,  ,0.0,0.0,93.2666666667,0.0,  ,  ,0.0,  ,  
2018-12-16 12:15:00,-11.6966666667,-12.5254272198,1023.74412206,  ,  ,0.0,0.0,93.5333333333,0.0,  ,  ,0.0,  ,  
2018-12-16 12:20:00,-11.68,-12.5618126758,1023.7,  ,  ,0.0,0.0,93.1333333333,0.0,  ,  ,0.0,  ,  
2018-12-16 12:25:00,-11.7066666667,-12.6059558751,1023.7,  ,  ,0.0,0.0,93.0,0.0,  ,  ,0.0,  ,  
2018-12-16 12:30:00,-11.6979166667,-12.5107209178,1023.7,  ,  ,0.0,0.0,93.6541666667,0.0,  ,  ,0.0,  ,  
2018-12-16 12:35:00,-11.6620833333,-12.4674503862,1023.7,  ,  ,0.0,0.600002983073,93.7125,0.0,  ,  ,0.0,  ,  
2018-12-16 12:40:00,-11.6766666667,-12.5761941722,1023.7,  ,  ,0.0,0.0,93.0,0.0,  ,  ,0.0,  ,  
2018-12-16 12:45:00,-11.6333333333,-12.5332051013,1023.64398608,  ,  ,0.0,0.0,93.0,0.0,  ,  ,0.0,  ,  
2018-12-16 12:50:00,-11.6333333333,-12.5332051013,1023.6,  ,  ,0.0,0.0,93.0,0.0,  ,  ,0.0,  ,  
2018-12-16 12:55:00,-11.6866666667,-12.5861147364,1023.6,  ,  ,0.0,0.0,93.0,0.0,  ,  ,0.0,  ,  
2018-12-16 13:00:00,-11.6479166667,-12.5476725697,1023.54412794,  ,  ,0.0,0.0,93.0,0.0,  ,  ,0.0,  ,  
2018-12-16 13:05:00,-11.6254166667,-12.5253513358,1023.5,  ,  ,0.0,0.0,93.0,0.0,  ,  ,0.0,  ,  
2018-12-16 13:10:00,-11.6966666667,-12.5402912277,1023.5,  ,  ,0.0,0.0,93.4208333333,0.0,  ,  ,0.0,  ,  
2018-12-16 13:15:00,-11.7,-12.4672493094,1023.44398608,  ,  ,0.0,0.0,94.0,0.0,  ,  ,0.0,  ,  
2018-12-16 13:20:00,-11.7,-12.4672493094,1023.4,  ,  ,0.0,0.80000397743,94.0,0.0,  ,  ,0.0,  ,  
2018-12-16 13:25:00,-11.6733333333,-12.4407634078,1023.4,  ,  ,0.0,0.600002983073,94.0,0.0,  ,  ,0.0,  ,  
2018-12-16 13:30:00,-11.68125,-12.4486264076,1023.4,  ,  ,0.0,0.0,94.0,0.0,  ,  ,0.0,  ,  
2018-12-16 13:35:00,-11.6433333333,-12.4109667938,1023.4,  ,  ,0.0,0.0,94.0,0.0,  ,  ,0.0,  ,  
2018-12-16 13:40:00,-11.62,-12.3877916682,1023.4,  ,  ,0.0,0.0,94.0,0.0,  ,  ,0.0,  ,  
2018-12-16 13:45:00,-11.5845833333,-12.3526151693,1023.4,  ,  ,0.0,0.600002983073,94.0,0.0,  ,  ,0.0,  ,  
2018-12-16 13:50:00,-11.5079166667,-12.2764685234,1023.4,  ,  ,0.0,0.0,94.0,0.0,  ,  ,0.0,  ,  
2018-12-16 13:55:00,-11.4133333333,-12.182526979,1023.4,  ,  ,0.0,0.600002983073,94.0,0.0,  ,  ,0.0,  ,  
2018-12-16 14:00:00,-11.3845833333,-12.1539721132,1023.45596421,  ,  ,0.0,0.0,94.0,0.0,  ,  ,0.0,  ,  
2018-12-16 14:05:00,-11.3033333333,-12.0732737126,1023.5,  ,  ,0.0,0.0,94.0,0.0,  ,  ,0.0,  ,  
2018-12-16 14:10:00,-11.3,-12.0699630132,1023.5,  ,  ,0.0,0.0,94.0,0.0,  ,  ,0.0,  ,  
2018-12-16 14:15:00,-11.2779166667,-12.048029638,1023.5,  ,  ,0.0,0.0,94.0,0.0,  ,  ,0.0,  ,  
2018-12-16 14:20:00,-11.2,-11.9706421851,1023.5,  ,  ,0.0,0.80000397743,94.0,0.0,  ,  ,0.0,  ,  
2018-12-16 14:25:00,-11.16125,-11.9321554444,1023.5,  ,  ,0.0,0.80000397743,94.0,0.0,  ,  ,0.0,  ,  
2018-12-16 14:30:00,-11.09125,-11.8626311233,1023.44406359,  ,  ,0.0,0.0,94.0,0.0,  ,  ,0.0,  ,  
2018-12-16 14:35:00,-10.9966666667,-11.7686907549,1023.4,  ,  ,0.0,0.0,94.0,0.0,  ,  ,0.0,  ,  
2018-12-16 14:40:00,-10.92125,-11.693786952,1023.4,  ,  ,0.0,0.0,94.0,0.0,  ,  ,0.0,  ,  
2018-12-16 14:45:00,-10.9,-11.6726814912,1023.34403579,  ,  ,0.0,0.600002983073,94.0,0.0,  ,  ,0.0,  ,  
2018-12-16 14:50:00,-10.8745833333,-11.6474377225,1023.3,  ,  ,0.0,0.0,94.0,0.0,  ,  ,0.0,  ,  
2018-12-16 14:55:00,-10.8233333333,-11.5965364114,1023.3,  ,  ,0.0,0.0,94.0,0.0,  ,  ,0.0,  ,  
2018-12-16 15:00:00,-10.8,-11.5733618567,1023.3,  ,  ,0.0,0.0,94.0,0.0,  ,  ,0.0,  ,  
2018-12-16 15:05:00,-10.8,-11.5733618567,1023.3,  ,  ,0.0,0.600002983073,94.0,0.0,  ,  ,0.0,  ,  
2018-12-16 15:10:00,-10.8,-11.5733618567,1023.3,  ,  ,0.0,0.0,94.0,0.0,  ,  ,0.0,  ,  
2018-12-16 15:15:00,-10.8020833333,-11.6268727615,1023.18807157,  ,  ,0.0,0.0,93.6125,0.0,  ,  ,0.0,  ,  
2018-12-16 15:20:00,-10.8966666667,-11.7801411228,1023.1,  ,  ,0.0,0.0,93.1666666667,0.0,  ,  ,0.0,  ,  
2018-12-16 15:25:00,-10.90875,-11.8143879518,1023.1,  ,  ,0.0,0.0,93.0,0.0,  ,  ,0.0,  ,  
2018-12-16 15:30:00,-10.9966666667,-11.8838089622,1023.1559339,  ,  ,0.0,0.0,93.1333333333,0.0,  ,  ,0.0,  ,  
2018-12-16 15:35:00,-11.0620833333,-11.9664995391,1023.2,  ,  ,0.0,0.0,93.0,0.0,  ,  ,0.0,  ,  
2018-12-16 15:40:00,-11.1033333333,-12.007421003,1023.2,  ,  ,0.0,0.0,93.0,0.0,  ,  ,0.0,  ,  
2018-12-16 15:45:00,-11.1820833333,-12.0855439629,1023.25593641,  ,  ,0.0,0.0,93.0,0.0,  ,  ,0.0,  ,  
2018-12-16 15:50:00,-11.22875,-12.1318391525,1023.3,  ,  ,0.0,0.0,93.0,0.0,  ,  ,0.0,  ,  
2018-12-16 15:55:00,-11.3,-12.19087269,1023.3,  ,  ,0.0,0.0,93.0875,0.0,  ,  ,0.0,  ,  
2018-12-16 16:00:00,-11.3420833333,-12.1894573081,1023.35578842,  ,  ,0.0,0.0,93.4125,0.0,  ,  ,0.0,  ,  
2018-12-16 16:05:00,-11.4220833333,-12.2749350102,1023.4,  ,  ,0.0,0.0,93.3666666667,0.0,  ,  ,0.0,  ,  
2018-12-16 16:10:00,-11.56875,-12.4763343693,1023.4,  ,  ,0.0,0.0,92.9458333333,0.0,  ,  ,0.0,  ,  
2018-12-16 16:15:00,-11.6954166667,-12.7281641628,1023.4,  ,  ,0.0,0.0,92.0,0.0,  ,  ,0.0,  ,  
2018-12-16 16:20:00,-11.8008333333,-12.7986315993,1023.4,  ,  ,0.0,0.0,92.2541666667,0.0,  ,  ,0.0,  ,  
2018-12-16 16:25:00,-11.9420833333,-12.9709114463,1023.4,  ,  ,0.0,0.0,92.0125,0.0,  ,  ,0.0,  ,  
2018-12-16 16:30:00,-12.1308333333,-13.1596143716,1023.5115327,  ,  ,0.0,0.0,92.0,0.0,  ,  ,0.0,  ,  
2018-12-16 16:35:00,-12.2520833333,-13.2619917667,1023.6,  ,  ,0.0,0.0,92.1333333333,0.0,  ,  ,0.0,  ,  
2018-12-16 16:40:00,-12.4229166667,-13.3693789851,1023.6,  ,  ,0.0,0.0,92.6,0.0,  ,  ,0.0,  ,  
2018-12-16 16:45:00,-12.6454166667,-13.6695198671,1023.6,  ,  ,0.0,0.0,92.0,0.0,  ,  ,0.0,  ,  
2018-12-16 16:50:00,-12.75875,-13.7818243656,1023.6,  ,  ,0.0,0.0,92.0,0.0,  ,  ,0.0,  ,  
2018-12-16 16:55:00,-12.8320833333,-13.8252245888,1023.6,  ,  ,0.0,0.0,92.2208333333,0.0,  ,  ,0.0,  ,  
2018-12-16 17:00:00,-12.9608333333,-13.9451283037,1023.6,  ,  ,0.0,0.0,92.2791666667,0.0,  ,  ,0.0,  ,  
2018-12-16 17:05:00,-13.1454166667,-14.1121643295,1023.6,  ,  ,0.0,0.0,92.4,0.0,  ,  ,0.0,  ,  
2018-12-16 17:10:00,-13.2620833333,-14.2585841315,1023.6,  ,  ,0.0,0.0,92.1666666667,0.0,  ,  ,0.0,  ,  
2018-12-16 17:15:00,-13.3920833333,-14.3583567859,1023.54403579,  ,  ,0.0,0.0,92.3875,0.0,  ,  ,0.0,  ,  
2018-12-16 17:20:00,-13.47875,-14.3814501975,1023.5,  ,  ,0.0,0.0,92.8666666667,0.0,  ,  ,0.0,  ,  
2018-12-16 17:25:00,-13.5554166667,-14.4880385727,1023.5,  ,  ,0.0,0.0,92.6333333333,0.0,  ,  ,0.0,  ,  
2018-12-16 17:30:00,-13.6,-14.5584710807,1023.44394015,  ,  ,0.0,0.0,92.4333333333,0.0,  ,  ,0.0,  ,  
2018-12-16 17:35:00,-13.64875,-14.5615187646,1023.4,  ,  ,0.0,0.0,92.7791666667,0.0,  ,  ,0.0,  ,  
2018-12-16 17:40:00,-13.7,-14.7145496297,1023.4,  ,  ,0.0,0.0,92.0,0.0,  ,  ,0.0,  ,  
2018-12-16 17:45:00,-13.8108333333,-14.8243815014,1023.4,  ,  ,0.0,0.0,92.0,0.0,  ,  ,0.0,  ,  
2018-12-16 17:50:00,-13.9454166667,-14.98404891,1023.4,  ,  ,0.0,0.0,91.8,0.0,  ,  ,0.0,  ,  
2018-12-16 17:55:00,-14.0354166667,-15.0048882932,1023.4,  ,  ,0.0,0.0,92.3208333333,0.0,  ,  ,0.0,  ,  
2018-12-16 18:00:00,-14.0966666667,-15.020453522,1023.4,  ,  ,0.0,0.0,92.6666666667,0.0,  ,  ,0.0,  ,  
2018-12-16 18:05:00,-14.1,-15.0221301243,1023.4,  ,  ,0.0,0.0,92.6791666667,0.0,  ,  ,0.0,  ,  
2018-12-16 18:10:00,-14.19875,-15.1477669692,1023.4,  ,  ,0.0,0.0,92.4666666667,0.0,  ,  ,0.0,  ,  
2018-12-16 18:15:00,-14.2554166667,-15.2649526413,1023.34415132,  ,  ,0.0,0.0,92.0,0.0,  ,  ,0.0,  ,  
2018-12-16 18:20:00,-14.3,-15.3091340642,1023.3,  ,  ,0.0,0.0,92.0,0.0,  ,  ,0.0,  ,  
2018-12-16 18:25:00,-14.36875,-15.357102868,1023.3,  ,  ,0.0,0.0,92.1541666667,0.0,  ,  ,0.0,  ,  
2018-12-16 18:30:00,-14.3645833333,-15.2715407126,1023.24406359,  ,  ,0.0,0.0,92.7791666667,0.0,  ,  ,0.0,  ,  
2018-12-16 18:35:00,-14.39875,-15.3417318532,1023.2,  ,  ,0.0,0.0,92.5,0.0,  ,  ,0.0,  ,  
2018-12-16 18:40:00,-14.4720833333,-15.4796668456,1023.2,  ,  ,0.0,0.0,92.0,0.0,  ,  ,0.0,  ,  
2018-12-16 18:45:00,-14.5920833333,-15.5985862913,1023.2,  ,  ,0.0,0.0,92.0,0.0,  ,  ,0.0,  ,  
2018-12-16 18:50:00,-14.6254166667,-15.6446835285,1023.2,  ,  ,0.0,0.0,91.9,0.0,  ,  ,0.0,  ,  
2018-12-16 18:55:00,-14.7320833333,-15.8098134177,1023.2,  ,  ,0.0,0.0,91.4458333333,0.0,  ,  ,0.0,  ,  
2018-12-16 19:00:00,-14.84875,-15.9182602154,1023.08812717,  ,  ,0.0,0.0,91.5,0.0,  ,  ,0.0,  ,  
2018-12-16 19:05:00,-14.9520833333,-15.9770649423,1023.0,  ,  ,0.0,0.0,91.8333333333,0.0,  ,  ,0.0,  ,  
2018-12-16 19:10:00,-15.0754166667,-16.135680596,1023.0,  ,  ,0.0,0.0,91.5541666667,0.0,  ,  ,0.0,  ,  
2018-12-16 19:15:00,-15.10875,-16.0862517548,1022.94403579,  ,  ,0.0,0.0,92.1875,0.0,  ,  ,0.0,  ,  
2018-12-16 19:20:00,-15.1079166667,-16.0865072565,1022.9,  ,  ,0.0,0.0,92.1791666667,0.0,  ,  ,0.0,  ,  
2018-12-16 19:25:00,-15.1220833333,-16.1238207464,1022.9,  ,  ,0.0,0.0,92.0,0.0,  ,  ,0.0,  ,  
2018-12-16 19:30:00,-15.2,-16.2010377672,1022.9,  ,  ,0.0,0.0,92.0,0.0,  ,  ,0.0,  ,  
2018-12-16 19:35:00,-15.1479166667,-16.1494220847,1022.9,  ,  ,0.0,0.0,92.0,0.0,  ,  ,0.0,  ,  
2018-12-16 19:40:00,-15.1720833333,-16.1733717479,1022.9,  ,  ,0.0,0.0,92.0,0.0,  ,  ,0.0,  ,  
2018-12-16 19:45:00,-15.2,-16.2010377672,1022.95593641,  ,  ,0.0,0.0,92.0,0.0,  ,  ,0.0,  ,  
2018-12-16 19:50:00,-15.1966666667,-16.1977343603,1023.0,  ,  ,0.0,0.0,92.0,0.0,  ,  ,0.0,  ,  
2018-12-16 19:55:00,-15.2,-16.2010377672,1023.0,  ,  ,0.0,0.0,92.0,0.0,  ,  ,0.0,  ,  
2018-12-16 20:00:00,-15.2,-16.2010377672,1022.9439801,  ,  ,0.0,0.0,92.0,0.0,  ,  ,0.0,  ,  
2018-12-16 20:05:00,-15.2,-16.2010377672,1022.9,  ,  ,0.0,0.0,92.0,0.0,  ,  ,0.0,  ,  
2018-12-16 20:10:00,-15.2020833333,-16.2031023968,1022.9,  ,  ,0.0,0.0,92.0,0.0,  ,  ,0.0,  ,  
2018-12-16 20:15:00,-15.28,-16.3323464368,1022.95587065,  ,  ,0.0,0.0,91.6,0.0,  ,  ,0.0,  ,  
2018-12-16 20:20:00,-15.3,-16.3001401825,1023.0,  ,  ,0.0,0.0,92.0,0.0,  ,  ,0.0,  ,  
2018-12-16 20:25:00,-15.3,-16.3001401825,1023.0,  ,  ,0.0,0.0,92.0,0.0,  ,  ,0.0,  ,  
2018-12-16 20:30:00,-15.3,-16.3001401825,1023.0,  ,  ,0.0,0.0,92.0,0.0,  ,  ,0.0,  ,  
2018-12-16 20:35:00,-15.3620833333,-16.4033495639,1023.0,  ,  ,0.0,0.0,91.6791666667,0.0,  ,  ,0.0,  ,  
2018-12-16 20:40:00,-15.5275,-16.6557591405,1023.0,  ,  ,0.0,0.0,91.0,0.0,  ,  ,0.0,  ,  
2018-12-16 20:45:00,-15.6254166667,-16.7325525092,1023.05615346,  ,  ,0.0,0.0,91.1541666667,0.0,  ,  ,0.0,  ,  
2018-12-16 20:50:00,-15.6966666667,-16.7651145088,1023.1,  ,  ,0.0,0.0,91.4458333333,0.0,  ,  ,0.0,  ,  
2018-12-16 20:55:00,-15.7,-16.8265122481,1023.1,  ,  ,0.0,0.0,91.0,0.0,  ,  ,0.0,  ,  
2018-12-16 21:00:00,-15.7,-16.7543371256,1023.04401391,  ,  ,0.0,0.0,91.5541666667,0.0,  ,  ,0.0,  ,  
2018-12-16 21:05:00,-15.7033333333,-16.6998573258,1023.0,  ,  ,0.0,0.0,92.0,0.0,  ,  ,0.0,  ,  
2018-12-16 21:10:00,-15.7,-16.6965538516,1023.0,  ,  ,0.0,0.0,92.0,0.0,  ,  ,0.0,  ,  
2018-12-16 21:15:00,-15.7,-16.6965538516,1023.05601392,  ,  ,0.0,0.0,92.0,0.0,  ,  ,0.0,  ,  
2018-12-16 21:20:00,-15.7454166667,-16.7917518659,1023.1,  ,  ,0.0,0.0,91.6125,0.0,  ,  ,0.0,  ,  
2018-12-16 21:25:00,-15.8354166667,-16.8911739798,1023.1,  ,  ,0.0,0.0,91.5333333333,0.0,  ,  ,0.0,  ,  
2018-12-16 21:30:00,-15.9,-16.9524427778,1023.0439341,  ,  ,0.0,0.0,91.5541666667,0.0,  ,  ,0.0,  ,  
2018-12-16 21:35:00,-15.9,-16.9621705244,1023.0,  ,  ,0.0,0.0,91.4791666667,0.0,  ,  ,0.0,  ,  
2018-12-16 21:40:00,-15.9220833333,-17.0463485457,1023.0,  ,  ,0.0,0.0,91.0,0.0,  ,  ,0.0,  ,  
2018-12-16 21:45:00,-16.0154166667,-17.1387381999,1023.05598609,  ,  ,0.0,0.0,91.0,0.0,  ,  ,0.0,  ,  
2018-12-16 21:50:00,-16.12875,-17.2509261671,1023.1,  ,  ,0.0,0.0,91.0,0.0,  ,  ,0.0,  ,  
2018-12-16 21:55:00,-16.2,-17.3214563999,1023.1,  ,  ,0.0,0.0,91.0,0.0,  ,  ,0.0,  ,  
2018-12-16 22:00:00,-16.2454166667,-17.3664143875,1023.04398608,  ,  ,0.0,0.0,91.0,0.0,  ,  ,0.0,  ,  
2018-12-16 22:05:00,-16.3,-17.4090858326,1023.0,  ,  ,0.0,0.0,91.0875,0.0,  ,  ,0.0,  ,  
2018-12-16 22:10:00,-16.2345833333,-17.226354215,1023.0,  ,  ,0.0,0.0,92.0,0.0,  ,  ,0.0,  ,  
2018-12-16 22:15:00,-16.2,-17.2205422143,1023.0,  ,  ,0.0,0.0,91.7791666667,0.0,  ,  ,0.0,  ,  
2018-12-16 22:20:00,-16.2254166667,-17.3466163631,1023.0,  ,  ,0.0,0.0,91.0,0.0,  ,  ,0.0,  ,  
2018-12-16 22:25:00,-16.3,-17.4448239368,1023.0,  ,  ,0.0,0.0,90.8125,0.0,  ,  ,0.0,  ,  
2018-12-16 22:30:00,-16.34875,-17.5991817835,1023.05598609,  ,  ,0.0,0.0,90.0,0.0,  ,  ,0.0,  ,  
2018-12-16 22:35:00,-16.4520833333,-17.7013512065,1023.1,  ,  ,0.0,0.0,90.0,0.0,  ,  ,0.0,  ,  
2018-12-16 22:40:00,-16.5654166667,-17.8134086127,1023.1,  ,  ,0.0,0.0,90.0,0.0,  ,  ,0.0,  ,  
2018-12-16 22:45:00,-16.6,-17.7190392528,1023.04398608,  ,  ,0.0,0.0,90.9875,0.0,  ,  ,0.0,  ,  
2018-12-16 22:50:00,-16.6,-17.717419867,1023.0,  ,  ,0.0,0.0,91.0,0.0,  ,  ,0.0,  ,  
2018-12-16 22:55:00,-16.62875,-17.7588373179,1023.0,  ,  ,0.0,0.0,90.9,0.0,  ,  ,0.0,  ,  
2018-12-16 23:00:00,-16.7,-17.8164118651,1023.0,  ,  ,0.0,0.0,91.0,0.0,  ,  ,0.0,  ,  
2018-12-16 23:05:00,-16.7,-17.8164118651,1023.0,  ,  ,0.0,0.0,91.0,0.0,  ,  ,0.0,  ,  
2018-12-16 23:10:00,-16.7686192469,-17.8886699883,1023.0,  ,  ,0.0,0.0,90.9665271967,0.0,  ,  ,0.0,  ,  
2018-12-16 23:15:00,-16.8016666667,-18.0013735855,1022.94405177,  ,  ,0.0,0.0,90.35,0.0,  ,  ,0.0,  ,  
2018-12-16 23:20:00,-16.8933333333,-18.0358210639,1022.9,  ,  ,0.0,0.0,90.7833333333,0.0,  ,  ,0.0,  ,  
2018-12-16 23:25:00,-16.9,-18.1181598819,1022.9,  ,  ,0.0,0.0,90.2,0.0,  ,  ,0.0,  ,  
2018-12-16 23:30:00,-16.9183333333,-18.0821552956,1022.84403579,  ,  ,0.0,0.0,90.6166666667,0.0,  ,  ,0.0,  ,  
2018-12-16 23:35:00,-16.9966666667,-18.1683058337,1022.8,  ,  ,0.0,0.0,90.55,0.0,  ,  ,0.0,  ,  
2018-12-16 23:40:00,-17.0883333333,-18.2482109243,1022.8,  ,  ,0.0,0.0,90.6333333333,0.0,  ,  ,0.0,  ,  
2018-12-16 23:45:00,-17.1066666667,-18.2901002131,1022.8,  ,  ,0.0,0.0,90.45,0.0,  ,  ,0.0,  ,  
2018-12-16 23:50:00,-17.195,-18.4359157857,1022.8,  ,  ,0.0,0.0,90.0,0.0,  ,  ,0.0,  ,  
  

    

