Time,TemperatureC,DewpointC,PressurehPa,WindDirection,WindDirectionDegrees,WindSpeedKMH,WindSpeedGustKMH,Humidity,HourlyPrecipMM,Conditions,Clouds,dailyrainMM,SoftwareType,DateUTC
                
2019-01-17 00:00:00,-4.5,-5.45743679159,983.7,  ,  ,0.900004474609,2.90001441819,93.0,0.0,  ,  ,0.0,  ,  
2019-01-17 00:05:00,-4.47666666667,-5.43429467129,983.7,  ,  ,0.900004474609,2.80001392101,93.0,0.0,  ,  ,0.0,  ,  
2019-01-17 00:10:00,-4.44,-5.39792852067,983.829189458,  ,  ,0.900004474609,2.40001193229,93.0,0.0,  ,  ,0.0,  ,  
2019-01-17 00:15:00,-4.41666666667,-5.37478644926,983.9,  ,  ,0.885421068771,2.80001392101,93.0,0.0,  ,  ,0.0,  ,  
2019-01-17 00:20:00,-4.43125,-5.44885999071,983.9,  ,  ,0.80000397743,2.10001044075,92.5791666667,0.0,  ,  ,0.0,  ,  
2019-01-17 00:25:00,-4.45541666667,-5.44151248106,983.96465302,  ,  ,0.770837165753,4.10002038433,92.8,0.0,  ,  ,0.0,  ,  
2019-01-17 00:30:00,-4.46,-5.53600835198,984.0,  ,  ,0.600002983073,3.10001541254,92.1666666667,0.0,  ,  ,0.0,  ,  
2019-01-17 00:35:00,-4.45791666667,-5.55770708938,984.0,  ,  ,0.62916979475,2.80001392101,92.0,0.0,  ,  ,0.0,  ,  
2019-01-17 00:40:00,-4.43208333333,-5.53211681534,984.064562624,  ,  ,0.80000397743,2.80001392101,92.0,0.0,  ,  ,0.0,  ,  
2019-01-17 00:45:00,-4.40125,-5.50157362003,984.1,  ,  ,0.80000397743,3.10001541254,92.0,0.0,  ,  ,0.0,  ,  
2019-01-17 00:50:00,-4.4,-5.50033538319,984.1,  ,  ,0.80000397743,5.50002734483,92.0,0.0,  ,  ,0.0,  ,  
2019-01-17 00:55:00,-4.34125,-5.44213832208,984.164612326,  ,  ,0.887504412462,3.40001690408,92.0,0.0,  ,  ,0.0,  ,  
2019-01-17 01:00:00,-4.3,-5.40127663837,984.2,  ,  ,1.4000069605,3.40001690408,92.0,0.0,  ,  ,0.0,  ,  
2019-01-17 01:05:00,-4.3,-5.40127663837,984.2,  ,  ,1.32708993131,3.60001789844,92.0,0.0,  ,  ,0.0,  ,  
2019-01-17 01:10:00,-4.3,-5.40127663837,984.2,  ,  ,0.900004474609,2.40001193229,92.0,0.0,  ,  ,0.0,  ,  
2019-01-17 01:15:00,-4.37541666667,-5.47598340463,984.2,  ,  ,0.768753822062,1.60000795486,92.0,0.0,  ,  ,0.0,  ,  
2019-01-17 01:20:00,-4.4,-5.50033538319,984.2,  ,  ,0.0,2.80001392101,92.0,0.0,  ,  ,0.0,  ,  
2019-01-17 01:25:00,-4.4,-5.50033538319,984.264702946,  ,  ,0.0875004350315,2.30001143511,92.0,0.0,  ,  ,0.0,  ,  
2019-01-17 01:30:00,-4.39666666667,-5.49703341857,984.3,  ,  ,0.600002983073,4.80002386458,92.0,0.0,  ,  ,0.0,  ,  
2019-01-17 01:35:00,-4.33791666667,-5.49906964736,984.3,  ,  ,0.643753200589,4.10002038433,91.5791666667,0.0,  ,  ,0.0,  ,  
2019-01-17 01:40:00,-4.3,-5.51602719889,984.364530551,  ,  ,0.900004474609,3.90001938997,91.2,0.0,  ,  ,0.0,  ,  
2019-01-17 01:45:00,-4.3,-5.52743121206,984.4,  ,  ,0.885421068771,2.80001392101,91.1208333333,0.0,  ,  ,0.0,  ,  
2019-01-17 01:50:00,-4.3,-5.53343685418,984.4,  ,  ,0.80000397743,3.60001789844,91.0791666667,0.0,  ,  ,0.0,  ,  
2019-01-17 01:55:00,-4.3,-5.54485429035,984.464594729,  ,  ,0.770837165753,3.10001541254,91.0,0.0,  ,  ,0.0,  ,  
2019-01-17 02:00:00,-4.30541666667,-5.42749329109,984.5,  ,  ,0.600002983073,2.40001193229,91.8541666667,0.0,  ,  ,0.0,  ,  
2019-01-17 02:05:00,-4.36,-5.4607118372,984.5,  ,  ,0.643753200589,3.10001541254,92.0,0.0,  ,  ,0.0,  ,  
2019-01-17 02:10:00,-4.38666666667,-5.4871275274,984.5,  ,  ,0.900004474609,1.9000094464,92.0,0.0,  ,  ,0.0,  ,  
2019-01-17 02:15:00,-4.39666666667,-5.49703341857,984.5,  ,  ,0.856254257094,2.30001143511,92.0,0.0,  ,  ,0.0,  ,  
2019-01-17 02:20:00,-4.32125,-5.42232658813,984.5,  ,  ,0.600002983073,4.80002386458,92.0,0.0,  ,  ,0.0,  ,  
2019-01-17 02:25:00,-4.3,-5.40127663837,984.629710867,  ,  ,0.643753200589,3.60001789844,92.0,0.0,  ,  ,0.0,  ,  
2019-01-17 02:30:00,-4.27,-5.37155909303,984.7,  ,  ,0.900004474609,2.30001143511,92.0,0.0,  ,  ,0.0,  ,  
2019-01-17 02:35:00,-4.20458333333,-5.36227492518,984.7,  ,  ,0.856254257094,2.60001292665,91.6125,0.0,  ,  ,0.0,  ,  
2019-01-17 02:40:00,-4.2,-5.44591838493,984.764743909,  ,  ,0.600002983073,3.40001690408,91.0,0.0,  ,  ,0.0,  ,  
2019-01-17 02:45:00,-4.2,-5.44591838493,984.8,  ,  ,0.62916979475,2.90001441819,91.0,0.0,  ,  ,0.0,  ,  
2019-01-17 02:50:00,-4.19666666667,-5.4426205292,984.8,  ,  ,0.80000397743,3.10001541254,91.0,0.0,  ,  ,0.0,  ,  
2019-01-17 02:55:00,-4.13458333333,-5.38119805811,984.86472926,  ,  ,0.80000397743,2.30001143511,91.0,0.0,  ,  ,0.0,  ,  
2019-01-17 03:00:00,-4.10333333333,-5.35329186636,984.9,  ,  ,0.80000397743,3.10001541254,90.9791666667,0.0,  ,  ,0.0,  ,  
2019-01-17 03:05:00,-4.1,-5.48248748149,984.9,  ,  ,0.770837165753,2.90001441819,90.0666666667,0.0,  ,  ,0.0,  ,  
2019-01-17 03:10:00,-4.1,-5.57331356343,984.9,  ,  ,0.600002983073,1.60000795486,89.4458333333,0.0,  ,  ,0.0,  ,  
2019-01-17 03:15:00,-4.06458333333,-5.69080906115,984.9,  ,  ,0.600002983073,2.90001441819,88.4125,0.0,  ,  ,0.0,  ,  
2019-01-17 03:20:00,-3.99125,-5.6073670881,984.9,  ,  ,0.600002983073,2.60001292665,88.4875,0.0,  ,  ,0.0,  ,  
2019-01-17 03:25:00,-3.96333333333,-5.50401178287,985.029635182,  ,  ,0.62916979475,2.90001441819,89.0,0.0,  ,  ,0.0,  ,  
2019-01-17 03:30:00,-3.93666666667,-5.45495746175,985.1,  ,  ,0.80000397743,1.4000069605,89.1541666667,0.0,  ,  ,0.0,  ,  
2019-01-17 03:35:00,-3.94541666667,-5.3962048721,985.1,  ,  ,0.770837165753,3.3000164069,89.6125,0.0,  ,  ,0.0,  ,  
2019-01-17 03:40:00,-4.0,-5.54019670237,985.1,  ,  ,0.600002983073,3.90001938997,89.0,0.0,  ,  ,0.0,  ,  
2019-01-17 03:45:00,-4.0,-5.55803325419,985.1,  ,  ,0.643753200589,5.10002535612,88.8791666667,0.0,  ,  ,0.0,  ,  
2019-01-17 03:50:00,-4.0,-5.80439714614,985.1,  ,  ,0.900004474609,3.80001889279,87.225,0.0,  ,  ,0.0,  ,  
2019-01-17 03:55:00,-3.90458333333,-5.96820369895,985.1,  ,  ,0.900004474609,5.60002784201,85.525,0.0,  ,  ,0.0,  ,  
2019-01-17 04:00:00,-3.87791666667,-6.23948848413,985.1,  ,  ,0.900004474609,3.40001690408,83.6,0.0,  ,  ,0.0,  ,  
2019-01-17 04:05:00,-3.8,-5.89355174323,985.1,  ,  ,0.972921503802,3.40001690408,85.3416666667,0.0,  ,  ,0.0,  ,  
2019-01-17 04:10:00,-3.8,-5.76438468447,985.229423459,  ,  ,1.4000069605,3.3000164069,86.1875,0.0,  ,  ,0.0,  ,  
2019-01-17 04:15:00,-3.83541666667,-5.67622370567,985.3,  ,  ,1.32708993131,2.90001441819,87.0,0.0,  ,  ,0.0,  ,  
2019-01-17 04:20:00,-3.89666666667,-5.68637846473,985.3,  ,  ,0.900004474609,5.10002535612,87.3333333333,0.0,  ,  ,0.0,  ,  
2019-01-17 04:25:00,-3.9,-5.73979447519,985.235285285,  ,  ,0.929171286286,4.80002386458,87.0,0.0,  ,  ,0.0,  ,  
2019-01-17 04:30:00,-3.9,-5.73979447519,985.2,  ,  ,1.10000546897,2.60001292665,87.0,0.0,  ,  ,0.0,  ,  
2019-01-17 04:35:00,-3.90541666667,-5.83389871353,985.2,  ,  ,1.10000546897,4.80002386458,86.4125,0.0,  ,  ,0.0,  ,  
2019-01-17 04:40:00,-3.99,-6.2502298527,985.26471173,  ,  ,1.10000546897,7.30003629405,84.2375,0.0,  ,  ,0.0,  ,  
2019-01-17 04:45:00,-4.01,-6.4869913918,985.3,  ,  ,1.21667271568,5.80002883637,82.8458333333,0.0,  ,  ,0.0,  ,  
2019-01-17 04:50:00,-4.08875,-6.72201676284,985.3,  ,  ,1.9000094464,7.00003480252,81.8458333333,0.0,  ,  ,0.0,  ,  
2019-01-17 04:55:00,-4.1,-6.81461368677,985.42945852,  ,  ,1.9000094464,4.60002287023,81.3333333333,0.0,  ,  ,0.0,  ,  
2019-01-17 05:00:00,-4.10541666667,-6.95893169697,985.5,  ,  ,1.9000094464,6.10003032791,80.4666666667,0.0,  ,  ,0.0,  ,  
2019-01-17 05:05:00,-4.19666666667,-7.05132209809,985.5,  ,  ,1.8270924172,4.10002038433,80.4458333333,0.0,  ,  ,0.0,  ,  
2019-01-17 05:10:00,-4.24541666667,-7.17085578267,985.5,  ,  ,1.4000069605,3.40001690408,80.0,0.0,  ,  ,0.0,  ,  
2019-01-17 05:15:00,-4.32541666667,-7.106044797,985.5,  ,  ,1.35625674299,4.30002137869,80.8875,0.0,  ,  ,0.0,  ,  
2019-01-17 05:20:00,-4.4,-7.16086871152,985.5,  ,  ,1.10000546897,3.3000164069,81.0,0.0,  ,  ,0.0,  ,  
2019-01-17 05:25:00,-4.44541666667,-7.09578149592,985.5,  ,  ,1.07083865729,2.90001441819,81.6875,0.0,  ,  ,0.0,  ,  
2019-01-17 05:30:00,-4.53875,-7.13757209231,985.5,  ,  ,0.900004474609,2.40001193229,82.0,0.0,  ,  ,0.0,  ,  
2019-01-17 05:35:00,-4.6,-7.19746448844,985.5,  ,  ,0.856254257094,2.30001143511,82.0,0.0,  ,  ,0.0,  ,  
2019-01-17 05:40:00,-4.6,-7.29049149551,985.564679583,  ,  ,0.600002983073,2.10001044075,81.4125,0.0,  ,  ,0.0,  ,  
2019-01-17 05:45:00,-4.6,-7.31367561197,985.6,  ,  ,0.62916979475,3.80001889279,81.2666666667,0.0,  ,  ,0.0,  ,  
2019-01-17 05:50:00,-4.52125,-7.27926667857,985.6,  ,  ,0.80000397743,3.90001938997,81.0,0.0,  ,  ,0.0,  ,  
2019-01-17 05:55:00,-4.51875,-7.26286031628,985.66471173,  ,  ,0.843754194946,2.60001292665,81.0875,0.0,  ,  ,0.0,  ,  
2019-01-17 06:00:00,-4.6,-7.19746448844,985.7,  ,  ,1.10000546897,2.10001044075,82.0,0.0,  ,  ,0.0,  ,  
2019-01-17 06:05:00,-4.60333333333,-7.08739256493,985.7,  ,  ,1.02708843977,3.80001889279,82.7208333333,0.0,  ,  ,0.0,  ,  
2019-01-17 06:10:00,-4.60333333333,-7.08869773722,985.7,  ,  ,0.600002983073,3.3000164069,82.7125,0.0,  ,  ,0.0,  ,  
2019-01-17 06:15:00,-4.6,-7.09980011852,985.7,  ,  ,0.62916979475,2.80001392101,82.6208333333,0.0,  ,  ,0.0,  ,  
2019-01-17 06:20:00,-4.6,-7.04047269374,985.7,  ,  ,0.80000397743,2.90001441819,83.0,0.0,  ,  ,0.0,  ,  
2019-01-17 06:25:00,-4.6,-7.04047269374,985.829429429,  ,  ,0.80000397743,3.3000164069,83.0,0.0,  ,  ,0.0,  ,  
2019-01-17 06:30:00,-4.6,-7.04047269374,985.9,  ,  ,0.80000397743,2.90001441819,83.0,0.0,  ,  ,0.0,  ,  
2019-01-17 06:35:00,-4.6,-7.04047269374,985.9,  ,  ,0.80000397743,4.10002038433,83.0,0.0,  ,  ,0.0,  ,  
2019-01-17 06:40:00,-4.61875,-7.20331066674,985.9,  ,  ,0.80000397743,4.50002237305,82.0791666667,0.0,  ,  ,0.0,  ,  
2019-01-17 06:45:00,-4.7,-7.23426557674,985.9,  ,  ,0.843754194946,3.3000164069,82.3875,0.0,  ,  ,0.0,  ,  
2019-01-17 06:50:00,-4.7,-7.13839016721,985.9,  ,  ,1.10000546897,3.90001938997,83.0,0.0,  ,  ,0.0,  ,  
2019-01-17 06:55:00,-4.74875,-7.16534629404,985.96472926,  ,  ,1.24583952735,7.1000352997,83.1333333333,0.0,  ,  ,0.0,  ,  
2019-01-17 07:00:00,-4.81875,-7.25466830939,986.0,  ,  ,2.10001044075,8.0000397743,83.0,0.0,  ,  ,0.0,  ,  
2019-01-17 07:05:00,-4.9,-7.33422775293,986.0,  ,  ,2.20209428162,6.30003132226,83.0,0.0,  ,  ,0.0,  ,  
2019-01-17 07:10:00,-4.96875,-7.40154773564,986.0,  ,  ,2.80001392101,5.60002784201,83.0,0.0,  ,  ,0.0,  ,  
2019-01-17 07:15:00,-5.06875,-7.47356993156,986.0,  ,  ,2.69793008014,5.10002535612,83.1666666667,0.0,  ,  ,0.0,  ,  
2019-01-17 07:20:00,-5.14541666667,-7.45779299784,986.0,  ,  ,2.10001044075,5.00002485894,83.7541666667,0.0,  ,  ,0.0,  ,  
2019-01-17 07:25:00,-5.20875,-7.48203917959,985.935252879,  ,  ,2.05626022324,5.60002784201,84.0,0.0,  ,  ,0.0,  ,  
2019-01-17 07:30:00,-5.3,-7.57151377029,985.9,  ,  ,1.80000894922,5.50002734483,84.0,0.0,  ,  ,0.0,  ,  
2019-01-17 07:35:00,-5.40208333333,-7.67161172905,985.9,  ,  ,1.81459235506,5.00002485894,84.0,0.0,  ,  ,0.0,  ,  
2019-01-17 07:40:00,-5.53083333333,-7.79785895165,985.770640835,  ,  ,1.9000094464,5.80002883637,84.0,0.0,  ,  ,0.0,  ,  
2019-01-17 07:45:00,-5.62208333333,-7.81794194419,985.7,  ,  ,1.9000094464,3.90001938997,84.4541666667,0.0,  ,  ,0.0,  ,  
2019-01-17 07:50:00,-5.71208333333,-7.82334791435,985.7,  ,  ,1.9000094464,5.30002635048,85.0,0.0,  ,  ,0.0,  ,  
2019-01-17 07:55:00,-5.82541666667,-7.93462829192,985.63528827,  ,  ,1.88542604056,4.10002038433,85.0,0.0,  ,  ,0.0,  ,  
2019-01-17 08:00:00,-5.92208333333,-8.02954469002,985.6,  ,  ,1.80000894922,3.90001938997,85.0,0.0,  ,  ,0.0,  ,  
2019-01-17 08:05:00,-6.07541666667,-8.0816774018,985.6,  ,  ,1.80000894922,6.00002983073,85.6541666667,0.0,  ,  ,0.0,  ,  
2019-01-17 08:10:00,-6.15875,-8.11184598808,985.6,  ,  ,1.80000894922,4.50002237305,86.0,0.0,  ,  ,0.0,  ,  
2019-01-17 08:15:00,-6.2,-8.15240308034,985.6,  ,  ,1.84375916673,4.50002237305,86.0,0.0,  ,  ,0.0,  ,  
2019-01-17 08:20:00,-6.21333333333,-8.16551246956,985.6,  ,  ,2.10001044075,4.60002287023,86.0,0.0,  ,  ,0.0,  ,  
2019-01-17 08:25:00,-6.29875,-8.22962479193,985.535320417,  ,  ,2.07084362908,3.80001889279,86.1333333333,0.0,  ,  ,0.0,  ,  
2019-01-17 08:30:00,-6.3,-8.10912897823,985.5,  ,  ,1.9000094464,5.30002635048,86.9541666667,0.0,  ,  ,0.0,  ,  
2019-01-17 08:35:00,-6.20458333333,-8.00842651206,985.5,  ,  ,1.95834306975,4.60002287023,87.0,0.0,  ,  ,0.0,  ,  
2019-01-17 08:40:00,-6.19333333333,-7.99735115619,985.43528827,  ,  ,2.30001143511,6.50003231662,87.0,0.0,  ,  ,0.0,  ,  
2019-01-17 08:45:00,-6.10125,-7.90669763268,985.4,  ,  ,2.41667868182,6.6000328138,87.0,0.0,  ,  ,0.0,  ,  
2019-01-17 08:50:00,-6.06458333333,-7.87060045849,985.4,  ,  ,3.10001541254,5.80002883637,87.0,0.0,  ,  ,0.0,  ,  
2019-01-17 08:55:00,-6.01,-7.81686505741,985.270681931,  ,  ,3.12918222422,7.30003629405,87.0,0.0,  ,  ,0.0,  ,  
2019-01-17 09:00:00,-6.0,-7.80702042518,985.2,  ,  ,3.3000164069,6.30003132226,87.0,0.0,  ,  ,0.0,  ,  
2019-01-17 09:05:00,-6.00541666667,-7.81235293348,985.2,  ,  ,3.31459981274,7.80003877995,87.0,0.0,  ,  ,0.0,  ,  
2019-01-17 09:10:00,-6.02,-7.82670969627,985.135256092,  ,  ,3.40001690408,6.00002983073,87.0,0.0,  ,  ,0.0,  ,  
2019-01-17 09:15:00,-6.01125,-7.8180956369,985.1,  ,  ,3.42918371576,7.30003629405,87.0,0.0,  ,  ,0.0,  ,  
2019-01-17 09:20:00,-5.97458333333,-7.78199868142,985.1,  ,  ,3.60001789844,8.10004027148,87.0,0.0,  ,  ,0.0,  ,  
2019-01-17 09:25:00,-5.9,-7.70857446736,985.03528827,  ,  ,3.67293492763,7.00003480252,87.0,0.0,  ,  ,0.0,  ,  
2019-01-17 09:30:00,-5.89458333333,-7.7032419969,985.0,  ,  ,4.10002038433,6.50003231662,87.0,0.0,  ,  ,0.0,  ,  
2019-01-17 09:35:00,-5.81,-7.61997367196,985.0,  ,  ,4.02710335514,6.80003380816,87.0,0.0,  ,  ,0.0,  ,  
2019-01-17 09:40:00,-5.8,-7.61012917227,984.935320417,  ,  ,3.60001789844,5.50002734483,87.0,0.0,  ,  ,0.0,  ,  
2019-01-17 09:45:00,-5.8,-7.61012917227,984.9,  ,  ,3.55626768092,9.30004623763,87.0,0.0,  ,  ,0.0,  ,  
2019-01-17 09:50:00,-5.71458333333,-7.57061264744,984.9,  ,  ,3.3000164069,6.80003380816,86.7,0.0,  ,  ,0.0,  ,  
2019-01-17 09:55:00,-5.69791666667,-7.50963361711,984.770505759,  ,  ,3.31459981274,6.30003132226,87.0,0.0,  ,  ,0.0,  ,  
2019-01-17 10:00:00,-5.60333333333,-7.41652202523,984.7,  ,  ,3.40001690408,7.60003778559,87.0,0.0,  ,  ,0.0,  ,  
2019-01-17 10:05:00,-5.59458333333,-7.40790820748,984.7,  ,  ,3.35626668656,6.50003231662,87.0,0.0,  ,  ,0.0,  ,  
2019-01-17 10:10:00,-5.54666666667,-7.35269273825,984.505864811,  ,  ,3.10001541254,8.5000422602,87.0541666667,0.0,  ,  ,0.0,  ,  
2019-01-17 10:15:00,-5.5,-7.16693308836,984.4,  ,  ,3.14376563006,7.60003778559,88.0,0.0,  ,  ,0.0,  ,  
2019-01-17 10:20:00,-5.46791666667,-7.07839651269,984.4,  ,  ,3.40001690408,7.00003480252,88.3875,0.0,  ,  ,0.0,  ,  
2019-01-17 10:25:00,-5.43666666667,-6.95804654937,984.141281669,  ,  ,3.38543349824,8.0000397743,89.0,0.0,  ,  ,0.0,  ,  
2019-01-17 10:30:00,-5.40333333333,-6.92514849924,984.0,  ,  ,3.3000164069,6.50003231662,89.0,0.0,  ,  ,0.0,  ,  
2019-01-17 10:35:00,-5.39666666667,-6.90885363244,984.0,  ,  ,3.31459981274,7.00003480252,89.0666666667,0.0,  ,  ,0.0,  ,  
2019-01-17 10:40:00,-5.32125,-6.78106251222,983.805864811,  ,  ,3.40001690408,8.5000422602,89.4333333333,0.0,  ,  ,0.0,  ,  
2019-01-17 10:45:00,-5.29,-6.70849458679,983.7,  ,  ,3.42918371576,8.0000397743,89.7208333333,0.0,  ,  ,0.0,  ,  
2019-01-17 10:50:00,-5.21791666667,-6.5968766772,983.7,  ,  ,3.60001789844,6.10003032791,90.0,0.0,  ,  ,0.0,  ,  
2019-01-17 10:55:00,-5.16125,-6.54088033086,983.570570571,  ,  ,3.62918471011,9.10004524327,90.0,0.0,  ,  ,0.0,  ,  
2019-01-17 11:00:00,-5.10333333333,-6.4836489383,983.5,  ,  ,3.80001889279,6.80003380816,90.0,0.0,  ,  ,0.0,  ,  
2019-01-17 11:05:00,-5.09333333333,-6.41299282413,983.5,  ,  ,3.87293592199,9.00004474609,90.4208333333,0.0,  ,  ,0.0,  ,  
2019-01-17 11:10:00,-5.06820083682,-6.30489582273,983.241293532,  ,  ,4.30002137869,7.50003728841,91.0,0.0,  ,  ,0.0,  ,  
2019-01-17 11:15:00,-4.995,-6.23247132495,983.1,  ,  ,4.24335443029,8.60004275738,91.0,0.0,  ,  ,0.0,  ,  
2019-01-17 11:20:00,-4.92333333333,-6.16156496126,983.1,  ,  ,3.90001938997,7.80003877995,91.0,0.0,  ,  ,0.0,  ,  
2019-01-17 11:25:00,-4.855,-6.09395678427,982.841550696,  ,  ,3.95668633837,7.00003480252,91.0,0.0,  ,  ,0.0,  ,  
2019-01-17 11:30:00,-4.8,-6.03954060006,982.7,  ,  ,4.30002137869,7.60003778559,91.0,0.0,  ,  ,0.0,  ,  
2019-01-17 11:35:00,-4.8,-6.03714643337,982.7,  ,  ,4.30002137869,9.80004872352,91.0166666667,0.0,  ,  ,0.0,  ,  
2019-01-17 11:40:00,-4.8,-5.89657436762,982.570839543,  ,  ,4.30002137869,7.1000352997,92.0,0.0,  ,  ,0.0,  ,  
2019-01-17 11:45:00,-4.74166666667,-5.8387891166,982.5,  ,  ,4.20085421899,8.10004027148,92.0,0.0,  ,  ,0.0,  ,  
2019-01-17 11:50:00,-4.7,-5.79751402073,982.5,  ,  ,3.60001789844,7.00003480252,92.0,0.0,  ,  ,0.0,  ,  
2019-01-17 11:55:00,-4.7,-5.79751402073,982.43535303,  ,  ,3.62835137264,10.0000497179,92.0,0.0,  ,  ,0.0,  ,  
2019-01-17 12:00:00,-4.63166666667,-5.66111743571,982.4,  ,  ,3.80001889279,6.30003132226,92.4833333333,0.0,  ,  ,0.0,  ,  
2019-01-17 12:05:00,-4.6,-5.55661752251,982.4,  ,  ,3.70085173309,6.10003032791,93.0,0.0,  ,  ,0.0,  ,  
2019-01-17 12:10:00,-4.545,-5.50206807729,982.270775348,  ,  ,3.10001541254,6.6000328138,93.0,0.0,  ,  ,0.0,  ,  
2019-01-17 12:15:00,-4.475,-5.43264166343,982.2,  ,  ,3.07168193834,5.50002734483,93.0,0.0,  ,  ,0.0,  ,  
2019-01-17 12:20:00,-4.41666666667,-5.37478644926,982.2,  ,  ,2.90001441819,8.0000397743,93.0,0.0,  ,  ,0.0,  ,  
2019-01-17 12:25:00,-4.335,-5.29378934907,982.006259314,  ,  ,3.04168178919,7.1000352997,93.0,0.0,  ,  ,0.0,  ,  
2019-01-17 12:30:00,-4.3,-5.25907637743,981.9,  ,  ,3.90001938997,7.80003877995,93.0,0.0,  ,  ,0.0,  ,  
2019-01-17 12:35:00,-4.245,-5.20452750842,981.9,  ,  ,3.90001938997,8.0000397743,93.0,0.0,  ,  ,0.0,  ,  
2019-01-17 12:40:00,-4.2,-5.15753618605,981.770775348,  ,  ,3.90001938997,7.60003778559,93.0166666667,0.0,  ,  ,0.0,  ,  
2019-01-17 12:45:00,-4.11833333333,-4.93783091234,981.7,  ,  ,3.88585265287,7.60003778559,94.0,0.0,  ,  ,0.0,  ,  
2019-01-17 12:50:00,-4.08833333333,-4.90804106041,981.7,  ,  ,3.80001889279,9.10004524327,94.0,0.0,  ,  ,0.0,  ,  
2019-01-17 12:55:00,-3.985,-4.80543177593,981.441541542,  ,  ,3.8991860525,9.30004623763,94.0,0.0,  ,  ,0.0,  ,  
2019-01-17 13:00:00,-3.89166666667,-4.71275269596,981.3,  ,  ,4.50002237305,9.30004623763,94.0,0.0,  ,  ,0.0,  ,  
2019-01-17 13:05:00,-3.79666666667,-4.61841889927,981.3,  ,  ,4.40085521334,8.80004375174,94.0,0.0,  ,  ,0.0,  ,  
2019-01-17 13:10:00,-3.725,-4.54725498518,981.170453413,  ,  ,3.80001889279,10.0000497179,94.0,0.0,  ,  ,0.0,  ,  
2019-01-17 13:15:00,-3.69666666667,-4.51912045676,981.1,  ,  ,3.9133527896,8.0000397743,94.0,0.0,  ,  ,0.0,  ,  
2019-01-17 13:20:00,-3.69,-4.51250057119,981.1,  ,  ,4.60002287023,7.60003778559,94.0,0.0,  ,  ,0.0,  ,  
2019-01-17 13:25:00,-3.61833333333,-4.44133688513,980.970775348,  ,  ,4.65668981863,10.5000522038,94.0,0.0,  ,  ,0.0,  ,  
2019-01-17 13:30:00,-3.6,-4.46785675775,980.9,  ,  ,5.00002485894,9.30004623763,93.6833333333,0.0,  ,  ,0.0,  ,  
2019-01-17 13:35:00,-3.59666666667,-4.56152001475,980.9,  ,  ,4.94335791054,8.30004126584,93.0,0.0,  ,  ,0.0,  ,  
2019-01-17 13:40:00,-3.59333333333,-4.55821410155,980.770839543,  ,  ,4.60002287023,10.3000512094,93.0,0.0,  ,  ,0.0,  ,  
2019-01-17 13:45:00,-3.59333333333,-4.55821410155,980.7,  ,  ,4.62835634443,8.5000422602,93.0,0.0,  ,  ,0.0,  ,  
2019-01-17 13:50:00,-3.58333333333,-4.54829636429,980.7,  ,  ,4.80002386458,8.80004375174,93.0,0.0,  ,  ,0.0,  ,  
2019-01-17 13:55:00,-3.57333333333,-4.53837863053,980.635387674,  ,  ,4.70085670488,9.30004623763,93.0,0.0,  ,  ,0.0,  ,  
2019-01-17 14:00:00,-3.53833333333,-4.50366658984,980.6,  ,  ,4.10002038433,9.30004623763,93.0,0.0,  ,  ,0.0,  ,  
2019-01-17 14:05:00,-3.515,-4.48052525315,980.6,  ,  ,4.10002038433,9.00004474609,93.0,0.0,  ,  ,0.0,  ,  
2019-01-17 14:10:00,-3.495,-4.46068983684,980.470706059,  ,  ,4.10002038433,9.50004723199,93.0,0.0,  ,  ,0.0,  ,  
2019-01-17 14:15:00,-3.455,-4.42101904611,980.4,  ,  ,4.22752101823,11.5000571756,93.0,0.0,  ,  ,0.0,  ,  
2019-01-17 14:20:00,-3.42,-4.38630715006,980.4,  ,  ,5.00002485894,9.00004474609,93.0,0.0,  ,  ,0.0,  ,  
2019-01-17 14:25:00,-3.4,-4.32137998112,980.270839543,  ,  ,4.90085769924,7.60003778559,93.3166666667,0.0,  ,  ,0.0,  ,  
2019-01-17 14:30:00,-3.4,-4.22453683238,980.2,  ,  ,4.30002137869,8.30004126584,94.0,0.0,  ,  ,0.0,  ,  
2019-01-17 14:35:00,-3.39666666667,-4.22122691893,980.2,  ,  ,4.30002137869,10.3000512094,94.0,0.0,  ,  ,0.0,  ,  
2019-01-17 14:40:00,-3.37666666667,-4.23909291175,980.2,  ,  ,4.30002137869,9.60004772917,93.7333333333,0.0,  ,  ,0.0,  ,  
2019-01-17 14:45:00,-3.34333333333,-4.16826834882,980.2,  ,  ,4.24335443029,7.00003480252,94.0,0.0,  ,  ,0.0,  ,  
2019-01-17 14:50:00,-3.315,-4.14013414295,980.2,  ,  ,3.90001938997,6.80003380816,94.0,0.0,  ,  ,0.0,  ,  
2019-01-17 14:55:00,-3.30333333333,-4.12854947691,980.135419772,  ,  ,3.82918570447,6.50003231662,94.0,0.0,  ,  ,0.0,  ,  
2019-01-17 15:00:00,-3.3,-4.12523957307,980.1,  ,  ,3.40001690408,6.6000328138,94.0,0.0,  ,  ,0.0,  ,  
2019-01-17 15:05:00,-3.28166666667,-4.10703510789,980.1,  ,  ,3.45668385248,9.60004772917,94.0,0.0,  ,  ,0.0,  ,  
2019-01-17 15:10:00,-3.20333333333,-4.02925250594,980.035493519,  ,  ,3.80001889279,8.0000397743,94.0,0.0,  ,  ,0.0,  ,  
2019-01-17 15:15:00,-3.2,-4.02594261205,980.0,  ,  ,3.8991860525,8.60004275738,94.0,0.0,  ,  ,0.0,  ,  
2019-01-17 15:20:00,-3.15166666667,-3.97794918781,980.0,  ,  ,4.50002237305,6.10003032791,94.0,0.0,  ,  ,0.0,  ,  
2019-01-17 15:25:00,-3.1,-3.92664594931,979.870706059,  ,  ,4.37252173914,8.60004275738,94.0,0.0,  ,  ,0.0,  ,  
2019-01-17 15:30:00,-3.06833333333,-3.89520206829,979.8,  ,  ,3.60001789844,7.00003480252,94.0,0.0,  ,  ,0.0,  ,  
2019-01-17 15:35:00,-3.0,-3.82734958485,979.8,  ,  ,3.64251810974,9.00004474609,94.0,0.0,  ,  ,0.0,  ,  
2019-01-17 15:40:00,-2.91166666667,-3.73963804436,979.670839543,  ,  ,3.90001938997,9.30004623763,94.0,0.0,  ,  ,0.0,  ,  
2019-01-17 15:45:00,-2.9,-3.72805351867,979.6,  ,  ,3.85751917867,8.10004027148,94.0,0.0,  ,  ,0.0,  ,  
2019-01-17 15:50:00,-2.83166666667,-3.66020137834,979.6,  ,  ,3.60001789844,9.80004872352,94.0,0.0,  ,  ,0.0,  ,  
2019-01-17 15:55:00,-2.8,-3.62875775077,979.470775348,  ,  ,3.72751853234,8.60004275738,94.0,0.0,  ,  ,0.0,  ,  
2019-01-17 16:00:00,-2.8,-3.62875775077,979.4,  ,  ,4.50002237305,7.1000352997,94.0,0.0,  ,  ,0.0,  ,  
2019-01-17 16:05:00,-2.73166666667,-3.56090581426,979.4,  ,  ,4.50002237305,8.30004126584,94.0,0.0,  ,  ,0.0,  ,  
2019-01-17 16:10:00,-2.7,-3.52946228115,979.270740189,  ,  ,4.50002237305,8.5000422602,94.0,0.0,  ,  ,0.0,  ,  
2019-01-17 16:15:00,-2.7,-3.52946228115,979.2,  ,  ,4.50002237305,8.30004126584,94.0,0.0,  ,  ,0.0,  ,  
2019-01-17 16:20:00,-2.62833333333,-3.45830071141,979.2,  ,  ,4.50002237305,8.0000397743,94.0,0.0,  ,  ,0.0,  ,  
2019-01-17 16:25:00,-2.6,-3.43016710981,979.135419772,  ,  ,4.37252173914,8.10004027148,94.0,0.0,  ,  ,0.0,  ,  
2019-01-17 16:30:00,-2.6,-3.43016710981,979.1,  ,  ,3.60001789844,8.80004375174,94.0,0.0,  ,  ,0.0,  ,  
2019-01-17 16:35:00,-2.6,-3.43016710981,979.1,  ,  ,3.67085158394,8.5000422602,94.0,0.0,  ,  ,0.0,  ,  
2019-01-17 16:40:00,-2.59666666667,-3.4268572759,979.03535303,  ,  ,4.10002038433,9.30004623763,94.0,0.0,  ,  ,0.0,  ,  
2019-01-17 16:45:00,-2.51833333333,-3.45142261122,979.0,  ,  ,4.10002038433,7.80003877995,93.2833333333,0.0,  ,  ,0.0,  ,  
2019-01-17 16:50:00,-2.5,-3.35699194517,979.0,  ,  ,4.10002038433,8.0000397743,93.8166666667,0.0,  ,  ,0.0,  ,  
2019-01-17 16:55:00,-2.5,-3.33087223674,978.870839543,  ,  ,4.07168691013,7.60003778559,94.0,0.0,  ,  ,0.0,  ,  
2019-01-17 17:00:00,-2.5,-3.33087223674,978.8,  ,  ,3.90001938997,10.0000497179,94.0,0.0,  ,  ,0.0,  ,  
2019-01-17 17:05:00,-2.455,-3.36948686001,978.8,  ,  ,3.99918654968,10.0000497179,93.4166666667,0.0,  ,  ,0.0,  ,  
2019-01-17 17:10:00,-2.4,-3.32685644383,978.735387674,  ,  ,4.60002287023,9.80004872352,93.3333333333,0.0,  ,  ,0.0,  ,  
2019-01-17 17:15:00,-2.4,-3.2815241153,978.7,  ,  ,4.55752265892,7.80003877995,93.65,0.0,  ,  ,0.0,  ,  
2019-01-17 17:20:00,-2.4,-3.25058542765,978.7,  ,  ,4.30002137869,9.80004872352,93.8666666667,0.0,  ,  ,0.0,  ,  
2019-01-17 17:25:00,-2.4,-3.23157766195,978.570775348,  ,  ,4.34252158999,8.5000422602,94.0,0.0,  ,  ,0.0,  ,  
2019-01-17 17:30:00,-2.39333333333,-3.22495803424,978.5,  ,  ,4.60002287023,9.00004474609,94.0,0.0,  ,  ,0.0,  ,  
2019-01-17 17:35:00,-2.36,-3.19185991555,978.5,  ,  ,4.58585613312,9.30004623763,94.0,0.0,  ,  ,0.0,  ,  
2019-01-17 17:40:00,-2.335,-3.16703634828,978.370839543,  ,  ,4.50002237305,9.80004872352,94.0,0.0,  ,  ,0.0,  ,  
2019-01-17 17:45:00,-2.3,-3.13228338543,978.3,  ,  ,4.34418826494,9.10004524327,94.0,0.0,  ,  ,0.0,  ,  
2019-01-17 17:50:00,-2.3,-3.13228338543,978.3,  ,  ,3.40001690408,10.600052701,94.0,0.0,  ,  ,0.0,  ,  
2019-01-17 17:55:00,-2.3,-3.13228338543,978.041412118,  ,  ,3.64085143479,8.80004375174,94.0,0.0,  ,  ,0.0,  ,  
2019-01-17 18:00:00,-2.3,-3.13228338543,977.9,  ,  ,5.10002535612,9.80004872352,94.0,0.0,  ,  ,0.0,  ,  
2019-01-17 18:05:00,-2.3,-3.13228338543,977.9,  ,  ,4.98669145932,6.30003132226,94.0,0.0,  ,  ,0.0,  ,  
2019-01-17 18:10:00,-2.3,-3.13228338543,977.835370094,  ,  ,4.30002137869,8.60004275738,94.0,0.0,  ,  ,0.0,  ,  
2019-01-17 18:15:00,-2.3,-3.13228338543,977.8,  ,  ,4.30002137869,8.0000397743,94.0,0.0,  ,  ,0.0,  ,  
2019-01-17 18:20:00,-2.29666666667,-3.07914800032,977.8,  ,  ,4.30002137869,7.80003877995,94.35,0.0,  ,  ,0.0,  ,  
2019-01-17 18:25:00,-2.225,-2.98664040139,977.735419771,  ,  ,4.24335443029,9.00004474609,94.5,0.0,  ,  ,0.0,  ,  
2019-01-17 18:30:00,-2.2,-2.89094713772,977.7,  ,  ,3.90001938997,7.80003877995,95.0,0.0,  ,  ,0.0,  ,  
2019-01-17 18:35:00,-2.2,-2.89094713772,977.7,  ,  ,3.90001938997,7.60003778559,95.0,0.0,  ,  ,0.0,  ,  
2019-01-17 18:40:00,-2.2,-2.89094713772,977.441550696,  ,  ,3.90001938997,9.50004723199,95.0,0.0,  ,  ,0.0,  ,  
2019-01-17 18:45:00,-2.2,-2.89094713772,977.3,  ,  ,3.90001938997,8.10004027148,95.0,0.0,  ,  ,0.0,  ,  
2019-01-17 18:50:00,-2.2,-2.89094713772,977.3,  ,  ,3.90001938997,9.50004723199,95.0,0.0,  ,  ,0.0,  ,  
2019-01-17 18:55:00,-2.125,-2.8163866555,977.170839543,  ,  ,3.98501981258,9.60004772917,95.0,0.0,  ,  ,0.0,  ,  
2019-01-17 19:00:00,-2.1,-2.79153319239,977.1,  ,  ,4.50002237305,9.50004723199,95.0,0.0,  ,  ,0.0,  ,  
2019-01-17 19:05:00,-2.1,-2.79153319239,977.1,  ,  ,4.58502279565,10.600052701,95.0,0.0,  ,  ,0.0,  ,  
2019-01-17 19:10:00,-2.02208333333,-2.71407333168,976.970806209,  ,  ,5.10002535612,8.60004275738,95.0,0.0,  ,  ,0.0,  ,  
2019-01-17 19:15:00,-2.0,-2.69211949476,976.9,  ,  ,5.03098735597,9.30004623763,95.0,0.0,  ,  ,0.0,  ,  
2019-01-17 19:20:00,-1.99333333333,-2.68549192373,976.9,  ,  ,4.60002287023,9.80004872352,95.0,0.0,  ,  ,0.0,  ,  
2019-01-17 19:25:00,-1.93875,-2.63122872729,976.835390742,  ,  ,4.66877321204,9.60004772917,95.0,0.0,  ,  ,0.0,  ,  
2019-01-17 19:30:00,-1.9,-2.59270604484,976.8,  ,  ,5.10002535612,9.60004772917,95.0,0.0,  ,  ,0.0,  ,  
2019-01-17 19:35:00,-1.9,-2.59270604484,976.8,  ,  ,4.99002480922,8.30004126584,95.0,0.0,  ,  ,0.0,  ,  
2019-01-17 19:40:00,-1.9,-2.59270604484,976.8,  ,  ,4.30002137869,11.3000561812,95.0,0.0,  ,  ,0.0,  ,  
2019-01-17 19:45:00,-1.9,-2.59270604484,976.8,  ,  ,4.32752151541,9.00004474609,95.0,0.0,  ,  ,0.0,  ,  
2019-01-17 19:50:00,-1.83333333333,-2.52643054918,976.8,  ,  ,4.50002237305,7.60003778559,95.0,0.0,  ,  ,0.0,  ,  
2019-01-17 19:55:00,-1.80541666667,-2.49867771807,976.670974155,  ,  ,4.47252223632,8.5000422602,95.0,0.0,  ,  ,0.0,  ,  
2019-01-17 20:00:00,-1.8,-2.49329284263,976.6,  ,  ,4.30002137869,8.60004275738,95.0,0.0,  ,  ,0.0,  ,  
2019-01-17 20:05:00,-1.8,-2.49329284263,976.6,  ,  ,4.34127158377,9.00004474609,95.0,0.0,  ,  ,0.0,  ,  
2019-01-17 20:10:00,-1.8,-2.49329284263,976.535469449,  ,  ,4.60002287023,8.0000397743,95.0,0.0,  ,  ,0.0,  ,  
2019-01-17 20:15:00,-1.8,-2.49329284263,976.5,  ,  ,4.53127252841,8.10004027148,95.0,0.0,  ,  ,0.0,  ,  
2019-01-17 20:20:00,-1.79541666667,-2.48873641013,976.5,  ,  ,4.10002038433,7.50003728841,95.0,0.0,  ,  ,0.0,  ,  
2019-01-17 20:25:00,-1.73,-2.42370374847,976.435678643,  ,  ,4.07252024761,9.50004723199,95.0,0.0,  ,  ,0.0,  ,  
2019-01-17 20:30:00,-1.7,-2.39387988812,976.4,  ,  ,3.90001938997,8.10004027148,95.0,0.0,  ,  ,0.0,  ,  
2019-01-17 20:35:00,-1.7,-2.39387988812,976.4,  ,  ,3.95501966342,8.30004126584,95.0,0.0,  ,  ,0.0,  ,  
2019-01-17 20:40:00,-1.67875,-2.3727546672,976.206359539,  ,  ,4.30002137869,8.5000422602,95.0,0.0,  ,  ,0.0,  ,  
2019-01-17 20:45:00,-1.6,-2.29446718132,976.1,  ,  ,4.32752151541,9.50004723199,95.0,0.0,  ,  ,0.0,  ,  
2019-01-17 20:50:00,-1.6,-2.29446718132,976.1,  ,  ,4.50002237305,9.00004474609,95.0,0.0,  ,  ,0.0,  ,  
2019-01-17 20:55:00,-1.54541666667,-2.24020451669,976.035519126,  ,  ,4.61002291994,9.10004524327,95.0,0.0,  ,  ,0.0,  ,  
2019-01-17 21:00:00,-1.45875,-2.18906141063,976.0,  ,  ,5.30002635048,12.0000596615,94.7541666667,0.0,  ,  ,0.0,  ,  
2019-01-17 21:05:00,-1.33875,-2.17783236593,976.0,  ,  ,5.20377587194,12.300061153,94.0,0.0,  ,  ,0.0,  ,  
2019-01-17 21:10:00,-1.3,-2.13935702495,975.870974155,  ,  ,4.60002287023,9.60004772917,94.0,0.0,  ,  ,0.0,  ,  
2019-01-17 21:15:00,-1.20875,-2.04875397955,975.8,  ,  ,4.72377348548,13.0000646332,94.0,0.0,  ,  ,0.0,  ,  
2019-01-17 21:20:00,-1.12875,-1.96932137693,975.8,  ,  ,5.50002734483,9.10004524327,94.0,0.0,  ,  ,0.0,  ,  
2019-01-17 21:25:00,-1.16791666667,-2.00821023145,975.735487078,  ,  ,5.4037768663,9.80004872352,94.0,0.0,  ,  ,0.0,  ,  
2019-01-17 21:30:00,-1.2,-2.04006602934,975.7,  ,  ,4.80002386458,10.600052701,94.0,0.0,  ,  ,0.0,  ,  
2019-01-17 21:35:00,-1.17208333333,-2.01234734632,975.7,  ,  ,4.91002441148,12.0000596615,94.0,0.0,  ,  ,0.0,  ,  
2019-01-17 21:40:00,-1.1,-1.94077533199,975.571038251,  ,  ,5.60002784201,11.0000546897,94.0,0.0,  ,  ,0.0,  ,  
2019-01-17 21:45:00,-1.1,-1.94077533199,975.5,  ,  ,5.5312775002,11.3000561812,94.0,0.0,  ,  ,0.0,  ,  
2019-01-17 21:50:00,-1.1,-1.94077533199,975.5,  ,  ,5.10002535612,11.1000551868,94.0,0.0,  ,  ,0.0,  ,  
2019-01-17 21:55:00,-1.00416666667,-1.77670168377,975.435485485,  ,  ,5.19627583465,10.1000502151,94.4791666667,0.0,  ,  ,0.0,  ,  
2019-01-17 22:00:00,-0.9,-1.59858516932,975.4,  ,  ,5.80002883637,9.80004872352,95.0,0.0,  ,  ,0.0,  ,  
2019-01-17 22:05:00,-0.9,-1.59858516932,975.4,  ,  ,5.73127849456,10.3000512094,95.0,0.0,  ,  ,0.0,  ,  
2019-01-17 22:10:00,-0.872083333333,-1.57083298361,975.335435435,  ,  ,5.30002635048,9.80004872352,95.0,0.0,  ,  ,0.0,  ,  
2019-01-17 22:15:00,-0.8,-1.49917444411,975.3,  ,  ,5.36877669229,12.0000596615,95.0,0.0,  ,  ,0.0,  ,  
2019-01-17 22:20:00,-0.8,-1.49917444411,975.3,  ,  ,5.80002883637,11.3000561812,95.0,0.0,  ,  ,0.0,  ,  
2019-01-17 22:25:00,-0.8,-1.49917444411,975.3,  ,  ,5.75877863128,12.300061153,95.0,0.0,  ,  ,0.0,  ,  
2019-01-17 22:30:00,-0.8,-1.47534962735,975.3,  ,  ,5.50002734483,10.600052701,95.1666666667,0.0,  ,  ,0.0,  ,  
2019-01-17 22:35:00,-0.8,-1.36918381129,975.3,  ,  ,5.47252720811,10.5000522038,95.9125,0.0,  ,  ,0.0,  ,  
2019-01-17 22:40:00,-0.8,-1.35677652493,975.235487078,  ,  ,5.30002635048,8.10004027148,96.0,0.0,  ,  ,0.0,  ,  
2019-01-17 22:45:00,-0.745416666667,-1.30244948953,975.2,  ,  ,5.19002580358,9.10004524327,96.0,0.0,  ,  ,0.0,  ,  
2019-01-17 22:50:00,-0.7,-1.25724612324,975.2,  ,  ,4.50002237305,9.80004872352,96.0,0.0,  ,  ,0.0,  ,  
2019-01-17 22:55:00,-0.696666666667,-1.25392844658,975.2,  ,  ,4.61002291994,8.60004275738,96.0,0.0,  ,  ,0.0,  ,  
2019-01-17 23:00:00,-0.615416666667,-1.17306014598,975.2,  ,  ,5.30002635048,7.00003480252,96.0,0.0,  ,  ,0.0,  ,  
2019-01-17 23:05:00,-0.6,-1.15771591904,975.2,  ,  ,5.10752539341,9.00004474609,96.0,0.0,  ,  ,0.0,  ,  
2019-01-17 23:10:00,-0.6,-1.15771591904,975.264512922,  ,  ,3.90001938997,6.30003132226,96.0,0.0,  ,  ,0.0,  ,  
2019-01-17 23:15:00,-0.565416666667,-1.12329510271,975.3,  ,  ,3.9275195267,9.60004772917,96.0,0.0,  ,  ,0.0,  ,  
2019-01-17 23:20:00,-0.42875,-0.987270903016,975.3,  ,  ,4.10002038433,8.10004027148,96.0,0.0,  ,  ,0.0,  ,  
2019-01-17 23:25:00,-0.355416666667,-0.914282460122,975.3,  ,  ,4.15502065778,9.60004772917,96.0,0.0,  ,  ,0.0,  ,  
2019-01-17 23:30:00,-0.27875,-0.896813255756,975.3,  ,  ,4.50002237305,11.8000586671,95.5875,0.0,  ,  ,0.0,  ,  
2019-01-17 23:35:00,-0.2,-0.902715294447,975.3,  ,  ,4.50002237305,9.80004872352,95.0,0.0,  ,  ,0.0,  ,  
2019-01-17 23:40:00,-0.145416666667,-0.848454522629,975.493543544,  ,  ,4.50002237305,9.00004474609,95.0,0.0,  ,  ,0.0,  ,  
2019-01-17 23:45:00,-0.1,-0.803306303089,975.6,  ,  ,4.4450220996,9.50004723199,95.0,0.0,  ,  ,0.0,  ,  
2019-01-17 23:50:00,-0.00875,-0.712595814603,975.6,  ,  ,4.10002038433,8.0000397743,95.0,0.0,  ,  ,0.0,  ,  
  

    

