Time,TemperatureC,DewpointC,PressurehPa,WindDirection,WindDirectionDegrees,WindSpeedKMH,WindSpeedGustKMH,Humidity,HourlyPrecipMM,Conditions,Clouds,dailyrainMM,SoftwareType,DateUTC
                
2019-07-18 00:00:00,15.1866666667,14.8723265937,743.198615628,  ,  ,0.0,1.80000894922,98.0,0.0,  ,  ,0.0,  ,  
2019-07-18 00:05:00,15.180334728,14.8660103864,743.161112544,  ,  ,0.0,0.0,98.0,0.0,  ,  ,0.0,  ,  
2019-07-18 00:10:00,15.1895833333,14.875236014,743.161112544,  ,  ,0.0,0.0,98.0,0.0,  ,  ,0.0,  ,  
2019-07-18 00:15:00,15.1633333333,14.8490512287,743.12360946,  ,  ,0.0,0.900004474609,98.0,0.0,  ,  ,0.0,  ,  
2019-07-18 00:20:00,15.1104166667,14.7962660061,743.086106376,  ,  ,0.0,0.0,98.0,0.0,  ,  ,0.0,  ,  
2019-07-18 00:25:00,15.1,14.785875211,743.086106376,  ,  ,0.0,0.0,98.0,0.0,  ,  ,0.0,  ,  
2019-07-18 00:30:00,15.1,14.785875211,743.048584662,  ,  ,0.0,0.0,98.0,0.0,  ,  ,0.0,  ,  
2019-07-18 00:35:00,15.1,14.785875211,743.011100208,  ,  ,0.0,0.0,98.0,0.0,  ,  ,0.0,  ,  
2019-07-18 00:40:00,15.1,14.785875211,743.011100208,  ,  ,0.0,0.0,98.0,0.0,  ,  ,0.0,  ,  
2019-07-18 00:45:00,15.1,14.785875211,742.936056779,  ,  ,0.0,0.0,98.0,0.0,  ,  ,0.0,  ,  
2019-07-18 00:50:00,15.1,14.785875211,742.861087872,  ,  ,0.0,0.0,98.0,0.0,  ,  ,0.0,  ,  
2019-07-18 00:55:00,15.0933333333,14.7792251016,742.861087872,  ,  ,0.0,0.0,98.0,0.0,  ,  ,0.0,  ,  
2019-07-18 01:00:00,15.0733333333,14.7592747707,742.823659347,  ,  ,0.0,0.0,98.0,0.0,  ,  ,0.0,  ,  
2019-07-18 01:05:00,15.0366666667,14.722699154,742.786081704,  ,  ,0.0,0.0,98.0,0.0,  ,  ,0.0,  ,  
2019-07-18 01:10:00,15.0104166667,14.6965143293,742.786081704,  ,  ,0.0,0.0,98.0,0.0,  ,  ,0.0,  ,  
2019-07-18 01:15:00,15.0,14.686123524,742.748634511,  ,  ,0.0,0.0,98.0,0.0,  ,  ,0.0,  ,  
2019-07-18 01:20:00,15.0,14.686123524,742.711075536,  ,  ,0.0,0.0,98.0,0.0,  ,  ,0.0,  ,  
2019-07-18 01:25:00,14.9966666667,14.6827984661,742.711075536,  ,  ,0.0,0.0,98.0,0.0,  ,  ,0.0,  ,  
2019-07-18 01:30:00,14.9670833333,14.6532885723,742.636181151,  ,  ,0.0,0.0,98.0,0.0,  ,  ,0.0,  ,  
2019-07-18 01:35:00,14.91,14.5963469219,742.5610632,  ,  ,0.0,0.0,98.0,0.0,  ,  ,0.0,  ,  
2019-07-18 01:40:00,14.9,14.586371739,742.5610632,  ,  ,0.0,0.0,98.0,0.0,  ,  ,0.0,  ,  
2019-07-18 01:45:00,14.9,14.586371739,742.5610632,  ,  ,0.0,0.0,98.0,0.0,  ,  ,0.0,  ,  
2019-07-18 01:50:00,14.9,14.586371739,742.5610632,  ,  ,0.0,0.0,98.0,0.0,  ,  ,0.0,  ,  
2019-07-18 01:55:00,14.9,14.586371739,742.5610632,  ,  ,0.0,0.0,98.0,0.0,  ,  ,0.0,  ,  
2019-07-18 02:00:00,14.9,14.586371739,742.5610632,  ,  ,0.0,0.0,98.0,0.0,  ,  ,0.0,  ,  
2019-07-18 02:05:00,14.9,14.6856344536,742.5610632,  ,  ,0.0,0.0,98.6291666667,0.0,  ,  ,0.0,  ,  
2019-07-18 02:10:00,14.9,14.743880465,742.5610632,  ,  ,0.0,0.0,99.0,0.0,  ,  ,0.0,  ,  
2019-07-18 02:15:00,14.9,14.743880465,742.486395067,  ,  ,0.0,0.0,99.0,0.0,  ,  ,0.0,  ,  
2019-07-18 02:20:00,14.9,14.743880465,742.411050864,  ,  ,0.0,0.0,99.0,0.0,  ,  ,0.0,  ,  
2019-07-18 02:25:00,14.9,14.743880465,742.411050864,  ,  ,0.0,0.0,99.0,0.0,  ,  ,0.0,  ,  
2019-07-18 02:30:00,14.9,14.743880465,742.298709286,  ,  ,0.0,0.0,99.0,0.0,  ,  ,0.0,  ,  
2019-07-18 02:35:00,14.9,14.743880465,742.18603236,  ,  ,0.0,0.0,99.0,0.0,  ,  ,0.0,  ,  
2019-07-18 02:40:00,14.9,14.743880465,742.18603236,  ,  ,0.0,0.0,99.0,0.0,  ,  ,0.0,  ,  
2019-07-18 02:45:00,14.9,14.743880465,742.148659689,  ,  ,0.0,0.0,99.0,0.0,  ,  ,0.0,  ,  
2019-07-18 02:50:00,14.9,14.743880465,742.111026192,  ,  ,0.0,0.0,99.0,0.0,  ,  ,0.0,  ,  
2019-07-18 02:55:00,14.9,14.743880465,742.111026192,  ,  ,0.0,0.0,99.0,0.0,  ,  ,0.0,  ,  
2019-07-18 03:00:00,14.9,14.743880465,742.111026192,  ,  ,0.0,0.0,99.0,0.0,  ,  ,0.0,  ,  
2019-07-18 03:05:00,14.9,14.743880465,742.111026192,  ,  ,0.0,0.0,99.0,0.0,  ,  ,0.0,  ,  
2019-07-18 03:10:00,14.9,14.743880465,742.111026192,  ,  ,0.0,0.0,99.0,0.0,  ,  ,0.0,  ,  
2019-07-18 03:15:00,14.9,14.743880465,742.073672078,  ,  ,0.0,0.0,99.0,0.0,  ,  ,0.0,  ,  
2019-07-18 03:20:00,14.9,14.743880465,742.036020024,  ,  ,0.0,0.0,99.0,0.0,  ,  ,0.0,  ,  
2019-07-18 03:25:00,14.9033333333,14.7472096792,742.036020024,  ,  ,0.0,0.0,99.0,0.0,  ,  ,0.0,  ,  
2019-07-18 03:30:00,14.9,14.743880465,741.998554219,  ,  ,0.0,0.0,99.0,0.0,  ,  ,0.0,  ,  
2019-07-18 03:35:00,14.9166666667,14.7605265356,741.961013856,  ,  ,0.0,0.0,99.0,0.0,  ,  ,0.0,  ,  
2019-07-18 03:40:00,14.9033333333,14.7001028907,741.961013856,  ,  ,0.0,0.0,98.7,0.0,  ,  ,0.0,  ,  
2019-07-18 03:45:00,14.9033333333,14.6430143551,741.923696984,  ,  ,0.0,0.0,98.3375,0.0,  ,  ,0.0,  ,  
2019-07-18 03:50:00,14.9,14.586371739,741.886007688,  ,  ,0.0,0.0,98.0,0.0,  ,  ,0.0,  ,  
2019-07-18 03:55:00,14.9,14.586371739,741.886007688,  ,  ,0.0,0.0,98.0,0.0,  ,  ,0.0,  ,  
2019-07-18 04:00:00,14.9,14.60679568,741.886007688,  ,  ,0.0,0.0,98.1291666667,0.0,  ,  ,0.0,  ,  
2019-07-18 04:05:00,14.9,14.6921885179,741.886007688,  ,  ,0.0,0.0,98.6708333333,0.0,  ,  ,0.0,  ,  
2019-07-18 04:10:00,14.9,14.6225915758,741.886007688,  ,  ,0.0,0.0,98.2291666667,0.0,  ,  ,0.0,  ,  
2019-07-18 04:15:00,14.9,14.743880465,741.848747041,  ,  ,0.0,0.0,99.0,0.0,  ,  ,0.0,  ,  
2019-07-18 04:20:00,14.9,14.743880465,741.81100152,  ,  ,0.0,0.0,99.0,0.0,  ,  ,0.0,  ,  
2019-07-18 04:25:00,14.9,14.7340771432,741.81100152,  ,  ,0.0,0.0,98.9375,0.0,  ,  ,0.0,  ,  
2019-07-18 04:30:00,14.9,14.7170718455,741.81100152,  ,  ,0.0,0.0,98.8291666667,0.0,  ,  ,0.0,  ,  
2019-07-18 04:35:00,14.9,14.743880465,741.81100152,  ,  ,0.0,0.0,99.0,0.0,  ,  ,0.0,  ,  
2019-07-18 04:40:00,14.9,14.743880465,741.81100152,  ,  ,0.0,0.0,99.0,0.0,  ,  ,0.0,  ,  
2019-07-18 04:45:00,14.9,14.743880465,741.736295677,  ,  ,0.0,0.0,99.0,0.0,  ,  ,0.0,  ,  
2019-07-18 04:50:00,14.9,14.743880465,741.660989184,  ,  ,0.0,0.0,99.0,0.0,  ,  ,0.0,  ,  
2019-07-18 04:55:00,14.9,14.743880465,741.660989184,  ,  ,0.0,0.0,99.0,0.0,  ,  ,0.0,  ,  
2019-07-18 05:00:00,14.9,14.743880465,741.623597938,  ,  ,0.0,0.0,99.0,0.0,  ,  ,0.254,  ,  
2019-07-18 05:05:00,14.9,14.743880465,741.585983016,  ,  ,0.0,0.0,99.0,0.0,  ,  ,0.254,  ,  
2019-07-18 05:10:00,14.9,14.743880465,741.585983016,  ,  ,0.0,0.0,99.0,0.0,  ,  ,0.254,  ,  
2019-07-18 05:15:00,14.9,14.743880465,741.585983016,  ,  ,0.0,0.0,99.0,0.0,  ,  ,0.254,  ,  
2019-07-18 05:20:00,14.91,14.7538681075,741.585983016,  ,  ,0.0,0.0,99.0,0.0,  ,  ,0.254,  ,  
2019-07-18 05:25:00,14.9995833333,14.8433407171,741.585983016,  ,  ,0.0,0.0,99.0,0.0,  ,  ,0.254,  ,  
2019-07-18 05:30:00,15.0,14.8437568686,741.54862905,  ,  ,0.0,0.0,99.0,0.0,  ,  ,0.762,  ,  
2019-07-18 05:35:00,15.0329166667,14.8766328408,741.510976848,  ,  ,0.0,0.0,99.0,0.0,  ,  ,0.762,  ,  
2019-07-18 05:40:00,15.00375,14.8475022328,741.510976848,  ,  ,0.0,0.0,99.0,0.0,  ,  ,0.762,  ,  
2019-07-18 05:45:00,15.0033333333,14.8470860813,741.473566916,  ,  ,0.0,0.0,99.0,0.0,  ,  ,0.762,  ,  
2019-07-18 05:50:00,15.0429166667,14.8866204769,741.43597068,  ,  ,0.0,0.0,99.0,0.0,  ,  ,0.762,  ,  
2019-07-18 05:55:00,15.1,14.9436332235,741.43597068,  ,  ,0.0,0.0,99.0,0.0,  ,  ,0.762,  ,  
2019-07-18 06:00:00,15.1,14.9436332235,741.43597068,  ,  ,0.0,0.0,99.0,0.0,  ,  ,0.762,  ,  
2019-07-18 06:05:00,15.1166666667,14.9602792778,741.43597068,  ,  ,0.0,0.0,99.0,0.0,  ,  ,0.762,  ,  
2019-07-18 06:10:00,15.2258333333,15.0693109005,741.43597068,  ,  ,0.0,0.600002983073,99.0,0.0,  ,  ,0.762,  ,  
2019-07-18 06:15:00,15.3,15.1433857864,741.473287367,  ,  ,0.0,0.0,99.0,0.0,  ,  ,0.762,  ,  
2019-07-18 06:20:00,15.3,15.1433857864,741.510976848,  ,  ,0.0,0.0,99.0,0.0,  ,  ,0.762,  ,  
2019-07-18 06:25:00,15.3429166667,15.1862493318,741.510976848,  ,  ,0.0,0.0,99.0,0.0,  ,  ,0.762,  ,  
2019-07-18 06:30:00,15.4,15.2432619946,741.473641438,  ,  ,0.0,0.0,99.0,0.0,  ,  ,0.762,  ,  
2019-07-18 06:35:00,15.4825,15.3256598296,741.43597068,  ,  ,0.0,2.10001044075,99.0,0.0,  ,  ,0.762,  ,  
2019-07-18 06:40:00,15.6,15.4430142644,741.43597068,  ,  ,0.0,1.4000069605,99.0,0.0,  ,  ,0.762,  ,  
2019-07-18 06:45:00,15.6895833333,15.5324865718,741.43597068,  ,  ,0.0,1.4000069605,99.0,0.0,  ,  ,0.762,  ,  
2019-07-18 06:50:00,15.7895833333,15.4956375686,741.43597068,  ,  ,0.0,0.600002983073,98.1375,0.0,  ,  ,0.762,  ,  
2019-07-18 06:55:00,15.87625,15.5601943462,741.43597068,  ,  ,0.0,2.10001044075,98.0,0.0,  ,  ,0.762,  ,  
2019-07-18 07:00:00,15.9,15.5093120228,741.398636107,  ,  ,0.0,0.0,97.5333333333,0.0,  ,  ,0.762,  ,  
2019-07-18 07:05:00,16.0491666667,15.7326800907,741.360964512,  ,  ,0.0,1.9000094464,98.0,0.0,  ,  ,0.762,  ,  
2019-07-18 07:10:00,16.1991666667,15.8349568422,741.360964512,  ,  ,0.0,1.9000094464,97.7041666667,0.0,  ,  ,0.762,  ,  
2019-07-18 07:15:00,16.2866666667,15.8089160715,741.360964512,  ,  ,0.0,3.10001541254,97.0,0.0,  ,  ,0.762,  ,  
2019-07-18 07:20:00,16.3295833333,15.7707631696,741.360964512,  ,  ,0.512502548041,1.4000069605,96.5,0.0,  ,  ,0.762,  ,  
2019-07-18 07:25:00,16.3933333333,15.8288233192,741.360964512,  ,  ,0.600002983073,2.10001044075,96.4666666667,0.0,  ,  ,0.762,  ,  
2019-07-18 07:30:00,16.4033333333,15.8177994201,741.360964512,  ,  ,0.600002983073,2.40001193229,96.3375,0.0,  ,  ,0.762,  ,  
2019-07-18 07:35:00,16.4395833333,15.7989328623,741.360964512,  ,  ,0.600002983073,2.90001441819,96.0,0.0,  ,  ,0.762,  ,  
2019-07-18 07:40:00,16.5033333333,15.7594196703,741.360964512,  ,  ,0.856254257094,2.80001392101,95.3708333333,0.0,  ,  ,0.762,  ,  
2019-07-18 07:45:00,16.51625,15.7606329034,741.398262661,  ,  ,0.900004474609,2.10001044075,95.3,0.0,  ,  ,0.762,  ,  
2019-07-18 07:50:00,16.56,15.8034387207,741.43597068,  ,  ,0.900004474609,1.30000646332,95.2958333333,0.0,  ,  ,0.762,  ,  
2019-07-18 07:55:00,16.6829166667,16.0144720003,741.43597068,  ,  ,0.900004474609,1.9000094464,95.8375,0.0,  ,  ,0.762,  ,  
2019-07-18 08:00:00,16.78625,15.9795929603,741.473287367,  ,  ,0.643753200589,2.80001392101,95.0,0.0,  ,  ,0.762,  ,  
2019-07-18 08:05:00,16.7970833333,15.8806897966,741.510976848,  ,  ,0.600002983073,2.80001392101,94.3375,0.0,  ,  ,0.762,  ,  
2019-07-18 08:10:00,16.7995833333,15.804819119,741.510976848,  ,  ,0.770837165753,3.40001690408,93.8666666667,0.0,  ,  ,0.762,  ,  
2019-07-18 08:15:00,16.8,15.8274558825,741.510976848,  ,  ,0.80000397743,3.3000164069,94.0,0.0,  ,  ,0.762,  ,  
2019-07-18 08:20:00,16.8429166667,15.8700451457,741.510976848,  ,  ,0.80000397743,1.4000069605,94.0,0.0,  ,  ,0.762,  ,  
2019-07-18 08:25:00,16.9,15.9266929155,741.510976848,  ,  ,0.80000397743,0.80000397743,94.0,0.0,  ,  ,0.762,  ,  
2019-07-18 08:30:00,16.9066666667,15.8950633176,741.510976848,  ,  ,0.116667246709,1.80000894922,93.7708333333,0.0,  ,  ,0.762,  ,  
2019-07-18 08:35:00,16.91625,15.8089403202,741.510976848,  ,  ,0.0,1.80000894922,93.2,0.0,  ,  ,0.762,  ,  
2019-07-18 08:40:00,17.0529166667,15.9107576137,741.510976848,  ,  ,0.0,1.80000894922,93.0,0.0,  ,  ,0.762,  ,  
2019-07-18 08:45:00,17.1929166667,15.6594768342,741.510976848,  ,  ,0.0,3.80001889279,90.7125,0.0,  ,  ,0.762,  ,  
2019-07-18 08:50:00,17.2629166667,15.6284653923,741.510976848,  ,  ,0.683336730722,3.10001541254,90.1333333333,0.0,  ,  ,0.762,  ,  
  
  
  
2019-07-18 09:10:00,18.2222222222,15.8523400005,741.585983016,  ,  ,0.901936851366,2.40001193229,86.077294686,0.0,  ,  ,0.762,  ,  
2019-07-18 09:15:00,18.5694560669,15.9963250574,741.585983016,  ,  ,0.900004474609,4.10002038433,85.0041841004,0.0,  ,  ,0.762,  ,  
2019-07-18 09:20:00,18.7829166667,15.944980734,741.585983016,  ,  ,1.07083865729,3.90001938997,83.6041666667,0.0,  ,  ,0.762,  ,  
2019-07-18 09:25:00,18.8,15.8480571985,741.585983016,  ,  ,1.10000546897,2.60001292665,83.0,0.0,  ,  ,0.762,  ,  
2019-07-18 09:30:00,18.6641666667,15.5456803861,741.623150585,  ,  ,1.27083965165,2.90001441819,82.1041666667,0.0,  ,  ,0.762,  ,  
2019-07-18 09:35:00,18.4741666667,15.491209251,741.660989184,  ,  ,1.30000646332,2.90001441819,82.7958333333,0.0,  ,  ,0.762,  ,  
2019-07-18 09:40:00,18.3075,15.3362471325,741.660989184,  ,  ,1.30000646332,3.10001541254,82.8375,0.0,  ,  ,0.762,  ,  
2019-07-18 09:45:00,18.0379166667,15.1330623797,741.660989184,  ,  ,1.30000646332,2.40001193229,83.1583333333,0.0,  ,  ,0.762,  ,  
2019-07-18 09:50:00,17.85375,15.1891121303,741.660989184,  ,  ,1.12917228064,1.80000894922,84.4291666667,0.0,  ,  ,0.762,  ,  
2019-07-18 09:55:00,17.80625,15.2536899305,741.660989184,  ,  ,1.10000546897,2.10001044075,85.0333333333,0.0,  ,  ,0.762,  ,  
2019-07-18 10:00:00,17.8833333333,15.3414639222,741.69834315,  ,  ,0.929171286286,1.9000094464,85.1,0.0,  ,  ,0.762,  ,  
2019-07-18 10:05:00,17.8766666667,15.3410374107,741.735995352,  ,  ,0.900004474609,1.9000094464,85.1333333333,0.0,  ,  ,0.762,  ,  
2019-07-18 10:10:00,17.9,15.3149766648,741.735995352,  ,  ,0.643753200589,2.60001292665,84.8666666667,0.0,  ,  ,0.762,  ,  
2019-07-18 10:15:00,17.91,15.2887512604,741.735995352,  ,  ,0.600002983073,2.30001143511,84.6708333333,0.0,  ,  ,0.762,  ,  
2019-07-18 10:20:00,18.0820833333,15.222221722,741.735995352,  ,  ,0.770837165753,4.30002137869,83.4041666667,0.0,  ,  ,0.762,  ,  
2019-07-18 10:25:00,18.2095833333,15.215486236,741.735995352,  ,  ,0.80000397743,4.60002287023,82.7041666667,0.0,  ,  ,0.762,  ,  
2019-07-18 10:30:00,18.3329166667,15.3280902198,741.735995352,  ,  ,1.22708943413,2.40001193229,82.6625,0.0,  ,  ,0.762,  ,  
2019-07-18 10:35:00,18.58875,15.5543046165,741.735995352,  ,  ,1.30000646332,2.60001292665,82.5375,0.0,  ,  ,0.762,  ,  
2019-07-18 10:40:00,18.74,15.5624701528,741.735995352,  ,  ,0.872921006623,2.40001193229,81.8041666667,0.0,  ,  ,0.762,  ,  
2019-07-18 10:45:00,18.7229166667,15.6774149944,741.735995352,  ,  ,0.80000397743,1.60000795486,82.4958333333,0.0,  ,  ,0.762,  ,  
2019-07-18 10:50:00,18.8595833333,15.7165080591,741.735995352,  ,  ,0.62916979475,2.10001044075,82.0,0.0,  ,  ,0.762,  ,  
2019-07-18 10:55:00,18.9925,15.8461871646,741.735995352,  ,  ,0.600002983073,1.80000894922,82.0,0.0,  ,  ,0.762,  ,  
2019-07-18 11:00:00,19.2029166667,15.6337755608,741.735995352,  ,  ,0.770837165753,2.90001441819,79.8416666667,0.0,  ,  ,0.762,  ,  
2019-07-18 11:05:00,19.30625,15.6351833035,741.735995352,  ,  ,0.80000397743,2.90001441819,79.3375,0.0,  ,  ,0.762,  ,  
2019-07-18 11:10:00,19.3929166667,15.6659063079,741.735995352,  ,  ,0.80000397743,1.60000795486,79.0666666667,0.0,  ,  ,0.762,  ,  
2019-07-18 11:15:00,19.4258333333,15.769444963,741.735995352,  ,  ,0.80000397743,1.60000795486,79.4291666667,0.0,  ,  ,0.762,  ,  
2019-07-18 11:20:00,19.55,15.7928712772,741.735995352,  ,  ,0.62916979475,1.80000894922,78.9375,0.0,  ,  ,0.762,  ,  
2019-07-18 11:25:00,19.6795833333,15.8656846921,741.735995352,  ,  ,0.600002983073,2.60001292665,78.6708333333,0.0,  ,  ,0.762,  ,  
2019-07-18 11:30:00,19.78625,15.8350466529,741.735995352,  ,  ,0.770837165753,2.10001044075,78.0,0.0,  ,  ,0.762,  ,  
2019-07-18 11:35:00,19.8529166667,15.9005195952,741.735995352,  ,  ,0.80000397743,1.9000094464,78.0041666667,0.0,  ,  ,0.762,  ,  
2019-07-18 11:40:00,19.9491666667,15.8111767883,741.735995352,  ,  ,0.62916979475,2.40001193229,77.1,0.0,  ,  ,0.762,  ,  
2019-07-18 11:45:00,20.245,16.0907934901,741.698659942,  ,  ,0.600002983073,2.60001292665,77.0666666667,0.0,  ,  ,1.016,  ,  
2019-07-18 11:50:00,20.7283333333,16.0850375603,741.660989184,  ,  ,1.02708843977,2.60001292665,74.7791666667,0.0,  ,  ,1.016,  ,  
2019-07-18 11:55:00,20.9791666667,16.0070262941,741.660989184,  ,  ,1.10000546897,2.80001392101,73.2708333333,0.0,  ,  ,1.016,  ,  
2019-07-18 12:00:00,21.1129166667,16.0210679437,741.698286104,  ,  ,1.27083965165,2.90001441819,72.7375,0.0,  ,  ,1.016,  ,  
2019-07-18 12:05:00,21.2825,16.0667295644,741.735995352,  ,  ,1.30000646332,2.30001143511,72.1958333333,0.0,  ,  ,1.016,  ,  
2019-07-18 12:10:00,21.5720833333,16.2528825773,741.735995352,  ,  ,1.12917228064,2.30001143511,71.775,0.0,  ,  ,1.016,  ,  
2019-07-18 12:15:00,21.7429166667,16.2313571096,741.773291859,  ,  ,1.10000546897,2.30001143511,70.9333333333,0.0,  ,  ,1.016,  ,  
2019-07-18 12:20:00,21.8695833333,16.2508176962,741.81100152,  ,  ,0.929171286286,2.80001392101,70.475,0.0,  ,  ,1.016,  ,  
2019-07-18 12:25:00,21.8470833333,16.1072116206,741.81100152,  ,  ,0.900004474609,1.60000795486,69.9291666667,0.0,  ,  ,1.016,  ,  
2019-07-18 12:30:00,21.7170833333,15.9763566887,741.81100152,  ,  ,0.814587383269,2.10001044075,69.9,0.0,  ,  ,1.016,  ,  
2019-07-18 12:35:00,21.5879166667,15.8733679589,741.81100152,  ,  ,0.80000397743,2.90001441819,69.9916666667,0.0,  ,  ,1.016,  ,  
2019-07-18 12:40:00,21.4,15.8973235845,741.81100152,  ,  ,0.80000397743,4.10002038433,70.9083333333,0.0,  ,  ,1.016,  ,  
2019-07-18 12:45:00,21.5720833333,15.7497441697,741.81100152,  ,  ,0.80000397743,3.10001541254,69.5083333333,0.0,  ,  ,1.016,  ,  
2019-07-18 12:50:00,21.7795833333,15.7106435111,741.81100152,  ,  ,1.48334070815,3.40001690408,68.4625,0.0,  ,  ,1.016,  ,  
2019-07-18 12:55:00,21.8233333333,15.7304527165,741.81100152,  ,  ,1.60000795486,3.60001789844,68.3666666667,0.0,  ,  ,1.016,  ,  
2019-07-18 13:00:00,21.605,15.6890121578,741.81100152,  ,  ,1.60000795486,2.60001292665,69.1,0.0,  ,  ,1.016,  ,  
2019-07-18 13:05:00,21.4033333333,15.7572512637,741.81100152,  ,  ,1.60000795486,1.60000795486,70.2625,0.0,  ,  ,1.016,  ,  
2019-07-18 13:10:00,21.6254166667,15.7697146738,741.81100152,  ,  ,0.745837041459,2.90001441819,69.3708333333,0.0,  ,  ,1.016,  ,  
2019-07-18 13:15:00,21.8683333333,15.729432543,741.736628787,  ,  ,0.600002983073,2.80001392101,68.175,0.0,  ,  ,1.016,  ,  
2019-07-18 13:20:00,22.1895833333,15.6627621274,741.660989184,  ,  ,1.02708843977,2.90001441819,66.5708333333,0.0,  ,  ,1.016,  ,  
2019-07-18 13:25:00,21.965,15.6552620753,741.660989184,  ,  ,1.10000546897,2.40001193229,67.4541666667,0.0,  ,  ,1.016,  ,  
2019-07-18 13:30:00,21.7995833333,15.9567979499,741.660989184,  ,  ,1.10000546897,1.9000094464,69.4625,0.0,  ,  ,1.016,  ,  
2019-07-18 13:35:00,21.9266666667,15.9004185437,741.660989184,  ,  ,1.10000546897,3.40001690408,68.6791666667,0.0,  ,  ,1.016,  ,  
2019-07-18 13:40:00,21.86,15.7863892381,741.660989184,  ,  ,1.10000546897,3.10001541254,68.4583333333,0.0,  ,  ,1.016,  ,  
2019-07-18 13:45:00,22.0716666667,15.7626057311,741.623821281,  ,  ,1.10000546897,2.60001292665,67.4791666667,0.0,  ,  ,1.016,  ,  
2019-07-18 13:50:00,22.595,15.7001080193,741.585983016,  ,  ,1.27083965165,4.80002386458,65.1083333333,0.0,  ,  ,1.016,  ,  
2019-07-18 13:55:00,22.7933333333,15.6681745711,741.585983016,  ,  ,1.30000646332,4.30002137869,64.2,0.0,  ,  ,1.016,  ,  
2019-07-18 14:00:00,22.74625,15.8634809802,741.623148234,  ,  ,1.72709192003,3.40001690408,65.1916666667,0.0,  ,  ,1.016,  ,  
2019-07-18 14:05:00,22.9754166667,16.1007341024,741.660989184,  ,  ,1.80000894922,2.80001392101,65.275,0.0,  ,  ,1.016,  ,  
2019-07-18 14:10:00,23.19625,15.952363941,741.660989184,  ,  ,1.20208930984,2.80001392101,63.8041666667,0.0,  ,  ,1.016,  ,  
2019-07-18 14:15:00,23.0745833333,15.686401071,741.586696645,  ,  ,1.10000546897,2.10001044075,63.1916666667,0.0,  ,  ,1.016,  ,  
2019-07-18 14:20:00,22.6220833333,15.3114976685,741.510976848,  ,  ,0.843754194946,2.30001143511,63.4041666667,0.0,  ,  ,1.016,  ,  
2019-07-18 14:25:00,22.4258333333,15.455603781,741.510976848,  ,  ,0.80000397743,2.90001441819,64.7583333333,0.0,  ,  ,1.016,  ,  
2019-07-18 14:30:00,22.6795833333,15.6192800566,741.473790482,  ,  ,1.05625525145,2.80001392101,64.4416666667,0.0,  ,  ,1.016,  ,  
2019-07-18 14:35:00,22.6470833333,15.5125703291,741.43597068,  ,  ,1.10000546897,2.60001292665,64.1291666667,0.0,  ,  ,1.016,  ,  
2019-07-18 14:40:00,22.58,15.6598494485,741.43597068,  ,  ,1.10000546897,2.30001143511,65.0,0.0,  ,  ,1.016,  ,  
2019-07-18 14:45:00,22.50375,15.6825176534,741.43597068,  ,  ,1.10000546897,1.9000094464,65.3958333333,0.0,  ,  ,1.016,  ,  
2019-07-18 14:50:00,22.5529166667,15.7620058833,741.43597068,  ,  ,0.160417464224,2.10001044075,65.5333333333,0.0,  ,  ,1.016,  ,  
2019-07-18 14:55:00,22.6791666667,16.1182155025,741.43597068,  ,  ,0.0,3.10001541254,66.5291666667,0.0,  ,  ,1.016,  ,  
2019-07-18 15:00:00,22.7175,16.1644701468,741.473157046,  ,  ,0.939588004743,2.80001392101,66.5708333333,0.0,  ,  ,1.016,  ,  
2019-07-18 15:05:00,22.5341666667,15.7372560862,741.510976848,  ,  ,1.10000546897,2.80001392101,65.5041666667,0.0,  ,  ,1.016,  ,  
2019-07-18 15:10:00,22.4,15.5761674658,741.510976848,  ,  ,1.35625674299,3.80001889279,65.3625,0.0,  ,  ,1.016,  ,  
2019-07-18 15:15:00,22.3275,15.6748909371,741.510976848,  ,  ,1.4000069605,5.60002784201,66.0666666667,0.0,  ,  ,1.016,  ,  
2019-07-18 15:20:00,22.1470833333,15.814087126,741.510976848,  ,  ,1.8270924172,5.30002635048,67.3916666667,0.0,  ,  ,1.016,  ,  
2019-07-18 15:25:00,22.04,16.042764304,741.510976848,  ,  ,1.9000094464,5.80002883637,68.8291666667,0.0,  ,  ,1.016,  ,  
2019-07-18 15:30:00,22.1,16.1607159283,741.510976848,  ,  ,2.07084362908,3.40001690408,69.0958333333,0.0,  ,  ,1.016,  ,  
2019-07-18 15:35:00,22.0804166667,16.0613798987,741.510976848,  ,  ,2.10001044075,3.10001541254,68.7416666667,0.0,  ,  ,1.016,  ,  
2019-07-18 15:40:00,21.9008333333,15.7201971792,741.510976848,  ,  ,1.67292498405,5.00002485894,68.0,0.0,  ,  ,1.016,  ,  
2019-07-18 15:45:00,21.7970833333,15.7957604762,741.548312258,  ,  ,1.60000795486,2.10001044075,68.7625,0.0,  ,  ,1.016,  ,  
2019-07-18 15:50:00,21.7,15.7277419524,741.585983016,  ,  ,1.42917377218,2.60001292665,68.8708333333,0.0,  ,  ,1.016,  ,  
2019-07-18 15:55:00,21.7,15.4155049938,741.585983016,  ,  ,1.4000069605,2.80001392101,67.5083333333,0.0,  ,  ,1.016,  ,  
2019-07-18 16:00:00,21.6870833333,15.4051328417,741.697311511,  ,  ,1.14375568648,4.50002237305,67.5166666667,0.0,  ,  ,1.016,  ,  
2019-07-18 16:05:00,21.5275,15.8983435105,741.81100152,  ,  ,1.10000546897,2.60001292665,70.3625,0.0,  ,  ,1.016,  ,  
2019-07-18 16:10:00,21.3404166667,15.919203058,741.81100152,  ,  ,1.10000546897,1.10000546897,71.2666666667,0.0,  ,  ,1.016,  ,  
2019-07-18 16:15:00,21.23375,15.947373691,741.77385525,  ,  ,1.10000546897,1.10000546897,71.8625,0.0,  ,  ,1.016,  ,  
2019-07-18 16:20:00,21.1770833333,15.7909743056,741.735995352,  ,  ,0.160417464224,1.10000546897,71.3958333333,0.0,  ,  ,1.016,  ,  
2019-07-18 16:25:00,20.9316666667,16.0662050498,741.735995352,  ,  ,0.0,0.0,73.7625,0.0,  ,  ,1.016,  ,  
2019-07-18 16:30:00,20.4454166667,15.738763712,741.735995352,  ,  ,0.0,0.0,74.4291666667,0.0,  ,  ,1.016,  ,  
2019-07-18 16:35:00,20.06125,15.5431562965,741.735995352,  ,  ,0.0,0.0,75.2666666667,0.0,  ,  ,1.016,  ,  
2019-07-18 16:40:00,19.89,15.514659645,741.735995352,  ,  ,0.0,0.0,75.9291666667,0.0,  ,  ,1.016,  ,  
2019-07-18 16:45:00,20.0616666667,15.7234023411,741.810368085,  ,  ,0.0,0.0,76.1375,0.0,  ,  ,1.016,  ,  
2019-07-18 16:50:00,20.535,15.5601950007,741.886007688,  ,  ,0.0,0.0,73.1791666667,0.0,  ,  ,1.016,  ,  
2019-07-18 16:55:00,20.65375,15.6423279861,741.886007688,  ,  ,0.0,0.0,73.0291666667,0.0,  ,  ,1.016,  ,  
2019-07-18 17:00:00,20.61375,15.5198402063,741.886007688,  ,  ,0.0,1.30000646332,72.6375,0.0,  ,  ,1.016,  ,  
2019-07-18 17:05:00,20.4004166667,15.4547253611,741.886007688,  ,  ,0.0,0.0,73.2916666667,0.0,  ,  ,1.016,  ,  
2019-07-18 17:10:00,20.3408333333,15.2566815454,741.886007688,  ,  ,0.0,1.80000894922,72.6333333333,0.0,  ,  ,1.016,  ,  
2019-07-18 17:15:00,20.1104166667,15.4376896625,741.811597398,  ,  ,0.0,0.0,74.5333333333,0.0,  ,  ,1.016,  ,  
2019-07-18 17:20:00,20.0170833333,15.3119199617,741.735995352,  ,  ,0.0,1.30000646332,74.3625,0.0,  ,  ,1.016,  ,  
2019-07-18 17:25:00,20.0133333333,15.0149417131,741.735995352,  ,  ,0.0,1.30000646332,72.975,0.0,  ,  ,1.016,  ,  
2019-07-18 17:30:00,20.0729166667,15.1767932938,741.735995352,  ,  ,0.0,0.0,73.4666666667,0.0,  ,  ,1.016,  ,  
2019-07-18 17:35:00,20.3183333333,15.1499234866,741.735995352,  ,  ,0.0,0.0,72.2375,0.0,  ,  ,1.016,  ,  
2019-07-18 17:40:00,20.6554166667,15.5087188394,741.735995352,  ,  ,0.0,1.4000069605,72.4,0.0,  ,  ,1.016,  ,  
2019-07-18 17:45:00,21.0383333333,15.6524601064,741.77312378,  ,  ,0.0,1.80000894922,71.3708333333,0.0,  ,  ,1.016,  ,  
2019-07-18 17:50:00,21.2229166667,15.7478937056,741.81100152,  ,  ,0.0,1.80000894922,71.0,0.0,  ,  ,1.016,  ,  
2019-07-18 17:55:00,21.2604166667,15.7544061933,741.81100152,  ,  ,0.0,1.4000069605,70.8666666667,0.0,  ,  ,1.016,  ,  
2019-07-18 18:00:00,21.02125,15.6561492428,741.848222908,  ,  ,0.0,1.4000069605,71.4625,0.0,  ,  ,1.016,  ,  
2019-07-18 18:05:00,20.7808333333,15.5778303101,741.886007688,  ,  ,0.0,1.80000894922,72.1625,0.0,  ,  ,1.016,  ,  
2019-07-18 18:10:00,20.6470833333,15.7568187571,741.886007688,  ,  ,0.0,2.10001044075,73.5958333333,0.0,  ,  ,1.016,  ,  
2019-07-18 18:15:00,20.6,15.7557290024,741.960342827,  ,  ,0.0,2.40001193229,73.8041666667,0.0,  ,  ,1.016,  ,  
2019-07-18 18:20:00,20.4316666667,15.5636237145,742.036020024,  ,  ,0.683336730722,2.90001441819,73.6625,0.0,  ,  ,1.016,  ,  
2019-07-18 18:25:00,20.1304166667,15.4840063514,742.036020024,  ,  ,0.80000397743,2.40001193229,74.6625,0.0,  ,  ,1.016,  ,  
2019-07-18 18:30:00,19.9975,15.3645394053,742.036020024,  ,  ,0.885421068771,3.80001889279,74.7041666667,0.0,  ,  ,1.016,  ,  
2019-07-18 18:35:00,19.8341666667,15.0244581189,742.036020024,  ,  ,0.900004474609,4.30002137869,73.8333333333,0.0,  ,  ,1.016,  ,  
2019-07-18 18:40:00,19.61125,14.8167975376,742.036020024,  ,  ,1.49792411399,4.50002237305,73.8666666667,0.0,  ,  ,1.016,  ,  
2019-07-18 18:45:00,19.3341666667,14.5778951686,742.110727957,  ,  ,1.60000795486,5.00002485894,74.0,0.0,  ,  ,1.016,  ,  
2019-07-18 18:50:00,19.1108333333,14.4947162037,742.18603236,  ,  ,2.02709341156,3.90001938997,74.6333333333,0.0,  ,  ,1.016,  ,  
2019-07-18 18:55:00,18.87125,14.2290947702,742.18603236,  ,  ,2.10001044075,2.30001143511,74.4666666667,0.0,  ,  ,1.016,  ,  
2019-07-18 19:00:00,18.6241666667,13.9138513831,742.148864457,  ,  ,1.67292498405,3.90001938997,74.0958333333,0.0,  ,  ,1.016,  ,  
2019-07-18 19:05:00,18.3245833333,13.8998918873,742.111026192,  ,  ,1.60000795486,2.60001292665,75.4291666667,0.0,  ,  ,1.016,  ,  
2019-07-18 19:10:00,18.1341666667,13.8920322161,742.111026192,  ,  ,1.42917377218,3.10001541254,76.2958333333,0.0,  ,  ,1.016,  ,  
2019-07-18 19:15:00,17.9241666667,13.8304480078,742.111026192,  ,  ,1.4000069605,2.60001292665,77.0,0.0,  ,  ,1.016,  ,  
2019-07-18 19:20:00,17.7341666667,13.7916144541,742.111026192,  ,  ,1.31458986916,2.80001392101,77.7291666667,0.0,  ,  ,1.016,  ,  
2019-07-18 19:25:00,17.5341666667,13.7553573399,742.111026192,  ,  ,1.30000646332,2.30001143511,78.5291666667,0.0,  ,  ,1.016,  ,  
2019-07-18 19:30:00,17.4,13.7171454921,742.073709505,  ,  ,0.958338097964,1.60000795486,79.0,0.0,  ,  ,1.016,  ,  
2019-07-18 19:35:00,17.3670833333,13.6851723348,742.036020024,  ,  ,0.900004474609,0.900004474609,79.0,0.0,  ,  ,1.016,  ,  
2019-07-18 19:40:00,17.29375,13.6843968627,742.036020024,  ,  ,0.131250652547,0.900004474609,79.3625,0.0,  ,  ,1.016,  ,  
2019-07-18 19:45:00,17.1404166667,13.7727075991,742.147966167,  ,  ,0.0,0.0,80.5958333333,0.0,  ,  ,1.016,  ,  
2019-07-18 19:50:00,17.1,13.81041015,742.261038528,  ,  ,0.0,1.9000094464,81.0,0.0,  ,  ,1.016,  ,  
2019-07-18 19:55:00,17.08,13.7909232158,742.261038528,  ,  ,0.0,1.10000546897,81.0,0.0,  ,  ,1.016,  ,  
2019-07-18 20:00:00,17.0675,13.7787438618,742.223908609,  ,  ,0.0,0.0,81.0,0.0,  ,  ,1.016,  ,  
2019-07-18 20:05:00,16.8870833333,13.7534567532,742.18603236,  ,  ,0.0,0.900004474609,81.7958333333,0.0,  ,  ,1.016,  ,  
2019-07-18 20:10:00,16.8,13.7186128132,742.18603236,  ,  ,0.0,0.0,82.0625,0.0,  ,  ,1.016,  ,  
2019-07-18 20:15:00,16.7504166667,13.8451936815,742.18603236,  ,  ,0.0,0.0,83.0,0.0,  ,  ,1.016,  ,  
2019-07-18 20:20:00,16.7,13.8206556536,742.18603236,  ,  ,0.0,0.900004474609,83.1333333333,0.0,  ,  ,1.016,  ,  
2019-07-18 20:25:00,16.7,13.8021083873,742.18603236,  ,  ,0.0,1.30000646332,83.0333333333,0.0,  ,  ,1.016,  ,  
2019-07-18 20:30:00,16.62375,13.7214022672,742.14869695,  ,  ,0.0,1.80000894922,83.0,0.0,  ,  ,1.016,  ,  
2019-07-18 20:35:00,16.5970833333,13.6953407375,742.111026192,  ,  ,0.0,1.10000546897,83.0,0.0,  ,  ,1.016,  ,  
2019-07-18 20:40:00,16.4470833333,13.7078160694,742.111026192,  ,  ,0.0,1.10000546897,83.8625,0.0,  ,  ,1.016,  ,  
2019-07-18 20:45:00,16.3504166667,13.6384292036,742.222249943,  ,  ,0.0,1.9000094464,84.0,0.0,  ,  ,1.016,  ,  
2019-07-18 20:50:00,16.28375,13.57317809,742.336044696,  ,  ,0.0,1.4000069605,84.0,0.0,  ,  ,1.016,  ,  
2019-07-18 20:55:00,16.18375,13.4753007343,742.336044696,  ,  ,0.0,2.40001193229,84.0,0.0,  ,  ,1.016,  ,  
2019-07-18 21:00:00,16.1,13.3933278159,742.261373876,  ,  ,0.512502548041,1.30000646332,84.0,0.0,  ,  ,1.016,  ,  
2019-07-18 21:05:00,16.0866666667,13.5191256676,742.18603236,  ,  ,0.600002983073,0.80000397743,84.7625,0.0,  ,  ,1.016,  ,  
2019-07-18 21:10:00,16.00375,13.4808741025,742.18603236,  ,  ,0.0875004350315,1.4000069605,85.0,0.0,  ,  ,1.016,  ,  
2019-07-18 21:15:00,15.9604166667,13.4383982409,742.148976185,  ,  ,0.0,0.0,85.0,0.0,  ,  ,1.016,  ,  
2019-07-18 21:20:00,15.9,13.5044422679,742.111026192,  ,  ,0.0,0.0,85.6958333333,0.0,  ,  ,1.016,  ,  
2019-07-18 21:25:00,15.8604166667,13.5728686163,742.111026192,  ,  ,0.0,0.0,86.2958333333,0.0,  ,  ,1.016,  ,  
2019-07-18 21:30:00,15.8,13.6385342394,742.111026192,  ,  ,0.0,0.600002983073,87.0,0.0,  ,  ,1.016,  ,  
2019-07-18 21:35:00,15.7504166667,13.5897927638,742.111026192,  ,  ,0.0,1.4000069605,87.0,0.0,  ,  ,1.016,  ,  
2019-07-18 21:40:00,15.6704166667,13.5926845528,742.111026192,  ,  ,0.0,2.10001044075,87.4625,0.0,  ,  ,1.016,  ,  
2019-07-18 21:45:00,15.5966666667,13.6143660606,742.148116329,  ,  ,0.0,1.4000069605,88.0,0.0,  ,  ,1.016,  ,  
2019-07-18 21:50:00,15.4775,13.497056861,742.18603236,  ,  ,0.0,0.0,88.0,0.0,  ,  ,1.016,  ,  
2019-07-18 21:55:00,15.39375,13.4951592602,742.18603236,  ,  ,0.0,0.0,88.4625,0.0,  ,  ,1.016,  ,  
2019-07-18 22:00:00,15.2970833333,13.4930127754,742.18603236,  ,  ,0.0,0.0,89.0,0.0,  ,  ,1.016,  ,  
2019-07-18 22:05:00,15.2033333333,13.4171256476,742.18603236,  ,  ,0.0,0.0,89.0958333333,0.0,  ,  ,1.016,  ,  
2019-07-18 22:10:00,15.1070833333,13.4773144598,742.18603236,  ,  ,0.0,0.0,90.0,0.0,  ,  ,1.016,  ,  
2019-07-18 22:15:00,14.9408333333,13.3132003791,742.223349047,  ,  ,0.0,0.0,90.0,0.0,  ,  ,1.016,  ,  
2019-07-18 22:20:00,14.85375,13.2272353053,742.261038528,  ,  ,0.0,0.0,90.0,0.0,  ,  ,1.016,  ,  
2019-07-18 22:25:00,14.8,13.2647944496,742.261038528,  ,  ,0.0,0.0,90.5333333333,0.0,  ,  ,1.016,  ,  
2019-07-18 22:30:00,14.71375,13.2521210795,742.261038528,  ,  ,0.0,0.0,90.9625,0.0,  ,  ,1.016,  ,  
2019-07-18 22:35:00,14.6570833333,13.2024292846,742.261038528,  ,  ,0.0,0.0,91.0,0.0,  ,  ,1.016,  ,  
2019-07-18 22:40:00,14.5108333333,13.1131788937,742.261038528,  ,  ,0.0,0.0,91.3291666667,0.0,  ,  ,1.016,  ,  
2019-07-18 22:45:00,14.3141666667,13.030709921,742.335746461,  ,  ,0.0,0.0,92.0,0.0,  ,  ,1.016,  ,  
2019-07-18 22:50:00,14.1370833333,13.0201769843,742.411050864,  ,  ,0.0,0.0,92.9958333333,0.0,  ,  ,1.016,  ,  
2019-07-18 22:55:00,13.9408333333,12.9022178394,742.411050864,  ,  ,0.0,0.0,93.4625,0.0,  ,  ,1.016,  ,  
2019-07-18 23:00:00,13.9,12.9494522832,742.411050864,  ,  ,0.0,0.0,94.0,0.0,  ,  ,1.016,  ,  
2019-07-18 23:05:00,13.9,12.9494522832,742.411050864,  ,  ,0.0,0.0,94.0,0.0,  ,  ,1.016,  ,  
2019-07-18 23:10:00,13.81375,12.9335385119,742.411050864,  ,  ,0.0,0.0,94.4291666667,0.0,  ,  ,1.016,  ,  
2019-07-18 23:15:00,13.7904166667,13.00261051,742.44840483,  ,  ,0.0,0.0,95.0,0.0,  ,  ,1.016,  ,  
2019-07-18 23:20:00,13.7133333333,12.9260092814,742.486057032,  ,  ,0.0,0.0,95.0,0.0,  ,  ,1.016,  ,  
2019-07-18 23:25:00,13.7495833333,13.1164190798,742.486057032,  ,  ,0.0,0.0,95.9625,0.0,  ,  ,1.016,  ,  
2019-07-18 23:30:00,13.8,13.1725720337,742.486057032,  ,  ,0.0,0.0,96.0,0.0,  ,  ,1.016,  ,  
2019-07-18 23:35:00,13.8,13.1725720337,742.486057032,  ,  ,0.0,0.0,96.0,0.0,  ,  ,1.016,  ,  
2019-07-18 23:40:00,13.8,13.1725720337,742.486057032,  ,  ,0.0,0.0,96.0,0.0,  ,  ,1.016,  ,  
2019-07-18 23:45:00,13.8133333333,13.1858389218,742.486057032,  ,  ,0.0,0.0,96.0,0.0,  ,  ,1.016,  ,  
2019-07-18 23:50:00,13.85625,13.228541694,742.486057032,  ,  ,0.0,0.0,96.0,0.0,  ,  ,1.016,  ,  
  

    

