Time,TemperatureC,DewpointC,PressurehPa,WindDirection,WindDirectionDegrees,WindSpeedKMH,WindSpeedGustKMH,Humidity,HourlyPrecipMM,Conditions,Clouds,dailyrainMM,SoftwareType,DateUTC
                
2019-09-18 00:00:00,7.14,6.66097217949,737.460643776,  ,  ,0.0,2.90001441819,96.7666666667,0.0,  ,  ,0.0,  ,  
2019-09-18 00:05:00,7.1,6.65615454663,737.460643776,  ,  ,0.0,1.30000646332,97.0,0.0,  ,  ,0.0,  ,  
2019-09-18 00:10:00,7.03666666667,6.5930506341,737.460643776,  ,  ,0.0,1.9000094464,97.0,0.0,  ,  ,0.0,  ,  
2019-09-18 00:15:00,6.91,6.46684263143,737.460643776,  ,  ,0.0,0.0,97.0,0.0,  ,  ,0.0,  ,  
2019-09-18 00:20:00,6.9,6.45687883166,737.460643776,  ,  ,0.0,0.0,97.0,0.0,  ,  ,0.0,  ,  
2019-09-18 00:25:00,6.84666666667,6.40373854129,737.460643776,  ,  ,0.0,0.0,97.0,0.0,  ,  ,0.0,  ,  
2019-09-18 00:30:00,6.8,6.35724075278,737.399610441,  ,  ,0.0,0.0,97.0,0.0,  ,  ,0.0,  ,  
2019-09-18 00:35:00,6.8,6.36721011606,737.385637608,  ,  ,0.0,0.0,97.0666666667,0.0,  ,  ,0.0,  ,  
2019-09-18 00:40:00,6.8,6.50615147452,737.385637608,  ,  ,0.0,0.0,98.0,0.0,  ,  ,0.0,  ,  
2019-09-18 00:45:00,6.8,6.37219253556,737.324573938,  ,  ,0.0,0.0,97.1,0.0,  ,  ,0.0,  ,  
2019-09-18 00:50:00,6.77,6.32734930034,737.31063144,  ,  ,0.0,0.0,97.0,0.0,  ,  ,0.0,  ,  
2019-09-18 00:55:00,6.7,6.25760252631,737.31063144,  ,  ,0.0,0.0,97.0,0.0,  ,  ,0.0,  ,  
2019-09-18 01:00:00,6.63,6.18785567996,737.31063144,  ,  ,0.0,0.0,97.0,0.0,  ,  ,0.0,  ,  
2019-09-18 01:05:00,6.56333333333,6.12143004478,737.31063144,  ,  ,0.0,0.0,97.0,0.0,  ,  ,0.0,  ,  
2019-09-18 01:10:00,6.43333333333,5.99189986749,737.31063144,  ,  ,0.0,0.0,97.0,0.0,  ,  ,0.0,  ,  
2019-09-18 01:15:00,6.36666666667,5.92547403879,737.31063144,  ,  ,0.0,0.0,97.0,0.0,  ,  ,0.0,  ,  
2019-09-18 01:20:00,6.25333333333,5.81254997945,737.31063144,  ,  ,0.0,0.0,97.0,0.0,  ,  ,0.0,  ,  
2019-09-18 01:25:00,6.14333333333,5.70294703469,737.31063144,  ,  ,0.0,0.0,97.0,0.0,  ,  ,0.0,  ,  
2019-09-18 01:30:00,6.03666666667,5.59666522072,737.31063144,  ,  ,0.0,0.0,97.0,0.0,  ,  ,0.0,  ,  
2019-09-18 01:35:00,5.9,5.46049140116,737.31063144,  ,  ,0.0,0.0,97.0,0.0,  ,  ,0.0,  ,  
2019-09-18 01:40:00,5.80666666667,5.36749448792,737.31063144,  ,  ,0.0,0.0,97.0,0.0,  ,  ,0.0,  ,  
2019-09-18 01:45:00,5.72,5.28608166499,737.31063144,  ,  ,0.0,0.0,97.0333333333,0.0,  ,  ,0.0,  ,  
2019-09-18 01:50:00,5.67333333333,5.32332765641,737.31063144,  ,  ,0.0,0.0,97.6,0.0,  ,  ,0.0,  ,  
2019-09-18 01:55:00,5.6,5.19117012786,737.31063144,  ,  ,0.0,0.0,97.2,0.0,  ,  ,0.0,  ,  
2019-09-18 02:00:00,5.49666666667,5.10786907103,737.249590384,  ,  ,0.0,0.0,97.3333333333,0.0,  ,  ,0.0,  ,  
2019-09-18 02:05:00,5.4,5.10950497758,737.235625272,  ,  ,0.0,0.0,98.0,0.0,  ,  ,0.0,  ,  
2019-09-18 02:10:00,5.33,5.03967214814,737.235625272,  ,  ,0.0,0.0,98.0,0.0,  ,  ,0.0,  ,  
2019-09-18 02:15:00,5.26666666667,4.97649002295,737.296696894,  ,  ,0.0,0.0,98.0,0.0,  ,  ,0.0,  ,  
2019-09-18 02:20:00,5.20334728033,4.91332177213,737.31063144,  ,  ,0.0,0.0,98.0,0.0,  ,  ,0.0,  ,  
2019-09-18 02:25:00,5.2,4.90998248025,737.31063144,  ,  ,0.0,0.0,98.0,0.0,  ,  ,0.0,  ,  
2019-09-18 02:30:00,5.2,5.0211619185,737.249665466,  ,  ,0.0,0.0,98.7625,0.0,  ,  ,0.0,  ,  
2019-09-18 02:35:00,5.2,5.05563700158,737.235625272,  ,  ,0.0,0.0,99.0,0.0,  ,  ,0.0,  ,  
2019-09-18 02:40:00,5.2,4.93495767036,737.235625272,  ,  ,0.0,0.0,98.1708333333,0.0,  ,  ,0.0,  ,  
2019-09-18 02:45:00,5.10375,4.81396213858,737.235625272,  ,  ,0.0,0.0,98.0,0.0,  ,  ,0.0,  ,  
2019-09-18 02:50:00,5.05708333333,4.7674067887,737.235625272,  ,  ,0.0,0.0,98.0,0.0,  ,  ,0.0,  ,  
2019-09-18 02:55:00,4.92375,4.63439138565,737.235625272,  ,  ,0.0,0.0,98.0,0.0,  ,  ,0.0,  ,  
2019-09-18 03:00:00,4.86708333333,4.57785978655,737.296652335,  ,  ,0.0,0.0,98.0,0.0,  ,  ,0.0,  ,  
2019-09-18 03:05:00,4.8,4.60242749083,737.31063144,  ,  ,0.0,0.0,98.6291666667,0.0,  ,  ,0.0,  ,  
2019-09-18 03:10:00,4.8,4.65611193405,737.31063144,  ,  ,0.0,0.0,99.0,0.0,  ,  ,0.0,  ,  
2019-09-18 03:15:00,4.85625,4.71229519393,737.249658442,  ,  ,0.0,0.0,99.0,0.0,  ,  ,0.0,  ,  
2019-09-18 03:20:00,4.91958333333,4.77555336432,737.235625272,  ,  ,0.0,0.0,99.0,0.0,  ,  ,0.0,  ,  
2019-09-18 03:25:00,5.02291666667,4.87876402128,737.235625272,  ,  ,0.0,0.0,99.0,0.0,  ,  ,0.0,  ,  
2019-09-18 03:30:00,5.1,4.95575580801,737.296644711,  ,  ,0.0,0.0,99.0,0.0,  ,  ,0.0,  ,  
2019-09-18 03:35:00,5.1,4.95575580801,737.31063144,  ,  ,0.0,0.0,99.0,0.0,  ,  ,0.0,  ,  
2019-09-18 03:40:00,5.13625,4.99196274633,737.31063144,  ,  ,0.0,0.0,99.0,0.0,  ,  ,0.0,  ,  
2019-09-18 03:45:00,5.2,5.05563700158,737.31063144,  ,  ,0.0,0.0,99.0,0.0,  ,  ,0.0,  ,  
2019-09-18 03:50:00,5.25958333333,5.11514952284,737.31063144,  ,  ,0.0,0.0,99.0,0.0,  ,  ,0.0,  ,  
2019-09-18 03:55:00,5.30958333333,5.16509008673,737.31063144,  ,  ,0.0,0.0,99.0,0.0,  ,  ,0.0,  ,  
2019-09-18 04:00:00,5.4,5.25539924207,737.31063144,  ,  ,0.0,0.0,99.0,0.0,  ,  ,0.0,  ,  
2019-09-18 04:05:00,5.46625,5.32157044112,737.31063144,  ,  ,0.0,0.0,99.0,0.0,  ,  ,0.0,  ,  
2019-09-18 04:10:00,5.58625,5.44142765271,737.31063144,  ,  ,0.0,0.0,99.0,0.0,  ,  ,0.0,  ,  
2019-09-18 04:15:00,5.62958333333,5.48470940627,737.31063144,  ,  ,0.0,0.0,99.0,0.0,  ,  ,0.0,  ,  
2019-09-18 04:20:00,5.7,5.55504223622,737.31063144,  ,  ,0.0,0.0,99.0,0.0,  ,  ,0.0,  ,  
2019-09-18 04:25:00,5.75291666667,5.60789588538,737.31063144,  ,  ,0.0,0.0,99.0,0.0,  ,  ,0.0,  ,  
2019-09-18 04:30:00,5.8,5.65492313652,737.31063144,  ,  ,0.0,0.0,99.0,0.0,  ,  ,0.0,  ,  
2019-09-18 04:35:00,5.89291666667,5.7477290959,737.31063144,  ,  ,0.0,0.0,99.0,0.0,  ,  ,0.0,  ,  
2019-09-18 04:40:00,5.9,5.75480398793,737.31063144,  ,  ,0.0,0.0,99.0,0.0,  ,  ,0.0,  ,  
2019-09-18 04:45:00,5.94625,5.80099886518,737.31063144,  ,  ,0.0,0.0,99.0,0.0,  ,  ,0.0,  ,  
2019-09-18 04:50:00,6.02958333333,5.88423285186,737.31063144,  ,  ,0.0,0.0,99.0,0.0,  ,  ,0.0,  ,  
2019-09-18 04:55:00,6.09666666667,5.95123618647,737.31063144,  ,  ,0.0,0.0,99.0,0.0,  ,  ,0.0,  ,  
2019-09-18 05:00:00,6.10333333333,5.95789490175,737.31063144,  ,  ,0.0,0.0,99.0,0.0,  ,  ,0.0,  ,  
2019-09-18 05:05:00,6.19958333333,6.05403007942,737.31063144,  ,  ,0.0,0.0,99.0,0.0,  ,  ,0.0,  ,  
2019-09-18 05:10:00,6.2,6.05444624892,737.31063144,  ,  ,0.0,0.0,99.0,0.0,  ,  ,0.0,  ,  
2019-09-18 05:15:00,6.26291666667,6.11728783396,737.31063144,  ,  ,0.0,0.0,99.0,0.0,  ,  ,0.0,  ,  
2019-09-18 05:20:00,6.3,6.15432690482,737.31063144,  ,  ,0.0,0.0,99.0,0.0,  ,  ,0.0,  ,  
2019-09-18 05:25:00,6.32291666667,6.17721621492,737.31063144,  ,  ,0.0,0.0,99.0,0.0,  ,  ,0.0,  ,  
2019-09-18 05:30:00,6.4,6.25420751185,737.31063144,  ,  ,0.0,0.0,99.0,0.0,  ,  ,0.0,  ,  
2019-09-18 05:35:00,6.4,6.25420751185,737.31063144,  ,  ,0.0,1.4000069605,99.0,0.0,  ,  ,0.0,  ,  
2019-09-18 05:40:00,6.4,6.25420751185,737.31063144,  ,  ,0.0,0.600002983073,99.0,0.0,  ,  ,0.0,  ,  
2019-09-18 05:45:00,6.40333333333,6.25753686458,737.31063144,  ,  ,0.0,0.0,99.0,0.0,  ,  ,0.0,  ,  
2019-09-18 05:50:00,6.46291666667,6.31704903539,737.31063144,  ,  ,0.0,0.0,99.0,0.0,  ,  ,0.0,  ,  
2019-09-18 05:55:00,6.50625,6.36033060326,737.31063144,  ,  ,0.0,0.0,99.0,0.0,  ,  ,0.0,  ,  
2019-09-18 06:00:00,6.50041666667,6.35450423889,737.249642329,  ,  ,0.0,0.600002983073,99.0,0.0,  ,  ,0.0,  ,  
2019-09-18 06:05:00,6.5,6.35408807,737.235625272,  ,  ,0.0,0.0,99.0,0.0,  ,  ,0.0,  ,  
2019-09-18 06:10:00,6.5,6.35408807,737.235625272,  ,  ,0.0,0.0,99.0,0.0,  ,  ,0.0,  ,  
2019-09-18 06:15:00,6.51,6.36407612313,737.235625272,  ,  ,0.0,1.4000069605,99.0,0.0,  ,  ,0.0,  ,  
2019-09-18 06:20:00,6.57291666667,6.42691761284,737.235625272,  ,  ,0.0,0.0,99.0,0.0,  ,  ,0.0,  ,  
2019-09-18 06:25:00,6.6,6.45396857928,737.235625272,  ,  ,0.0,0.600002983073,99.0,0.0,  ,  ,0.0,  ,  
2019-09-18 06:30:00,6.6,6.45396857928,737.296584085,  ,  ,0.0,2.10001044075,99.0,0.0,  ,  ,0.0,  ,  
2019-09-18 06:35:00,6.6,6.45396857928,737.31063144,  ,  ,0.0,2.30001143511,99.0,0.0,  ,  ,0.0,  ,  
2019-09-18 06:40:00,6.62291666667,6.47685785577,737.31063144,  ,  ,0.0,0.0,99.0,0.0,  ,  ,0.0,  ,  
2019-09-18 06:45:00,6.69666666667,6.55051969178,737.371620551,  ,  ,0.0,0.0,99.0,0.0,  ,  ,0.0,  ,  
2019-09-18 06:50:00,6.7,6.55384903967,737.385637608,  ,  ,0.0,0.0,99.0,0.0,  ,  ,0.0,  ,  
2019-09-18 06:55:00,6.7,6.55384903967,737.385637608,  ,  ,0.0,1.4000069605,99.0,0.0,  ,  ,0.0,  ,  
2019-09-18 07:00:00,6.7,6.55384903967,737.324648497,  ,  ,0.0,0.0,99.0,0.0,  ,  ,0.0,  ,  
2019-09-18 07:05:00,6.71666666667,6.57049577832,737.31063144,  ,  ,0.0,0.0,99.0,0.0,  ,  ,0.0,  ,  
2019-09-18 07:10:00,6.79958333333,6.65331328291,737.31063144,  ,  ,0.0,0.0,99.0,0.0,  ,  ,0.0,  ,  
2019-09-18 07:15:00,6.82958333333,6.68327739689,737.249672627,  ,  ,0.0,0.600002983073,99.0,0.0,  ,  ,0.0,  ,  
2019-09-18 07:20:00,6.9,6.75360981383,737.235625272,  ,  ,0.0,1.10000546897,99.0,0.0,  ,  ,0.0,  ,  
2019-09-18 07:25:00,6.90333333333,6.75693915841,737.235625272,  ,  ,0.0,0.0,99.0,0.0,  ,  ,0.0,  ,  
2019-09-18 07:30:00,6.97291666667,6.82643921411,737.235625272,  ,  ,0.0,1.80000894922,99.0,0.0,  ,  ,0.0,  ,  
2019-09-18 07:35:00,7.02,6.87346618448,737.235625272,  ,  ,0.0,1.9000094464,99.0,0.0,  ,  ,0.0,  ,  
2019-09-18 07:40:00,7.07625,6.92964883399,737.235625272,  ,  ,0.0,0.0,99.0,0.0,  ,  ,0.0,  ,  
2019-09-18 07:45:00,7.1,6.95337039248,737.357542898,  ,  ,0.0,0.0,99.0,0.0,  ,  ,0.0,  ,  
2019-09-18 07:50:00,7.1,6.95337039248,737.385637608,  ,  ,0.0,0.0,99.0,0.0,  ,  ,0.0,  ,  
2019-09-18 07:55:00,7.15625,7.00955301999,737.385637608,  ,  ,0.0,0.0,99.0,0.0,  ,  ,0.0,  ,  
2019-09-18 08:00:00,7.2,7.05325060848,737.385637608,  ,  ,0.0,0.0,99.0,0.0,  ,  ,0.0,  ,  
2019-09-18 08:05:00,7.19666666667,7.04992126874,737.385637608,  ,  ,0.0,0.0,99.0,0.0,  ,  ,0.0,  ,  
2019-09-18 08:10:00,7.2,7.05325060848,737.385637608,  ,  ,0.0,0.0,99.0,0.0,  ,  ,0.0,  ,  
2019-09-18 08:15:00,7.2,7.05325060848,737.385637608,  ,  ,0.0,0.0,99.0,0.0,  ,  ,0.0,  ,  
2019-09-18 08:20:00,7.21958333333,7.0728104784,737.385637608,  ,  ,0.0,0.0,99.0,0.0,  ,  ,0.0,  ,  
2019-09-18 08:25:00,7.3,7.15313077561,737.385637608,  ,  ,0.0,0.0,99.0,0.0,  ,  ,0.0,  ,  
2019-09-18 08:30:00,7.3,7.15313077561,737.446596421,  ,  ,0.0,0.0,99.0,0.0,  ,  ,0.0,  ,  
2019-09-18 08:35:00,7.3,7.03531073485,737.460643776,  ,  ,0.0,0.0,98.2041666667,0.0,  ,  ,0.0,  ,  
2019-09-18 08:40:00,7.3,7.03407257471,737.460643776,  ,  ,0.0,0.0,98.1958333333,0.0,  ,  ,0.0,  ,  
2019-09-18 08:45:00,7.36958333333,7.2226306964,737.399654665,  ,  ,0.0,0.0,99.0,0.0,  ,  ,0.0,  ,  
2019-09-18 08:50:00,7.44291666667,7.29587609629,737.385637608,  ,  ,0.0,0.0,99.0,0.0,  ,  ,0.0,  ,  
2019-09-18 08:55:00,7.55291666667,7.40574414684,737.385637608,  ,  ,0.0,0.0,99.0,0.0,  ,  ,0.0,  ,  
2019-09-18 09:00:00,7.61333333333,7.35789424138,737.385637608,  ,  ,0.0,0.0,98.2708333333,0.0,  ,  ,0.0,  ,  
2019-09-18 09:05:00,7.69291666667,7.3969192452,737.385637608,  ,  ,0.0,0.0,98.0,0.0,  ,  ,0.0,  ,  
2019-09-18 09:10:00,7.7,7.35974926108,737.385637608,  ,  ,0.0,0.0,97.7041666667,0.0,  ,  ,0.0,  ,  
2019-09-18 09:15:00,7.64333333333,7.28202406229,737.507569557,  ,  ,0.0,0.0,97.5625,0.0,  ,  ,0.0,  ,  
2019-09-18 09:20:00,7.66,7.3640819347,737.535649944,  ,  ,0.0,0.0,98.0,0.0,  ,  ,0.0,  ,  
2019-09-18 09:25:00,7.70666666667,7.41063609328,737.535649944,  ,  ,0.0,0.0,98.0,0.0,  ,  ,0.0,  ,  
2019-09-18 09:30:00,7.78958333333,7.49335280449,737.474653441,  ,  ,0.0,0.0,98.0,0.0,  ,  ,0.0,  ,  
2019-09-18 09:35:00,7.82625,7.52993102715,737.460643776,  ,  ,0.0,0.0,98.0,0.0,  ,  ,0.0,  ,  
2019-09-18 09:40:00,7.9,7.60350309415,737.460643776,  ,  ,0.0,2.40001193229,98.0,0.0,  ,  ,0.0,  ,  
2019-09-18 09:45:00,7.91958333333,7.48848083678,737.52160975,  ,  ,0.0,1.4000069605,97.1041666667,0.0,  ,  ,0.0,  ,  
2019-09-18 09:50:00,7.99666666667,7.54956674547,737.535649944,  ,  ,0.0,1.4000069605,97.0,0.0,  ,  ,0.0,  ,  
2019-09-18 09:55:00,8.05958333333,7.61225460943,737.535649944,  ,  ,0.0,0.0,97.0,0.0,  ,  ,0.0,  ,  
2019-09-18 10:00:00,8.1,7.59257530256,737.596608888,  ,  ,0.0,1.4000069605,96.6041666667,0.0,  ,  ,0.0,  ,  
2019-09-18 10:05:00,8.14625,7.54668064531,737.610656112,  ,  ,0.0,1.80000894922,96.0,0.0,  ,  ,0.0,  ,  
2019-09-18 10:10:00,8.23958333333,7.63955920547,737.610656112,  ,  ,0.0,0.0,96.0,0.0,  ,  ,0.0,  ,  
2019-09-18 10:15:00,8.2675,7.52991697103,737.549697168,  ,  ,0.0,0.900004474609,95.1041666667,0.0,  ,  ,0.0,  ,  
2019-09-18 10:20:00,8.11,7.45393056478,737.535649944,  ,  ,0.0,1.4000069605,95.6291666667,0.0,  ,  ,0.0,  ,  
2019-09-18 10:25:00,8.1925,7.6333697459,737.535649944,  ,  ,0.0,1.4000069605,96.2666666667,0.0,  ,  ,0.0,  ,  
2019-09-18 10:30:00,8.31291666667,7.65704291729,737.535649944,  ,  ,0.0,1.30000646332,95.6375,0.0,  ,  ,0.0,  ,  
2019-09-18 10:35:00,8.42625,7.61041913867,737.535649944,  ,  ,0.0,0.600002983073,94.6041666667,0.0,  ,  ,0.0,  ,  
2019-09-18 10:40:00,8.58625,7.71691298227,737.535649944,  ,  ,0.0,1.60000795486,94.2666666667,0.0,  ,  ,0.0,  ,  
2019-09-18 10:45:00,8.69916666667,7.78743920412,737.596601775,  ,  ,0.0,1.30000646332,94.0,0.0,  ,  ,0.0,  ,  
2019-09-18 10:50:00,8.86625,7.90173159376,737.610656112,  ,  ,0.0,0.0,93.6708333333,0.0,  ,  ,0.0,  ,  
2019-09-18 10:55:00,9.0025,7.94176763083,737.610656112,  ,  ,0.0,0.0,93.0666666667,0.0,  ,  ,0.0,  ,  
2019-09-18 11:00:00,9.1,7.89091441852,737.671577664,  ,  ,0.0,0.0,92.1375,0.0,  ,  ,0.0,  ,  
2019-09-18 11:05:00,9.1,7.97442456104,737.68566228,  ,  ,0.0,0.0,92.6625,0.0,  ,  ,0.0,  ,  
2019-09-18 11:10:00,9.21583333333,7.99563643838,737.68566228,  ,  ,0.0,1.80000894922,92.075,0.0,  ,  ,0.0,  ,  
2019-09-18 11:15:00,9.33625,7.96969253328,737.68566228,  ,  ,0.0,0.80000397743,91.1708333333,0.0,  ,  ,0.0,  ,  
2019-09-18 11:20:00,9.27416666667,7.69607397136,737.68566228,  ,  ,0.0,0.0,89.8625,0.0,  ,  ,0.0,  ,  
2019-09-18 11:25:00,9.22666666667,7.75355903474,737.68566228,  ,  ,0.0,0.0,90.5041666667,0.0,  ,  ,0.0,  ,  
2019-09-18 11:30:00,9.25958333333,7.96757372461,737.68566228,  ,  ,0.0,0.0,91.6291666667,0.0,  ,  ,0.0,  ,  
2019-09-18 11:35:00,9.40625,7.86116427549,737.68566228,  ,  ,0.0,0.0,90.075,0.0,  ,  ,0.0,  ,  
2019-09-18 11:40:00,9.39333333333,7.77009195486,737.68566228,  ,  ,0.0,0.0,89.5958333333,0.0,  ,  ,0.0,  ,  
2019-09-18 11:45:00,9.32375,7.76746541125,737.746583832,  ,  ,0.0,0.0,90.0,0.0,  ,  ,0.0,  ,  
2019-09-18 11:50:00,9.27375,7.64252407646,737.760668448,  ,  ,0.0,1.4000069605,89.5375,0.0,  ,  ,0.0,  ,  
2019-09-18 11:55:00,9.18666666667,7.61512512532,737.760668448,  ,  ,0.0,0.0,89.8958333333,0.0,  ,  ,0.0,  ,  
2019-09-18 12:00:00,9.16708333333,7.57471642463,737.760668448,  ,  ,0.0,0.0,89.7666666667,0.0,  ,  ,0.0,  ,  
2019-09-18 12:05:00,9.16625,7.57457402166,737.760668448,  ,  ,0.0,0.0,89.7708333333,0.0,  ,  ,0.0,  ,  
2019-09-18 12:10:00,9.2,7.61197199973,737.760668448,  ,  ,0.0,0.0,89.7958333333,0.0,  ,  ,0.0,  ,  
2019-09-18 12:15:00,9.29291666667,7.6177038019,737.821620279,  ,  ,0.0,0.0,89.2708333333,0.0,  ,  ,0.0,  ,  
2019-09-18 12:20:00,9.36625,7.68936093751,737.835674616,  ,  ,0.0,2.10001044075,89.2666666667,0.0,  ,  ,0.0,  ,  
2019-09-18 12:25:00,9.45958333333,7.68246989654,737.835674616,  ,  ,0.0,0.900004474609,88.6666666667,0.0,  ,  ,0.0,  ,  
2019-09-18 12:30:00,9.54958333333,7.69443860429,737.774753064,  ,  ,0.0,1.4000069605,88.2041666667,0.0,  ,  ,0.0,  ,  
2019-09-18 12:35:00,9.52375,7.6565161115,737.760668448,  ,  ,0.0,0.0,88.1291666667,0.0,  ,  ,0.0,  ,  
2019-09-18 12:40:00,9.57958333333,7.72399007875,737.760668448,  ,  ,0.0,0.0,88.2041666667,0.0,  ,  ,0.0,  ,  
2019-09-18 12:45:00,9.73916666667,7.84714520842,737.760668448,  ,  ,0.0,1.9000094464,88.0,0.0,  ,  ,0.0,  ,  
2019-09-18 12:50:00,9.82625,7.76574299936,737.760668448,  ,  ,0.0,2.10001044075,87.0041666667,0.0,  ,  ,0.0,  ,  
2019-09-18 12:55:00,9.89666666667,7.83991455396,737.760668448,  ,  ,0.0,1.10000546897,87.0333333333,0.0,  ,  ,0.0,  ,  
2019-09-18 13:00:00,9.87375,7.78923388564,737.699740014,  ,  ,0.0,0.0,86.8666666667,0.0,  ,  ,0.0,  ,  
2019-09-18 13:05:00,9.78041666667,7.71996680865,737.68566228,  ,  ,0.0,1.4000069605,87.0,0.0,  ,  ,0.0,  ,  
2019-09-18 13:10:00,9.70666666667,7.7587297225,737.68566228,  ,  ,0.0,1.30000646332,87.6625,0.0,  ,  ,0.0,  ,  
2019-09-18 13:15:00,9.70333333333,7.76730344449,737.68566228,  ,  ,0.0,1.10000546897,87.7333333333,0.0,  ,  ,0.0,  ,  
2019-09-18 13:20:00,9.70291666667,7.7508525032,737.68566228,  ,  ,0.0,0.80000397743,87.6375,0.0,  ,  ,0.0,  ,  
2019-09-18 13:25:00,9.76333333333,7.70386932866,737.68566228,  ,  ,0.0,1.10000546897,87.0041666667,0.0,  ,  ,0.0,  ,  
2019-09-18 13:30:00,9.79666666667,7.69090810257,737.624710449,  ,  ,0.0,1.30000646332,86.7333333333,0.0,  ,  ,0.0,  ,  
2019-09-18 13:35:00,9.88625,7.72246190948,737.610656112,  ,  ,0.0,1.4000069605,86.4,0.0,  ,  ,0.0,  ,  
2019-09-18 13:40:00,9.90958333333,7.8012057278,737.610656112,  ,  ,0.0,1.4000069605,86.7291666667,0.0,  ,  ,0.0,  ,  
2019-09-18 13:45:00,9.96291666667,7.83174479396,737.54973456,  ,  ,0.0,1.80000894922,86.6,0.0,  ,  ,0.0,  ,  
2019-09-18 13:50:00,10.0933333333,7.93231761144,737.535649944,  ,  ,0.552502746913,1.80000894922,86.4375,0.0,  ,  ,0.0,  ,  
2019-09-18 13:55:00,10.12625,7.91782407255,737.535649944,  ,  ,0.600002983073,1.4000069605,86.1625,0.0,  ,  ,0.0,  ,  
2019-09-18 14:00:00,10.2195833333,7.96035594181,737.596601775,  ,  ,0.0475002361599,2.40001193229,85.875,0.0,  ,  ,0.0,  ,  
2019-09-18 14:05:00,10.35625,7.94390949879,737.610656112,  ,  ,0.0,1.9000094464,85.0,0.0,  ,  ,0.0,  ,  
2019-09-18 14:10:00,10.5391666667,8.07197246519,737.610656112,  ,  ,0.0,2.10001044075,84.7041666667,0.0,  ,  ,0.0,  ,  
2019-09-18 14:15:00,10.6,8.24419257249,737.610656112,  ,  ,0.0,3.40001690408,85.3541666667,0.0,  ,  ,0.0,  ,  
2019-09-18 14:20:00,10.4379166667,8.48340462982,737.610656112,  ,  ,0.736670329217,4.60002287023,87.6916666667,0.0,  ,  ,0.0,  ,  
2019-09-18 14:25:00,10.0583333333,8.38720866235,737.610656112,  ,  ,0.80000397743,3.60001789844,89.3583333333,0.0,  ,  ,0.0,  ,  
2019-09-18 14:30:00,9.77083333333,8.32378822712,737.610656112,  ,  ,1.26042293319,1.60000795486,90.7041666667,0.0,  ,  ,0.0,  ,  
2019-09-18 14:35:00,9.59083333333,8.04276516705,737.610656112,  ,  ,1.30000646332,1.4000069605,90.0708333333,0.0,  ,  ,0.0,  ,  
2019-09-18 14:40:00,9.40708333333,7.73512017821,737.610656112,  ,  ,0.102917178347,1.30000646332,89.3,0.0,  ,  ,0.0,  ,  
2019-09-18 14:45:00,9.46583333333,7.73818702694,737.671607943,  ,  ,0.0,1.30000646332,88.9666666667,0.0,  ,  ,0.0,  ,  
2019-09-18 14:50:00,9.59666666667,7.83483047811,737.68566228,  ,  ,0.0,1.9000094464,88.7708333333,0.0,  ,  ,0.0,  ,  
2019-09-18 14:55:00,9.60666666667,7.81570942199,737.68566228,  ,  ,0.0,0.80000397743,88.5958333333,0.0,  ,  ,0.0,  ,  
2019-09-18 15:00:00,9.70916666667,8.0831553105,737.624733846,  ,  ,0.0,0.0,89.6041666667,0.0,  ,  ,0.0,  ,  
2019-09-18 15:05:00,9.78333333333,7.99604852496,737.610656112,  ,  ,0.0,0.0,88.6333333333,0.0,  ,  ,0.0,  ,  
2019-09-18 15:10:00,9.81291666667,8.01344705909,737.610656112,  ,  ,0.0,0.0,88.5625,0.0,  ,  ,0.0,  ,  
2019-09-18 15:15:00,9.90625,8.14554301517,737.610656112,  ,  ,0.0,0.0,88.8041666667,0.0,  ,  ,0.0,  ,  
2019-09-18 15:20:00,10.0295833333,8.08986181133,737.610656112,  ,  ,0.0,0.0,87.7416666667,0.0,  ,  ,0.0,  ,  
2019-09-18 15:25:00,10.1529166667,8.00220355359,737.610656112,  ,  ,0.0,0.0,86.5041666667,0.0,  ,  ,0.0,  ,  
2019-09-18 15:30:00,10.3525,7.88827371708,737.549704281,  ,  ,0.0,0.0,84.7,0.0,  ,  ,0.0,  ,  
2019-09-18 15:35:00,10.4791666667,7.95518111709,737.535649944,  ,  ,0.0,0.0,84.3708333333,0.0,  ,  ,0.0,  ,  
2019-09-18 15:40:00,10.6395833333,7.93109679018,737.535649944,  ,  ,0.0,2.30001143511,83.3375,0.0,  ,  ,0.0,  ,  
2019-09-18 15:45:00,10.7695833333,7.80478591426,737.596571496,  ,  ,0.0,0.600002983073,81.9125,0.0,  ,  ,0.0,  ,  
2019-09-18 15:50:00,10.8895833333,7.44726645252,737.610656112,  ,  ,0.0,0.0,79.3041666667,0.0,  ,  ,0.0,  ,  
2019-09-18 15:55:00,10.9858333333,7.38619924797,737.610656112,  ,  ,0.0,0.0,78.4708333333,0.0,  ,  ,0.0,  ,  
2019-09-18 16:00:00,11.1033333333,7.43720984747,737.610656112,  ,  ,0.0,0.0,78.1333333333,0.0,  ,  ,0.0,  ,  
2019-09-18 16:05:00,11.1995833333,7.39966345166,737.610656112,  ,  ,0.0,0.0,77.4375,0.0,  ,  ,0.0,  ,  
2019-09-18 16:10:00,11.28625,7.4260834825,737.610656112,  ,  ,0.0,0.0,77.1333333333,0.0,  ,  ,0.0,  ,  
2019-09-18 16:15:00,11.32,7.29426757423,737.610656112,  ,  ,0.0,0.0,76.2708333333,0.0,  ,  ,0.0,  ,  
2019-09-18 16:20:00,11.24375,7.2308371251,737.610656112,  ,  ,0.0,0.0,76.325,0.0,  ,  ,0.0,  ,  
2019-09-18 16:25:00,11.2395833333,7.5819720545,737.610656112,  ,  ,0.0,1.80000894922,78.2,0.0,  ,  ,0.0,  ,  
2019-09-18 16:30:00,11.2966666667,7.6436388977,737.610656112,  ,  ,0.0,1.60000795486,78.2333333333,0.0,  ,  ,0.0,  ,  
2019-09-18 16:35:00,11.2804166667,7.30777632922,737.610656112,  ,  ,0.0,2.30001143511,76.5416666667,0.0,  ,  ,0.0,  ,  
2019-09-18 16:40:00,11.2166666667,7.33887266876,737.610656112,  ,  ,0.736670329217,2.30001143511,77.0291666667,0.0,  ,  ,0.0,  ,  
2019-09-18 16:45:00,11.2366666667,7.33370538107,737.671579947,  ,  ,0.80000397743,2.60001292665,76.9,0.0,  ,  ,0.0,  ,  
2019-09-18 16:50:00,11.2066666667,7.38604570281,737.68566228,  ,  ,0.615836395126,1.9000094464,77.3291666667,0.0,  ,  ,0.0,  ,  
2019-09-18 16:55:00,11.2033333333,7.57096254777,737.68566228,  ,  ,0.600002983073,2.80001392101,78.3291666667,0.0,  ,  ,0.0,  ,  
2019-09-18 17:00:00,11.2033195021,7.69598367505,737.68566228,  ,  ,0.600002983073,0.80000397743,79.0,0.0,  ,  ,0.0,  ,  
2019-09-18 17:05:00,11.2666666667,7.72036000328,737.68566228,  ,  ,0.600002983073,1.30000646332,78.8,0.0,  ,  ,0.0,  ,  
2019-09-18 17:10:00,11.28,7.70225108933,737.68566228,  ,  ,0.0450002237305,1.10000546897,78.6333333333,0.0,  ,  ,0.0,  ,  
2019-09-18 17:15:00,11.2966666667,7.70599827841,737.74670513,  ,  ,0.0,0.0,78.5666666667,0.0,  ,  ,0.0,  ,  
2019-09-18 17:20:00,11.2666666667,7.70794222265,737.760668448,  ,  ,0.0,0.0,78.7333333333,0.0,  ,  ,0.0,  ,  
2019-09-18 17:25:00,11.2033333333,7.58420938156,737.760668448,  ,  ,0.0,0.0,78.4,0.0,  ,  ,0.0,  ,  
2019-09-18 17:30:00,11.1533333333,7.64739616945,737.821694838,  ,  ,0.0,0.0,79.0,0.0,  ,  ,0.0,  ,  
2019-09-18 17:35:00,11.07,7.59110801478,737.835674616,  ,  ,0.0,0.0,79.1333333333,0.0,  ,  ,0.0,  ,  
2019-09-18 17:40:00,10.9666666667,7.65026650172,737.835674616,  ,  ,0.0,0.0,80.0,0.0,  ,  ,0.0,  ,  
2019-09-18 17:45:00,10.9633333333,7.62868191492,737.957666764,  ,  ,0.0,0.0,79.9,0.0,  ,  ,0.0,  ,  
2019-09-18 17:50:00,10.9833333333,7.66649156069,737.985686952,  ,  ,0.0,1.80000894922,80.0,0.0,  ,  ,0.0,  ,  
2019-09-18 17:55:00,10.9066666667,7.59185604924,737.985686952,  ,  ,0.0,1.60000795486,80.0,0.0,  ,  ,0.0,  ,  
2019-09-18 18:00:00,10.8633333333,7.54967048865,737.985686952,  ,  ,0.0,0.80000397743,80.0,0.0,  ,  ,0.0,  ,  
2019-09-18 18:05:00,10.7666666667,7.54074910234,737.985686952,  ,  ,0.0,1.80000894922,80.4666666667,0.0,  ,  ,0.0,  ,  
2019-09-18 18:10:00,10.7,7.39066161319,737.985686952,  ,  ,0.0,0.900004474609,80.0,0.0,  ,  ,0.0,  ,  
2019-09-18 18:15:00,10.6166666667,7.44304224799,738.046713342,  ,  ,0.0,0.80000397743,80.7333333333,0.0,  ,  ,0.0,  ,  
2019-09-18 18:20:00,10.5433333333,7.38968349474,738.06069312,  ,  ,0.0,1.4000069605,80.8333333333,0.0,  ,  ,0.0,  ,  
2019-09-18 18:25:00,10.4033333333,7.28332688845,738.06069312,  ,  ,0.0,0.600002983073,81.0,0.0,  ,  ,0.0,  ,  
2019-09-18 18:30:00,10.31,7.21035213011,738.121689194,  ,  ,0.0,2.30001143511,81.1,0.0,  ,  ,0.0,  ,  
2019-09-18 18:35:00,10.2466666667,7.29202969458,738.135699288,  ,  ,0.0,0.0,81.9,0.0,  ,  ,0.0,  ,  
2019-09-18 18:40:00,10.17,7.2350110351,738.135699288,  ,  ,0.0,1.10000546897,82.0,0.0,  ,  ,0.0,  ,  
2019-09-18 18:45:00,10.0966666667,7.22858620922,738.196725678,  ,  ,0.0,1.4000069605,82.3666666667,0.0,  ,  ,0.0,  ,  
2019-09-18 18:50:00,9.96666666667,7.21344945616,738.210705456,  ,  ,0.0,0.600002983073,83.0,0.0,  ,  ,0.0,  ,  
2019-09-18 18:55:00,9.88666666667,7.23461506341,738.210705456,  ,  ,0.0,2.30001143511,83.5666666667,0.0,  ,  ,0.0,  ,  
2019-09-18 19:00:00,9.79333333333,7.08491696585,738.332623082,  ,  ,0.0,1.60000795486,83.2333333333,0.0,  ,  ,0.0,  ,  
2019-09-18 19:05:00,9.7,7.12742157223,738.360717792,  ,  ,0.0,0.0,84.0,0.0,  ,  ,0.0,  ,  
2019-09-18 19:10:00,9.60333333333,7.04432995388,738.360717792,  ,  ,0.0,0.0,84.0666666667,0.0,  ,  ,0.0,  ,  
2019-09-18 19:15:00,9.49,7.09439723964,738.421706903,  ,  ,0.0,0.0,85.0,0.0,  ,  ,0.0,  ,  
2019-09-18 19:20:00,9.37,6.97671133732,738.43572396,  ,  ,0.0,0.0,85.0,0.0,  ,  ,0.0,  ,  
2019-09-18 19:25:00,9.3,6.92455428255,738.43572396,  ,  ,0.0,1.4000069605,85.0962343096,0.0,  ,  ,0.0,  ,  
2019-09-18 19:30:00,9.23375,7.01358997754,738.557627623,  ,  ,0.0,0.0,86.0,0.0,  ,  ,0.0,  ,  
2019-09-18 19:35:00,9.14375,6.92520077707,738.585736296,  ,  ,0.0,1.30000646332,86.0,0.0,  ,  ,0.0,  ,  
2019-09-18 19:40:00,8.97083333333,6.76665810331,738.585736296,  ,  ,0.0,0.80000397743,86.0666666667,0.0,  ,  ,0.0,  ,  
2019-09-18 19:45:00,8.87041666667,6.65675595028,738.7075794,  ,  ,0.0,1.60000795486,86.0,0.0,  ,  ,0.0,  ,  
2019-09-18 19:50:00,8.8,6.71039636619,738.735748632,  ,  ,0.0,1.60000795486,86.7291666667,0.0,  ,  ,0.0,  ,  
2019-09-18 19:55:00,8.74041666667,6.71946062319,738.735748632,  ,  ,0.0,2.30001143511,87.1333333333,0.0,  ,  ,0.0,  ,  
2019-09-18 20:00:00,8.70333333333,6.66070539637,738.796663184,  ,  ,0.552502746913,1.9000094464,87.0,0.0,  ,  ,0.0,  ,  
2019-09-18 20:05:00,8.68041666667,6.64930756923,738.8107548,  ,  ,0.600002983073,1.9000094464,87.0666666667,0.0,  ,  ,0.0,  ,  
2019-09-18 20:10:00,8.6,6.68044173794,738.8107548,  ,  ,0.600002983073,2.30001143511,87.7291666667,0.0,  ,  ,0.0,  ,  
2019-09-18 20:15:00,8.6,6.72529351724,738.8107548,  ,  ,0.600002983073,3.10001541254,88.0,0.0,  ,  ,0.0,  ,  
2019-09-18 20:20:00,8.6,6.72529351724,738.8107548,  ,  ,0.784170565377,2.60001292665,88.0,0.0,  ,  ,0.0,  ,  
2019-09-18 20:25:00,8.6,6.72529351724,738.8107548,  ,  ,0.80000397743,3.60001789844,88.0,0.0,  ,  ,0.0,  ,  
2019-09-18 20:30:00,8.55708333333,6.6830276265,738.871639091,  ,  ,0.80000397743,2.90001441819,88.0,0.0,  ,  ,0.0,  ,  
2019-09-18 20:35:00,8.44041666667,6.6717227184,738.885760968,  ,  ,0.80000397743,2.90001441819,88.6291666667,0.0,  ,  ,0.0,  ,  
2019-09-18 20:40:00,8.36708333333,6.64380685443,738.885760968,  ,  ,0.80000397743,2.60001292665,88.9,0.0,  ,  ,0.0,  ,  
2019-09-18 20:45:00,8.3,6.59876624345,738.885760968,  ,  ,0.80000397743,2.30001143511,89.0291666667,0.0,  ,  ,0.0,  ,  
2019-09-18 20:50:00,8.28375,6.74050118663,738.885760968,  ,  ,0.615836395126,1.4000069605,90.0,0.0,  ,  ,0.0,  ,  
2019-09-18 20:55:00,8.2,6.6577985723,738.885760968,  ,  ,0.600002983073,2.30001143511,90.0,0.0,  ,  ,0.0,  ,  
2019-09-18 21:00:00,8.19666666667,6.68612586687,738.946574756,  ,  ,0.0475002361599,2.90001441819,90.1958333333,0.0,  ,  ,0.0,  ,  
2019-09-18 21:05:00,8.15708333333,6.7761946937,738.960767136,  ,  ,0.0,3.60001789844,91.0,0.0,  ,  ,0.0,  ,  
2019-09-18 21:10:00,8.16958333333,6.78855466872,738.960767136,  ,  ,0.736670329217,1.9000094464,91.0,0.0,  ,  ,0.0,  ,  
2019-09-18 21:15:00,8.18333333333,6.92902027474,739.02168852,  ,  ,0.80000397743,3.60001789844,91.7958333333,0.0,  ,  ,0.0,  ,  
2019-09-18 21:20:00,8.2,6.97791321366,739.035773304,  ,  ,0.615836395126,2.40001193229,92.0,0.0,  ,  ,0.0,  ,  
2019-09-18 21:25:00,8.2,6.97791321366,739.035773304,  ,  ,0.600002983073,2.90001441819,92.0,0.0,  ,  ,0.0,  ,  
2019-09-18 21:30:00,8.2,6.97791321366,739.035773304,  ,  ,0.600002983073,2.60001292665,92.0,0.0,  ,  ,0.0,  ,  
2019-09-18 21:35:00,8.2,6.97791321366,739.035773304,  ,  ,0.600002983073,1.30000646332,92.0,0.0,  ,  ,0.0,  ,  
2019-09-18 21:40:00,8.18333333333,6.96141179153,739.035773304,  ,  ,0.0475002361599,2.40001193229,92.0,0.0,  ,  ,0.0,  ,  
2019-09-18 21:45:00,8.10375,7.01343493048,739.096671258,  ,  ,0.0,1.60000795486,92.8291666667,0.0,  ,  ,0.0,  ,  
2019-09-18 21:50:00,8.1,7.03654174319,739.110779472,  ,  ,0.0,3.80001889279,93.0,0.0,  ,  ,0.0,  ,  
2019-09-18 21:55:00,8.08666666667,7.023323531,739.110779472,  ,  ,0.0,4.10002038433,93.0,0.0,  ,  ,0.0,  ,  
2019-09-18 22:00:00,8.02708333333,6.96425456945,739.171700856,  ,  ,1.01292170267,2.30001143511,93.0,0.0,  ,  ,0.0,  ,  
2019-09-18 22:05:00,7.92041666667,6.85850842676,739.18578564,  ,  ,1.10000546897,3.80001889279,93.0,0.0,  ,  ,0.0,  ,  
2019-09-18 22:10:00,7.9,6.83826790886,739.18578564,  ,  ,0.639422266193,3.60001789844,93.0,0.0,  ,  ,0.0,  ,  
2019-09-18 22:15:00,7.83041666667,6.76928480999,739.307703527,  ,  ,0.600002983073,2.80001392101,93.0,0.0,  ,  ,0.0,  ,  
  
  
  
  
  
  
  
  
  
  
  
  
  
  
  
  
  
  
  
  

    

