Time,TemperatureC,DewpointC,PressurehPa,WindDirection,WindDirectionDegrees,WindSpeedKMH,WindSpeedGustKMH,Humidity,HourlyPrecipMM,Conditions,Clouds,dailyrainMM,SoftwareType,DateUTC
                
2018-12-18 00:00:00,-11.1033333333,-11.8399836844,1020.45576541,  ,  ,0.0,0.0,94.2625,0.0,  ,  ,0.0,  ,  
2018-12-18 00:05:00,-11.0567226891,-11.7314597785,1020.5,  ,  ,0.0,0.0,94.7352941176,0.0,  ,  ,0.0,  ,  
2018-12-18 00:10:00,-10.9295833333,-11.6321974694,1020.5,  ,  ,0.0,0.0,94.5291666667,0.0,  ,  ,0.0,  ,  
2018-12-18 00:15:00,-10.9,-11.6726814912,1020.44421262,  ,  ,0.0,0.0,94.0,0.0,  ,  ,0.0,  ,  
2018-12-18 00:20:00,-10.9,-11.6726814912,1020.4,  ,  ,0.0,0.0,94.0,0.0,  ,  ,0.0,  ,  
2018-12-18 00:25:00,-10.8195833333,-11.5928119283,1020.4,  ,  ,0.0,0.0,94.0,0.0,  ,  ,0.0,  ,  
2018-12-18 00:30:00,-10.8,-11.5733618567,1020.34404584,  ,  ,0.0,0.600002983073,94.0,0.0,  ,  ,0.0,  ,  
2018-12-18 00:35:00,-10.8,-11.5733618567,1020.3,  ,  ,0.0,0.0,94.0,0.0,  ,  ,0.0,  ,  
2018-12-18 00:40:00,-10.75625,-11.4456548619,1020.3,  ,  ,0.0,0.600002983073,94.6375,0.0,  ,  ,0.0,  ,  
2018-12-18 00:45:00,-10.7,-11.407884881,1020.3,  ,  ,0.0,0.0,94.5,0.0,  ,  ,0.0,  ,  
2018-12-18 00:50:00,-10.7,-11.4210914516,1020.3,  ,  ,0.0,0.0,94.4,0.0,  ,  ,0.0,  ,  
2018-12-18 00:55:00,-10.6629166667,-11.3408044251,1020.3,  ,  ,0.0,0.0,94.7291666667,0.0,  ,  ,0.0,  ,  
2018-12-18 01:00:00,-10.6033333333,-11.3382683337,1020.18848849,  ,  ,0.0,0.0,94.3,0.0,  ,  ,0.0,  ,  
2018-12-18 01:05:00,-10.6,-11.3520645997,1020.1,  ,  ,0.0,1.10000546897,94.1708333333,0.0,  ,  ,0.0,  ,  
2018-12-18 01:10:00,-10.5595833333,-11.2024147126,1020.1,  ,  ,0.0,1.80000894922,95.0,0.0,  ,  ,0.0,  ,  
2018-12-18 01:15:00,-10.4429166667,-11.0864076381,1020.04418489,  ,  ,0.0,1.30000646332,95.0,0.0,  ,  ,0.0,  ,  
2018-12-18 01:20:00,-10.3729166667,-11.0168035553,1020.0,  ,  ,0.0,1.9000094464,95.0,0.0,  ,  ,0.0,  ,  
2018-12-18 01:25:00,-10.2966666667,-10.9409849604,1020.0,  ,  ,0.0,2.10001044075,95.0,0.0,  ,  ,0.0,  ,  
2018-12-18 01:30:00,-10.2129166667,-10.8577089648,1020.0,  ,  ,0.0,3.3000164069,95.0,0.0,  ,  ,0.0,  ,  
2018-12-18 01:35:00,-10.2,-10.8448654187,1020.0,  ,  ,0.3987519825,2.90001441819,95.0,0.0,  ,  ,0.0,  ,  
2018-12-18 01:40:00,-10.2,-10.8448654187,1020.0,  ,  ,1.10000546897,1.80000894922,95.0,0.0,  ,  ,0.0,  ,  
2018-12-18 01:45:00,-10.2,-10.8448654187,1020.0,  ,  ,0.91875456783,2.90001441819,95.0,0.0,  ,  ,0.0,  ,  
2018-12-18 01:50:00,-10.2,-10.9513873038,1020.0,  ,  ,0.600002983073,2.90001441819,94.1958333333,0.0,  ,  ,0.0,  ,  
2018-12-18 01:55:00,-10.2104166667,-10.9346169457,1020.0,  ,  ,0.781253884209,4.50002237305,94.4,0.0,  ,  ,0.0,  ,  
2018-12-18 02:00:00,-10.3,-11.0767681599,1019.88846918,  ,  ,1.10000546897,3.60001789844,94.0,0.0,  ,  ,0.0,  ,  
2018-12-18 02:05:00,-10.3,-11.0767681599,1019.8,  ,  ,1.17250582942,2.40001193229,94.0,0.0,  ,  ,0.0,  ,  
2018-12-18 02:10:00,-10.3170833333,-11.0937349881,1019.8,  ,  ,1.30000646332,2.10001044075,94.0,0.0,  ,  ,0.0,  ,  
2018-12-18 02:15:00,-10.38,-11.0849157873,1019.74412935,  ,  ,1.04625520173,2.10001044075,94.5375,0.0,  ,  ,0.0,  ,  
2018-12-18 02:20:00,-10.33625,-11.0028791086,1019.7,  ,  ,0.600002983073,3.10001541254,94.8291666667,0.0,  ,  ,0.0,  ,  
2018-12-18 02:25:00,-10.3704166667,-11.0489488316,1019.7,  ,  ,0.708753523755,2.30001143511,94.7375,0.0,  ,  ,0.0,  ,  
2018-12-18 02:30:00,-10.4,-11.1323825148,1019.75581511,  ,  ,0.900004474609,3.60001789844,94.3291666667,0.0,  ,  ,0.0,  ,  
2018-12-18 02:35:00,-10.4,-11.056363649,1019.8,  ,  ,0.972504835064,3.3000164069,94.9041666667,0.0,  ,  ,0.0,  ,  
2018-12-18 02:40:00,-10.39,-11.0337902548,1019.8,  ,  ,1.10000546897,2.30001143511,95.0,0.0,  ,  ,0.0,  ,  
2018-12-18 02:45:00,-10.3366666667,-11.0165011437,1019.8,  ,  ,1.02750510851,2.60001292665,94.7291666667,0.0,  ,  ,0.0,  ,  
2018-12-18 02:50:00,-10.3966666667,-11.1323852348,1019.8,  ,  ,0.900004474609,2.40001193229,94.3041666667,0.0,  ,  ,0.0,  ,  
2018-12-18 02:55:00,-10.32625,-10.9704009009,1019.8,  ,  ,0.863754294382,2.40001193229,95.0,0.0,  ,  ,0.0,  ,  
2018-12-18 03:00:00,-10.3,-10.9888683709,1019.8,  ,  ,0.80000397743,2.80001392101,94.6625,0.0,  ,  ,0.0,  ,  
2018-12-18 03:05:00,-10.3,-11.0496209544,1019.8,  ,  ,0.908754518112,2.60001292665,94.2041666667,0.0,  ,  ,0.0,  ,  
2018-12-18 03:10:00,-10.3,-11.0418742234,1019.8,  ,  ,1.10000546897,2.60001292665,94.2625,0.0,  ,  ,0.0,  ,  
2018-12-18 03:15:00,-10.3,-11.0767681599,1019.8,  ,  ,1.10000546897,2.90001441819,94.0,0.0,  ,  ,0.0,  ,  
2018-12-18 03:20:00,-10.3270833333,-11.103666794,1019.8,  ,  ,1.10000546897,2.60001292665,94.0,0.0,  ,  ,0.0,  ,  
2018-12-18 03:25:00,-10.4004166667,-11.1765001287,1019.8,  ,  ,1.10000546897,3.10001541254,94.0,0.0,  ,  ,0.0,  ,  
2018-12-18 03:30:00,-10.5170833333,-11.2923716736,1019.8,  ,  ,1.10000546897,3.60001789844,94.0,0.0,  ,  ,0.0,  ,  
2018-12-18 03:35:00,-10.6,-11.3747234828,1019.8,  ,  ,1.2812563701,3.40001690408,94.0,0.0,  ,  ,0.0,  ,  
2018-12-18 03:40:00,-10.6,-11.3747234828,1019.8,  ,  ,1.60000795486,2.30001143511,94.0,0.0,  ,  ,0.0,  ,  
2018-12-18 03:45:00,-10.6,-11.3747234828,1019.74418489,  ,  ,1.41875705372,2.60001292665,94.0,0.0,  ,  ,0.0,  ,  
2018-12-18 03:50:00,-10.6,-11.3747234828,1019.7,  ,  ,1.10000546897,1.80000894922,94.0,0.0,  ,  ,0.0,  ,  
2018-12-18 03:55:00,-10.6,-11.3747234828,1019.7,  ,  ,0.991254928285,2.40001193229,94.0,0.0,  ,  ,0.0,  ,  
2018-12-18 04:00:00,-10.6,-11.3747234828,1019.75590433,  ,  ,0.80000397743,1.4000069605,94.0,0.0,  ,  ,0.0,  ,  
2018-12-18 04:05:00,-10.60375,-11.3784479413,1019.8,  ,  ,0.80000397743,2.80001392101,94.0,0.0,  ,  ,0.0,  ,  
2018-12-18 04:10:00,-10.6933333333,-11.4674212421,1019.8,  ,  ,0.80000397743,3.3000164069,94.0,0.0,  ,  ,0.0,  ,  
2018-12-18 04:15:00,-10.7,-11.4740425206,1019.8,  ,  ,0.836254157658,2.30001143511,94.0,0.0,  ,  ,0.0,  ,  
2018-12-18 04:20:00,-10.73375,-11.5075627631,1019.8,  ,  ,0.900004474609,2.60001292665,94.0,0.0,  ,  ,0.0,  ,  
2018-12-18 04:25:00,-10.8,-11.5733618567,1019.8,  ,  ,0.900004474609,2.10001044075,94.0,0.0,  ,  ,0.0,  ,  
2018-12-18 04:30:00,-10.8,-11.5733618567,1019.8,  ,  ,0.900004474609,2.30001143511,94.0,0.0,  ,  ,0.0,  ,  
2018-12-18 04:35:00,-10.81,-11.5832938067,1019.8,  ,  ,0.863754294382,2.10001044075,94.0,0.0,  ,  ,0.0,  ,  
2018-12-18 04:40:00,-10.8904166667,-11.6631633466,1019.8,  ,  ,0.80000397743,2.10001044075,94.0,0.0,  ,  ,0.0,  ,  
2018-12-18 04:45:00,-10.9070833333,-11.6797166433,1019.8,  ,  ,0.908754518112,3.40001690408,94.0,0.0,  ,  ,0.0,  ,  
2018-12-18 04:50:00,-11.0,-11.7720014241,1019.8,  ,  ,1.10000546897,1.9000094464,94.0,0.0,  ,  ,0.0,  ,  
2018-12-18 04:55:00,-11.00375,-11.7757259274,1019.8,  ,  ,0.91875456783,1.80000894922,94.0,0.0,  ,  ,0.0,  ,  
2018-12-18 05:00:00,-11.0466666667,-11.8183508283,1019.74427214,  ,  ,0.600002983073,0.80000397743,94.0,0.0,  ,  ,0.0,  ,  
2018-12-18 05:05:00,-11.08,-11.8514575853,1019.7,  ,  ,0.382501901709,0.900004474609,94.0,0.0,  ,  ,0.0,  ,  
2018-12-18 05:10:00,-11.1004166667,-11.9208318874,1019.7,  ,  ,0.0,2.30001143511,93.6291666667,0.0,  ,  ,0.0,  ,  
2018-12-18 05:15:00,-11.2,-12.0103124947,1019.75581511,  ,  ,0.217501081364,1.60000795486,93.7,0.0,  ,  ,0.0,  ,  
2018-12-18 05:20:00,-11.2370833333,-12.1401061587,1019.8,  ,  ,0.600002983073,3.10001541254,93.0,0.0,  ,  ,0.0,  ,  
2018-12-18 05:25:00,-11.3804166667,-12.2773087643,1019.8,  ,  ,0.781253884209,2.60001292665,93.0375,0.0,  ,  ,0.0,  ,  
2018-12-18 05:30:00,-11.3895833333,-12.158938175,1019.74421262,  ,  ,1.10000546897,3.10001541254,94.0,0.0,  ,  ,0.0,  ,  
2018-12-18 05:35:00,-11.3,-12.0699630132,1019.7,  ,  ,1.10000546897,2.60001292665,94.0,0.0,  ,  ,0.0,  ,  
2018-12-18 05:40:00,-11.3204166667,-12.1298693394,1019.7,  ,  ,1.10000546897,2.30001143511,93.7,0.0,  ,  ,0.0,  ,  
2018-12-18 05:45:00,-11.3366666667,-12.1063807249,1019.7,  ,  ,0.991254928285,2.40001193229,94.0,0.0,  ,  ,0.0,  ,  
2018-12-18 05:50:00,-11.3495833333,-12.1192097011,1019.7,  ,  ,0.80000397743,3.10001541254,94.0,0.0,  ,  ,0.0,  ,  
2018-12-18 05:55:00,-11.3066666667,-12.0765844123,1019.7,  ,  ,0.836254157658,2.60001292665,94.0,0.0,  ,  ,0.0,  ,  
2018-12-18 06:00:00,-11.3,-12.0699630132,1019.7,  ,  ,0.900004474609,2.40001193229,94.0,0.0,  ,  ,0.0,  ,  
2018-12-18 06:05:00,-11.3370833333,-12.1067945628,1019.7,  ,  ,0.972504835064,2.40001193229,94.0,0.0,  ,  ,0.0,  ,  
2018-12-18 06:10:00,-11.39625,-12.165559592,1019.7,  ,  ,1.10000546897,2.40001193229,94.0,0.0,  ,  ,0.0,  ,  
2018-12-18 06:15:00,-11.3033333333,-12.0732737126,1019.7,  ,  ,0.991254928285,1.9000094464,94.0,0.0,  ,  ,0.0,  ,  
2018-12-18 06:20:00,-11.3,-12.0699630132,1019.7,  ,  ,0.80000397743,1.10000546897,94.0,0.0,  ,  ,0.0,  ,  
2018-12-18 06:25:00,-11.3,-12.0699630132,1019.7,  ,  ,0.510002535612,0.80000397743,94.0,0.0,  ,  ,0.0,  ,  
2018-12-18 06:30:00,-11.3204166667,-12.1392424968,1019.64418489,  ,  ,0.0,3.10001541254,93.6291666667,0.0,  ,  ,0.0,  ,  
2018-12-18 06:35:00,-11.4170833333,-12.2473402954,1019.6,  ,  ,0.326251622046,2.60001292665,93.5375,0.0,  ,  ,0.0,  ,  
2018-12-18 06:40:00,-11.5304166667,-12.3741773201,1019.6,  ,  ,0.900004474609,4.30002137869,93.4291666667,0.0,  ,  ,0.0,  ,  
2018-12-18 06:45:00,-11.6,-12.4289176803,1019.48835582,  ,  ,1.1537557362,3.3000164069,93.5375,0.0,  ,  ,0.0,  ,  
2018-12-18 06:50:00,-11.6,-12.3679272877,1019.4,  ,  ,1.60000795486,3.60001789844,94.0,0.0,  ,  ,0.0,  ,  
2018-12-18 06:55:00,-11.6,-12.3679272877,1019.4,  ,  ,1.52750759441,3.40001690408,94.0,0.0,  ,  ,0.0,  ,  
2018-12-18 07:00:00,-11.5933333333,-12.3613058302,1019.51153082,  ,  ,1.4000069605,1.9000094464,94.0,0.0,  ,  ,0.0,  ,  
2018-12-18 07:05:00,-11.52625,-12.294677488,1019.6,  ,  ,1.21875605937,2.90001441819,94.0,0.0,  ,  ,0.0,  ,  
2018-12-18 07:10:00,-11.57375,-12.3418553065,1019.6,  ,  ,0.900004474609,3.60001789844,94.0,0.0,  ,  ,0.0,  ,  
2018-12-18 07:15:00,-11.67375,-12.4675014941,1019.6,  ,  ,1.04500519552,2.90001441819,93.8,0.0,  ,  ,0.0,  ,  
2018-12-18 07:20:00,-11.7,-12.4672493094,1019.6,  ,  ,1.30000646332,3.40001690408,94.0,0.0,  ,  ,0.0,  ,  
2018-12-18 07:25:00,-11.7004166667,-12.4676631518,1019.6,  ,  ,1.30000646332,2.90001441819,94.0,0.0,  ,  ,0.0,  ,  
2018-12-18 07:30:00,-11.7295833333,-12.4966321313,1019.54431197,  ,  ,1.30000646332,3.80001889279,94.0,0.0,  ,  ,0.0,  ,  
2018-12-18 07:35:00,-11.70375,-12.471521659,1019.5,  ,  ,1.33625664355,4.30002137869,93.9958333333,0.0,  ,  ,0.0,  ,  
2018-12-18 07:40:00,-11.8,-12.6453854772,1019.5,  ,  ,1.4000069605,4.60002287023,93.4016736402,0.0,  ,  ,0.0,  ,  
2018-12-18 07:45:00,-11.89,-12.6559619726,1019.5,  ,  ,1.65375822209,3.60001789844,94.0,0.0,  ,  ,0.0,  ,  
2018-12-18 07:50:00,-11.9,-12.6658942479,1019.5,  ,  ,2.10001044075,3.40001690408,94.0,0.0,  ,  ,0.0,  ,  
2018-12-18 07:55:00,-11.8466666667,-12.6129221476,1019.5,  ,  ,1.92084288331,3.40001690408,94.0,0.0,  ,  ,0.0,  ,  
2018-12-18 08:00:00,-11.87,-12.7018878962,1019.5554175,  ,  ,1.60000795486,3.80001889279,93.5,0.0,  ,  ,0.0,  ,  
2018-12-18 08:05:00,-11.9,-12.6658942479,1019.6,  ,  ,1.67167497784,3.3000164069,94.0,0.0,  ,  ,0.0,  ,  
2018-12-18 08:10:00,-11.9,-12.7097082234,1019.6,  ,  ,1.80000894922,4.10002038433,93.6666666667,0.0,  ,  ,0.0,  ,  
2018-12-18 08:15:00,-11.9,-12.6658942479,1019.6,  ,  ,1.80000894922,3.3000164069,94.0,0.0,  ,  ,0.0,  ,  
2018-12-18 08:20:00,-11.9,-12.7053205841,1019.6,  ,  ,1.80000894922,3.90001938997,93.7,0.0,  ,  ,0.0,  ,  
2018-12-18 08:25:00,-11.9766666667,-12.8649887384,1019.6,  ,  ,1.72834192624,3.60001789844,93.0666666667,0.0,  ,  ,0.0,  ,  
2018-12-18 08:30:00,-12.0,-12.8002263292,1019.6,  ,  ,1.60000795486,3.80001889279,93.7333333333,0.0,  ,  ,0.0,  ,  
2018-12-18 08:35:00,-12.0531380753,-12.8795481255,1019.6,  ,  ,1.49205762736,3.40001690408,93.5313807531,0.0,  ,  ,0.0,  ,  
2018-12-18 08:40:00,-12.0,-12.7652171647,1019.6,  ,  ,1.30000646332,3.10001541254,94.0,0.0,  ,  ,0.0,  ,  
2018-12-18 08:45:00,-11.9966666667,-12.761906396,1019.6,  ,  ,1.40750699779,3.60001789844,94.0,0.0,  ,  ,0.0,  ,  
2018-12-18 08:50:00,-11.97,-12.7354202584,1019.6,  ,  ,1.60000795486,3.60001789844,94.0,0.0,  ,  ,0.0,  ,  
2018-12-18 08:55:00,-11.9133333333,-12.6791372862,1019.6,  ,  ,1.49250742039,2.80001392101,94.0,0.0,  ,  ,0.0,  ,  
2018-12-18 09:00:00,-11.9033333333,-12.7305816485,1019.71077993,  ,  ,1.30000646332,2.90001441819,93.5333333333,0.0,  ,  ,0.0,  ,  
2018-12-18 09:05:00,-11.91,-12.7459893782,1019.8,  ,  ,1.30000646332,2.40001193229,93.4666666667,0.0,  ,  ,0.0,  ,  
2018-12-18 09:10:00,-11.9,-12.7756902014,1019.8,  ,  ,1.30000646332,3.60001789844,93.1666666667,0.0,  ,  ,0.0,  ,  
2018-12-18 09:15:00,-11.9,-12.7712816055,1019.8,  ,  ,1.33583997481,3.90001938997,93.2,0.0,  ,  ,0.0,  ,  
2018-12-18 09:20:00,-11.9133891213,-12.8110371394,1019.8,  ,  ,1.4000069605,2.90001441819,93.0,0.0,  ,  ,0.0,  ,  
2018-12-18 09:25:00,-11.9966666667,-12.8936539578,1019.8,  ,  ,1.4000069605,3.10001541254,93.0,0.0,  ,  ,0.0,  ,  
2018-12-18 09:30:00,-12.0033333333,-12.9002677414,1019.85538997,  ,  ,1.4000069605,3.60001789844,93.0,0.0,  ,  ,0.0,  ,  
2018-12-18 09:35:00,-12.0,-12.8969608494,1019.9,  ,  ,1.4000069605,5.00002485894,93.0,0.0,  ,  ,0.0,  ,  
2018-12-18 09:40:00,-12.0866666667,-12.9829401671,1019.9,  ,  ,1.4000069605,3.60001789844,93.0,0.0,  ,  ,0.0,  ,  
2018-12-18 09:45:00,-12.1033333333,-12.9994746813,1020.01083499,  ,  ,1.65084154093,4.80002386458,93.0,0.0,  ,  ,0.0,  ,  
2018-12-18 09:50:00,-12.2,-13.0953750554,1020.1,  ,  ,2.10001044075,3.10001541254,93.0,0.0,  ,  ,0.0,  ,  
2018-12-18 09:55:00,-12.29,-13.2243292824,1020.1,  ,  ,1.99250990629,5.50002734483,92.7,0.0,  ,  ,0.0,  ,  
2018-12-18 10:00:00,-12.4533333333,-13.4791814329,1020.15542289,  ,  ,1.80000894922,3.90001938997,92.0,0.0,  ,  ,0.0,  ,  
2018-12-18 10:05:00,-12.6,-13.5670256688,1020.2,  ,  ,1.90750948369,3.90001938997,92.4333333333,0.0,  ,  ,0.0,  ,  
2018-12-18 10:10:00,-12.6566666667,-13.5703780987,1020.2,  ,  ,2.10001044075,4.50002237305,92.8333333333,0.0,  ,  ,0.0,  ,  
2018-12-18 10:15:00,-12.7,-13.5914166844,1020.2,  ,  ,2.02834341778,2.90001441819,93.0,0.0,  ,  ,0.0,  ,  
2018-12-18 10:20:00,-12.7,-13.5914166844,1020.2,  ,  ,1.9000094464,2.80001392101,93.0,0.0,  ,  ,0.0,  ,  
2018-12-18 10:25:00,-12.6966666667,-13.5881097113,1020.2,  ,  ,1.68500837746,2.60001292665,93.0,0.0,  ,  ,0.0,  ,  
2018-12-18 10:30:00,-12.6166666667,-13.508742473,1020.31125498,  ,  ,1.30000646332,2.60001292665,93.0,0.0,  ,  ,0.0,  ,  
2018-12-18 10:35:00,-12.6266666667,-13.5318338734,1020.4,  ,  ,1.22833944035,2.80001392101,92.9,0.0,  ,  ,0.0,  ,  
2018-12-18 10:40:00,-12.6966666667,-13.5881097113,1020.4,  ,  ,1.10000546897,4.10002038433,93.0,0.0,  ,  ,0.0,  ,  
2018-12-18 10:45:00,-12.7,-13.639739011,1020.34451068,  ,  ,1.35084004939,4.30002137869,92.6333333333,0.0,  ,  ,0.0,  ,  
2018-12-18 10:50:00,-12.7966666667,-13.8193969414,1020.3,  ,  ,1.80000894922,3.3000164069,92.0,0.0,  ,  ,0.0,  ,  
2018-12-18 10:55:00,-12.8333333333,-13.8557309157,1020.3,  ,  ,1.83584246071,3.90001938997,92.0,0.0,  ,  ,0.0,  ,  
2018-12-18 11:00:00,-12.8966666667,-13.8303747008,1020.3,  ,  ,1.9000094464,2.60001292665,92.6666666667,0.0,  ,  ,0.0,  ,  
2018-12-18 11:05:00,-12.8966666667,-13.9008213115,1020.3,  ,  ,1.79250891193,3.10001541254,92.1333333333,0.0,  ,  ,0.0,  ,  
2018-12-18 11:10:00,-12.8833333333,-13.7908244122,1020.3,  ,  ,1.60000795486,3.10001541254,92.8666666667,0.0,  ,  ,0.0,  ,  
2018-12-18 11:15:00,-12.7966666667,-13.6873190736,1020.3,  ,  ,1.49250742039,2.80001392101,93.0,0.0,  ,  ,0.0,  ,  
2018-12-18 11:20:00,-12.74,-13.631100392,1020.3,  ,  ,1.30000646332,2.10001044075,93.0,0.0,  ,  ,0.0,  ,  
2018-12-18 11:25:00,-12.6966666667,-13.6452379026,1020.3,  ,  ,1.22833944035,2.90001441819,92.5666666667,0.0,  ,  ,0.0,  ,  
2018-12-18 11:30:00,-12.6866666667,-13.7103953419,1020.3,  ,  ,1.10000546897,3.10001541254,92.0,0.0,  ,  ,0.0,  ,  
2018-12-18 11:35:00,-12.74,-13.8565089662,1020.3,  ,  ,1.35084004939,4.30002137869,91.3,0.0,  ,  ,0.0,  ,  
2018-12-18 11:40:00,-12.8,-13.8359776758,1020.3,  ,  ,1.80000894922,3.40001690408,91.9,0.0,  ,  ,0.0,  ,  
2018-12-18 11:45:00,-12.8,-13.8492682023,1020.3,  ,  ,1.83584246071,3.80001889279,91.8,0.0,  ,  ,0.0,  ,  
2018-12-18 11:50:00,-12.7633333333,-13.7863661025,1020.3,  ,  ,1.9000094464,4.10002038433,92.0,0.0,  ,  ,0.0,  ,  
2018-12-18 11:55:00,-12.7066945607,-13.7563860943,1020.3,  ,  ,1.9000094464,3.3000164069,91.8033472803,0.0,  ,  ,0.0,  ,  
2018-12-18 12:00:00,-12.7,-13.7773983102,1020.3,  ,  ,1.9000094464,3.60001789844,91.5958333333,0.0,  ,  ,0.0,  ,  
2018-12-18 12:05:00,-12.7066666667,-13.8229485207,1020.3,  ,  ,1.86459260365,3.60001789844,91.3041666667,0.0,  ,  ,0.0,  ,  
2018-12-18 12:10:00,-12.74,-13.8615232324,1020.3,  ,  ,1.80000894922,3.40001690408,91.2625,0.0,  ,  ,0.0,  ,  
2018-12-18 12:15:00,-12.7,-13.7274823776,1020.3,  ,  ,1.72917526372,3.3000164069,91.9708333333,0.0,  ,  ,0.0,  ,  
2018-12-18 12:20:00,-12.71625,-13.8731682,1020.3,  ,  ,1.60000795486,2.90001441819,91.0,0.0,  ,  ,0.0,  ,  
2018-12-18 12:25:00,-12.8,-13.9560592497,1020.3,  ,  ,1.52917426936,2.80001392101,91.0,0.0,  ,  ,0.0,  ,  
2018-12-18 12:30:00,-12.7204166667,-13.783738661,1020.35535,  ,  ,1.4000069605,3.10001541254,91.7,0.0,  ,  ,0.0,  ,  
2018-12-18 12:35:00,-12.7,-13.8570848987,1020.4,  ,  ,1.470840646,3.80001889279,91.0,0.0,  ,  ,0.0,  ,  
2018-12-18 12:40:00,-12.7,-13.8570848987,1020.4,  ,  ,1.60000795486,3.80001889279,91.0,0.0,  ,  ,0.0,  ,  
2018-12-18 12:45:00,-12.7066666667,-13.8860550063,1020.34461003,  ,  ,1.42292374111,2.90001441819,90.8333333333,0.0,  ,  ,0.0,  ,  
2018-12-18 12:50:00,-12.71,-13.8669823135,1020.3,  ,  ,1.10000546897,2.80001392101,91.0,0.0,  ,  ,0.0,  ,  
2018-12-18 12:55:00,-12.7,-13.7551910171,1020.3,  ,  ,1.17083915447,3.40001690408,91.7625,0.0,  ,  ,0.0,  ,  
2018-12-18 13:00:00,-12.63375,-13.7641411999,1020.24464908,  ,  ,1.30000646332,2.30001143511,91.2041666667,0.0,  ,  ,0.0,  ,  
2018-12-18 13:05:00,-12.61,-13.8128269213,1020.2,  ,  ,1.15833909232,2.80001392101,90.6666666667,0.0,  ,  ,0.0,  ,  
2018-12-18 13:10:00,-12.66625,-13.9179231213,1020.2,  ,  ,0.900004474609,2.40001193229,90.3,0.0,  ,  ,0.0,  ,  
2018-12-18 13:15:00,-12.6570833333,-13.8549218595,1020.2554175,  ,  ,0.970838160111,3.10001541254,90.7,0.0,  ,  ,0.0,  ,  
2018-12-18 13:20:00,-12.5904166667,-13.7486260254,1020.3,  ,  ,1.10000546897,2.60001292665,91.0,0.0,  ,  ,0.0,  ,  
2018-12-18 13:25:00,-12.58625,-13.8067404,1020.3,  ,  ,1.10000546897,1.9000094464,90.5375,0.0,  ,  ,0.0,  ,  
2018-12-18 13:30:00,-12.6,-13.7810642313,1020.3,  ,  ,1.10000546897,1.9000094464,90.8291666667,0.0,  ,  ,0.0,  ,  
2018-12-18 13:35:00,-12.5804166667,-13.7387286648,1020.3,  ,  ,0.993754940714,2.10001044075,91.0,0.0,  ,  ,0.0,  ,  
2018-12-18 13:40:00,-12.5066666667,-13.6746959446,1020.3,  ,  ,0.80000397743,1.9000094464,90.9333333333,0.0,  ,  ,0.0,  ,  
2018-12-18 13:45:00,-12.4070833333,-13.5268911469,1020.3,  ,  ,0.835420820181,3.80001889279,91.3,0.0,  ,  ,0.0,  ,  
2018-12-18 13:50:00,-12.34375,-13.5308675522,1020.3,  ,  ,0.900004474609,3.10001541254,90.8041666667,0.0,  ,  ,0.0,  ,  
2018-12-18 13:55:00,-12.33625,-13.6322938541,1020.3,  ,  ,1.14792237387,2.90001441819,90.0,0.0,  ,  ,0.0,  ,  
2018-12-18 14:00:00,-12.4,-13.6953128256,1020.24463221,  ,  ,1.60000795486,3.10001541254,90.0,0.0,  ,  ,0.0,  ,  
2018-12-18 14:05:00,-12.4,-13.6056285418,1020.2,  ,  ,1.42292374111,2.60001292665,90.6625,0.0,  ,  ,0.0,  ,  
2018-12-18 14:10:00,-12.4,-13.6450400099,1020.2,  ,  ,1.10000546897,2.80001392101,90.3708333333,0.0,  ,  ,0.0,  ,  
2018-12-18 14:15:00,-12.4495833333,-13.7443277229,1020.2,  ,  ,1.17083915447,3.40001690408,90.0,0.0,  ,  ,0.0,  ,  
2018-12-18 14:20:00,-12.5133333333,-13.7351747291,1020.2,  ,  ,1.30000646332,3.90001938997,90.5333333333,0.0,  ,  ,0.0,  ,  
2018-12-18 14:25:00,-12.6320833333,-14.0011896415,1020.2,  ,  ,1.33542330608,3.60001789844,89.4375,0.0,  ,  ,0.0,  ,  
2018-12-18 14:30:00,-12.8629166667,-14.2122327588,1020.2,  ,  ,1.4000069605,2.60001292665,89.5625,0.0,  ,  ,0.0,  ,  
2018-12-18 14:35:00,-12.8670833333,-14.0364130869,1020.2,  ,  ,1.4000069605,3.90001938997,90.8958333333,0.0,  ,  ,0.0,  ,  
2018-12-18 14:40:00,-12.8033333333,-14.0349456195,1020.2,  ,  ,1.4000069605,5.30002635048,90.4375,0.0,  ,  ,0.0,  ,  
2018-12-18 14:45:00,-12.8529166667,-14.1430417481,1020.31081081,  ,  ,1.71875854526,5.30002635048,90.0,0.0,  ,  ,0.0,  ,  
2018-12-18 14:50:00,-12.8933333333,-14.182995982,1020.4,  ,  ,2.30001143511,3.60001789844,90.0,0.0,  ,  ,0.0,  ,  
2018-12-18 14:55:00,-12.9033333333,-14.1928815784,1020.4,  ,  ,2.15834406411,3.80001889279,90.0,0.0,  ,  ,0.0,  ,  
2018-12-18 15:00:00,-12.9858333333,-14.2744379408,1020.4554175,  ,  ,1.9000094464,4.30002137869,90.0,0.0,  ,  ,0.0,  ,  
2018-12-18 15:05:00,-13.1,-14.3872993321,1020.5,  ,  ,1.9708431319,3.90001938997,90.0,0.0,  ,  ,0.0,  ,  
2018-12-18 15:10:00,-13.1,-14.3872993321,1020.5,  ,  ,2.10001044075,5.00002485894,90.0,0.0,  ,  ,0.0,  ,  
2018-12-18 15:15:00,-13.18625,-14.472563666,1020.5555333,  ,  ,2.20626096901,3.90001938997,90.0,0.0,  ,  ,0.0,  ,  
2018-12-18 15:20:00,-13.2033333333,-14.5119461325,1020.6,  ,  ,2.40001193229,3.40001690408,89.8333333333,0.0,  ,  ,0.0,  ,  
2018-12-18 15:25:00,-13.2895833333,-14.5747165988,1020.6,  ,  ,2.29376140404,5.60002784201,90.0,0.0,  ,  ,0.0,  ,  
2018-12-18 15:30:00,-13.3729166667,-14.7697741524,1020.6,  ,  ,2.10001044075,4.10002038433,89.1666666667,0.0,  ,  ,0.0,  ,  
2018-12-18 15:35:00,-13.46625,-14.7763012192,1020.6,  ,  ,2.10001044075,3.3000164069,89.8,0.0,  ,  ,0.0,  ,  
2018-12-18 15:40:00,-13.5895833333,-14.8712926821,1020.6,  ,  ,2.10001044075,3.3000164069,90.0,0.0,  ,  ,0.0,  ,  
2018-12-18 15:45:00,-13.6,-14.8815905444,1020.65555556,  ,  ,1.922926227,5.00002485894,90.0,0.0,  ,  ,0.0,  ,  
2018-12-18 15:50:00,-13.6929166667,-14.9734477178,1020.7,  ,  ,1.60000795486,4.50002237305,90.0,0.0,  ,  ,0.0,  ,  
2018-12-18 15:55:00,-13.7429166667,-15.0228777673,1020.7,  ,  ,1.77709216862,2.80001392101,90.0,0.0,  ,  ,0.0,  ,  
2018-12-18 16:00:00,-13.8,-15.0793105612,1020.755539,  ,  ,2.10001044075,3.40001690408,90.0,0.0,  ,  ,0.0,  ,  
2018-12-18 16:05:00,-13.8,-15.0793105612,1020.8,  ,  ,1.81667569875,2.80001392101,90.0,0.0,  ,  ,0.0,  ,  
2018-12-18 16:10:00,-13.8,-15.0257594916,1020.8,  ,  ,1.30000646332,2.30001143511,90.4,0.0,  ,  ,0.0,  ,  
2018-12-18 16:15:00,-13.80625,-15.0235934462,1020.85555556,  ,  ,1.15833909232,2.40001193229,90.4625,0.0,  ,  ,0.0,  ,  
2018-12-18 16:20:00,-13.8933333333,-15.0958417366,1020.9,  ,  ,0.900004474609,2.30001143511,90.5666666667,0.0,  ,  ,0.0,  ,  
2018-12-18 16:25:00,-13.9,-15.0841239415,1020.9,  ,  ,0.970838160111,2.90001441819,90.7041666667,0.0,  ,  ,0.0,  ,  
2018-12-18 16:30:00,-13.9,-15.0674972102,1020.9,  ,  ,1.10000546897,2.60001292665,90.8291666667,0.0,  ,  ,0.0,  ,  
2018-12-18 16:35:00,-13.9,-15.0891159444,1020.9,  ,  ,0.993754940714,1.9000094464,90.6666666667,0.0,  ,  ,0.0,  ,  
2018-12-18 16:40:00,-13.9,-15.0448069713,1020.9,  ,  ,0.80000397743,2.10001044075,91.0,0.0,  ,  ,0.0,  ,  
2018-12-18 16:45:00,-13.9,-15.0448069713,1020.9,  ,  ,0.80000397743,1.30000646332,91.0,0.0,  ,  ,0.0,  ,  
2018-12-18 16:50:00,-13.9,-15.0448069713,1020.9,  ,  ,0.80000397743,2.40001193229,91.0,0.0,  ,  ,0.0,  ,  
2018-12-18 16:55:00,-13.9,-15.0448069713,1020.9,  ,  ,0.835420820181,2.60001292665,91.0,0.0,  ,  ,0.0,  ,  
2018-12-18 17:00:00,-13.9,-15.0448069713,1020.9,  ,  ,0.900004474609,1.60000795486,91.0,0.0,  ,  ,0.0,  ,  
2018-12-18 17:05:00,-13.8804166667,-15.025423484,1020.9,  ,  ,0.864587631858,1.9000094464,91.0,0.0,  ,  ,0.0,  ,  
2018-12-18 17:10:00,-13.8,-14.9458276434,1020.9,  ,  ,0.80000397743,2.80001392101,91.0,0.0,  ,  ,0.0,  ,  
2018-12-18 17:15:00,-13.8,-14.9458276434,1020.9,  ,  ,0.835420820181,1.80000894922,91.0,0.0,  ,  ,0.0,  ,  
2018-12-18 17:20:00,-13.7404166667,-14.8868526757,1020.9,  ,  ,0.900004474609,1.60000795486,91.0,0.0,  ,  ,0.0,  ,  
2018-12-18 17:25:00,-13.7,-14.846848768,1020.9,  ,  ,0.793753946357,2.10001044075,91.0,0.0,  ,  ,0.0,  ,  
2018-12-18 17:30:00,-13.6870833333,-14.8512490417,1020.955539,  ,  ,0.600002983073,2.10001044075,90.8708333333,0.0,  ,  ,0.0,  ,  
2018-12-18 17:35:00,-13.6033333333,-14.7739197415,1021.0,  ,  ,0.706253511325,1.80000894922,90.8291666667,0.0,  ,  ,0.0,  ,  
2018-12-18 17:40:00,-13.6,-14.7478703451,1021.0,  ,  ,0.900004474609,1.10000546897,91.0,0.0,  ,  ,0.0,  ,  
2018-12-18 17:45:00,-13.5670833333,-14.7286068519,1020.9444334,  ,  ,0.581252889852,0.900004474609,90.9,0.0,  ,  ,0.0,  ,  
2018-12-18 17:50:00,-13.56625,-14.8118684528,1020.9,  ,  ,0.0,1.30000646332,90.2708333333,0.0,  ,  ,0.0,  ,  
2018-12-18 17:55:00,-13.6829166667,-14.9635617231,1020.9,  ,  ,0.0,1.10000546897,90.0,0.0,  ,  ,0.0,  ,  
2018-12-18 18:00:00,-13.7,-14.9357700601,1020.9,  ,  ,0.0,0.900004474609,90.3333333333,0.0,  ,  ,0.0,  ,  
2018-12-18 18:05:00,-13.7,-14.8518351517,1020.9,  ,  ,0.0,1.4000069605,90.9625,0.0,  ,  ,0.0,  ,  
2018-12-18 18:10:00,-13.7,-14.8867912374,1020.9,  ,  ,0.0,1.4000069605,90.7,0.0,  ,  ,0.0,  ,  
2018-12-18 18:15:00,-13.78625,-15.0255292009,1020.955539,  ,  ,0.0,0.900004474609,90.3,0.0,  ,  ,0.0,  ,  
2018-12-18 18:20:00,-13.8,-14.919288084,1021.0,  ,  ,0.0,1.80000894922,91.2,0.0,  ,  ,0.0,  ,  
2018-12-18 18:25:00,-13.81625,-14.9707685499,1021.0,  ,  ,0.212501056505,1.4000069605,90.9333333333,0.0,  ,  ,0.0,  ,  
2018-12-18 18:30:00,-13.8966666667,-15.0769442764,1021.05541147,  ,  ,0.600002983073,0.900004474609,90.7333333333,0.0,  ,  ,0.0,  ,  
2018-12-18 18:35:00,-13.9429166667,-15.0872857383,1021.1,  ,  ,0.387501926568,0.600002983073,91.0,0.0,  ,  ,0.0,  ,  
2018-12-18 18:40:00,-14.09625,-15.2390552176,1021.1,  ,  ,0.0,0.80000397743,91.0,0.0,  ,  ,0.0,  ,  
2018-12-18 18:45:00,-14.1495833333,-15.291844851,1021.044461,  ,  ,0.0,0.600002983073,91.0,0.0,  ,  ,0.0,  ,  
2018-12-18 18:50:00,-14.2,-15.3417476698,1021.0,  ,  ,0.0,0.0,91.0,0.0,  ,  ,0.0,  ,  
2018-12-18 18:55:00,-14.2929166667,-15.4116945193,1021.0,  ,  ,0.0,0.0,91.1666666667,0.0,  ,  ,0.0,  ,  
2018-12-18 19:00:00,-14.3429166667,-15.4832083513,1021.05565,  ,  ,0.0,0.0,91.0,0.0,  ,  ,0.0,  ,  
2018-12-18 19:05:00,-14.4495833333,-15.5887889374,1021.1,  ,  ,0.0,0.0,91.0,0.0,  ,  ,0.0,  ,  
2018-12-18 19:10:00,-14.5895833333,-15.6358971271,1021.1,  ,  ,0.0,0.0,91.6958333333,0.0,  ,  ,0.0,  ,  
2018-12-18 19:15:00,-14.6,-15.6631467789,1021.1,  ,  ,0.0,0.0,91.5666666667,0.0,  ,  ,0.0,  ,  
2018-12-18 19:20:00,-14.6,-15.6582292924,1021.1,  ,  ,0.0,0.600002983073,91.6041666667,0.0,  ,  ,0.0,  ,  
2018-12-18 19:25:00,-14.6,-15.6282169365,1021.1,  ,  ,0.0,0.0,91.8333333333,0.0,  ,  ,0.0,  ,  
2018-12-18 19:30:00,-14.6295833333,-15.7411614116,1021.044461,  ,  ,0.0,0.0,91.1958333333,0.0,  ,  ,0.0,  ,  
2018-12-18 19:35:00,-14.7,-15.8141664311,1021.0,  ,  ,0.0,0.0,91.1708333333,0.0,  ,  ,0.0,  ,  
2018-12-18 19:40:00,-14.76625,-15.9022343355,1021.0,  ,  ,0.0,0.0,91.0,0.0,  ,  ,0.0,  ,  
2018-12-18 19:45:00,-14.8,-15.8792600096,1021.0,  ,  ,0.0,0.0,91.4291666667,0.0,  ,  ,0.0,  ,  
2018-12-18 19:50:00,-14.8595833333,-15.9595769073,1021.0,  ,  ,0.0,0.0,91.2666666667,0.0,  ,  ,0.0,  ,  
2018-12-18 19:55:00,-14.9,-15.9249162853,1021.0,  ,  ,0.0,0.0,91.8375,0.0,  ,  ,0.0,  ,  
2018-12-18 20:00:00,-14.9229166667,-16.0573089996,1020.944461,  ,  ,0.0,0.0,91.0,0.0,  ,  ,0.0,  ,  
2018-12-18 20:05:00,-15.0095833333,-16.1430954612,1020.9,  ,  ,0.0,0.0,91.0,0.0,  ,  ,0.0,  ,  
2018-12-18 20:10:00,-15.1,-16.2325941992,1020.9,  ,  ,0.0,0.0,91.0,0.0,  ,  ,0.0,  ,  
2018-12-18 20:15:00,-15.1,-16.2325941992,1020.9,  ,  ,0.0,0.0,91.0,0.0,  ,  ,0.0,  ,  
2018-12-18 20:20:00,-15.1066666667,-16.1916850148,1020.9,  ,  ,0.0,0.0,91.3625,0.0,  ,  ,0.0,  ,  
2018-12-18 20:25:00,-15.09375,-16.0957418901,1020.9,  ,  ,0.0,0.0,92.0,0.0,  ,  ,0.0,  ,  
2018-12-18 20:30:00,-14.9404166667,-15.8491758774,1021.0111332,  ,  ,0.0,0.0,92.7291666667,0.0,  ,  ,0.0,  ,  
2018-12-18 20:35:00,-14.81375,-15.6885291866,1021.1,  ,  ,0.0,0.0,93.0,0.0,  ,  ,0.0,  ,  
2018-12-18 20:40:00,-14.7104166667,-15.586005569,1021.1,  ,  ,0.0,0.0,93.0,0.0,  ,  ,0.0,  ,  
2018-12-18 20:45:00,-14.61375,-15.4900967161,1021.044461,  ,  ,0.0,0.0,93.0,0.0,  ,  ,0.0,  ,  
2018-12-18 20:50:00,-14.4641666667,-15.3416866778,1021.0,  ,  ,0.0,0.0,93.0,0.0,  ,  ,0.0,  ,  
2018-12-18 20:55:00,-14.3504166667,-15.2288294282,1021.0,  ,  ,0.0,0.0,93.0,0.0,  ,  ,0.0,  ,  
2018-12-18 21:00:00,-14.2704166667,-15.1494575675,1021.0555,  ,  ,0.0,0.0,93.0,0.0,  ,  ,0.0,  ,  
2018-12-18 21:05:00,-14.2,-15.0795939793,1021.1,  ,  ,0.0,0.0,93.0,0.0,  ,  ,0.0,  ,  
2018-12-18 21:10:00,-14.0745833333,-14.9383866501,1021.1,  ,  ,0.0,0.900004474609,93.1291666667,0.0,  ,  ,0.0,  ,  
2018-12-18 21:15:00,-13.8304166667,-14.6993561017,1021.1,  ,  ,0.0,0.900004474609,93.1041666667,0.0,  ,  ,0.0,  ,  
2018-12-18 21:20:00,-13.6675,-14.5512820393,1021.1,  ,  ,0.0,0.600002983073,93.0,0.0,  ,  ,0.0,  ,  
2018-12-18 21:25:00,-13.5141666667,-14.3991564947,1021.1,  ,  ,0.0,0.600002983073,93.0,0.0,  ,  ,0.0,  ,  
2018-12-18 21:30:00,-13.4,-14.377169356,1021.1,  ,  ,0.0,0.0,92.3041666667,0.0,  ,  ,0.0,  ,  
2018-12-18 21:35:00,-13.3704166667,-14.3835465166,1021.1,  ,  ,0.0,0.0,92.0333333333,0.0,  ,  ,0.0,  ,  
2018-12-18 21:40:00,-13.3,-14.2659683736,1021.1,  ,  ,0.0,0.0,92.3958333333,0.0,  ,  ,0.0,  ,  
2018-12-18 21:45:00,-13.22375,-14.1110296574,1021.1555666,  ,  ,0.0,0.0,93.0,0.0,  ,  ,0.0,  ,  
2018-12-18 21:50:00,-13.13375,-14.0868746045,1021.2,  ,  ,0.0,1.4000069605,92.5041666667,0.0,  ,  ,0.0,  ,  
2018-12-18 21:55:00,-13.1,-14.1199796218,1021.2,  ,  ,0.0,0.900004474609,92.0,0.0,  ,  ,0.0,  ,  
2018-12-18 22:00:00,-13.02375,-14.0444207165,1021.1444,  ,  ,0.0,1.9000094464,92.0,0.0,  ,  ,0.0,  ,  
2018-12-18 22:05:00,-12.9404166667,-13.9618429444,1021.1,  ,  ,0.212501056505,0.600002983073,92.0,0.0,  ,  ,0.0,  ,  
2018-12-18 22:10:00,-12.9,-13.9655083126,1021.1,  ,  ,0.600002983073,1.4000069605,91.6708333333,0.0,  ,  ,0.0,  ,  
2018-12-18 22:15:00,-12.9033333333,-14.0098846428,1021.155539,  ,  ,0.387501926568,0.80000397743,91.3625,0.0,  ,  ,0.0,  ,  
2018-12-18 22:20:00,-12.9,-14.0010260594,1021.2,  ,  ,0.0,1.30000646332,91.4041666667,0.0,  ,  ,0.0,  ,  
2018-12-18 22:25:00,-12.9095833333,-14.0511376259,1021.2,  ,  ,0.0,1.30000646332,91.1,0.0,  ,  ,0.0,  ,  
2018-12-18 22:30:00,-12.99,-14.1441117629,1021.25564436,  ,  ,0.0,0.600002983073,91.0,0.0,  ,  ,0.0,  ,  
2018-12-18 22:35:00,-13.0329166667,-14.1865887629,1021.3,  ,  ,0.0,0.0,91.0,0.0,  ,  ,0.0,  ,  
2018-12-18 22:40:00,-13.1,-14.2529850171,1021.3,  ,  ,0.0,0.0,91.0,0.0,  ,  ,0.0,  ,  
2018-12-18 22:45:00,-13.1929166667,-14.3449503515,1021.41097864,  ,  ,0.0,0.0,91.0,0.0,  ,  ,0.0,  ,  
2018-12-18 22:50:00,-13.28625,-14.4373284798,1021.5,  ,  ,0.0,0.0,91.0,0.0,  ,  ,0.0,  ,  
2018-12-18 22:55:00,-13.3795833333,-14.5786806436,1021.5,  ,  ,0.0,0.0,90.6333333333,0.0,  ,  ,0.0,  ,  
2018-12-18 23:00:00,-13.5191666667,-14.6723024902,1021.61114428,  ,  ,0.0,0.0,90.9666666667,0.0,  ,  ,0.0,  ,  
2018-12-18 23:05:00,-13.6529166667,-14.8313155583,1021.7,  ,  ,0.0,0.0,90.7666666667,0.0,  ,  ,0.0,  ,  
2018-12-18 23:10:00,-13.7891666667,-14.9218273595,1021.7,  ,  ,0.0,0.0,91.1,0.0,  ,  ,0.0,  ,  
2018-12-18 23:15:00,-13.91625,-15.0608911548,1021.7,  ,  ,0.0,0.0,91.0,0.0,  ,  ,0.0,  ,  
2018-12-18 23:20:00,-14.06625,-15.2093611053,1021.7,  ,  ,0.0,0.0,91.0,0.0,  ,  ,0.0,  ,  
2018-12-18 23:25:00,-14.1729166667,-15.3851779101,1021.7,  ,  ,0.0,0.0,90.4708333333,0.0,  ,  ,0.0,  ,  
2018-12-18 23:30:00,-14.2825,-15.5563184097,1021.81097864,  ,  ,0.0,0.0,90.0,0.0,  ,  ,0.0,  ,  
2018-12-18 23:35:00,-14.4691666667,-15.6655116886,1021.9,  ,  ,0.0,0.0,90.5666666667,0.0,  ,  ,0.0,  ,  
2018-12-18 23:40:00,-14.6629166667,-15.9324131906,1021.9,  ,  ,0.0,0.0,90.0,0.0,  ,  ,0.0,  ,  
2018-12-18 23:45:00,-14.8158333333,-16.0658816559,1021.95542229,  ,  ,0.0,0.0,90.1333333333,0.0,  ,  ,0.0,  ,  
2018-12-18 23:50:00,-15.0225,-16.0957960714,1022.0,  ,  ,0.0,0.0,91.4583333333,0.0,  ,  ,0.0,  ,  
  

    

