Time,TemperatureC,DewpointC,PressurehPa,WindDirection,WindDirectionDegrees,WindSpeedKMH,WindSpeedGustKMH,Humidity,HourlyPrecipMM,Conditions,Clouds,dailyrainMM,SoftwareType,DateUTC
                
2019-11-19 00:00:00,5.1,4.95575580801,761.087586696,  ,  ,0.0,0.0,99.0,0.0,  ,  ,0.0,  ,  
2019-11-19 00:05:00,5.1,4.95575580801,761.087586696,  ,  ,0.0,0.0,99.0,0.0,  ,  ,0.0,  ,  
2019-11-19 00:10:00,5.1,4.95575580801,761.087586696,  ,  ,0.0,0.0,99.0,0.0,  ,  ,0.0,  ,  
2019-11-19 00:15:00,5.1,4.95575580801,761.135671408,  ,  ,0.0,0.0,99.0,0.0,  ,  ,0.0,  ,  
2019-11-19 00:20:00,5.08708333333,4.94285448361,761.162592864,  ,  ,0.0,0.0,99.0,0.0,  ,  ,0.0,  ,  
2019-11-19 00:25:00,5.0,4.85587456557,761.162592864,  ,  ,0.0,0.900004474609,99.0,0.0,  ,  ,0.0,  ,  
2019-11-19 00:30:00,5.0,4.85587456557,761.210668926,  ,  ,0.0,0.0,99.0,0.0,  ,  ,0.0,  ,  
2019-11-19 00:35:00,4.91041666667,4.76639757771,761.237599032,  ,  ,0.0,0.0,99.0,0.0,  ,  ,0.0,  ,  
2019-11-19 00:40:00,4.9,4.75599327425,761.237599032,  ,  ,0.0,0.0,99.0,0.0,  ,  ,0.0,  ,  
2019-11-19 00:45:00,4.91666666667,4.77264015953,761.237599032,  ,  ,0.0,0.0,99.0,0.0,  ,  ,0.0,  ,  
2019-11-19 00:50:00,4.93,4.78595766678,761.237599032,  ,  ,0.0,0.0,99.0,0.0,  ,  ,0.0,  ,  
2019-11-19 00:55:00,4.92958333333,4.78554149469,761.237599032,  ,  ,0.0,0.0,99.0,0.0,  ,  ,0.0,  ,  
2019-11-19 01:00:00,4.97,4.82591018331,761.285688572,  ,  ,0.0,0.0,99.0,0.0,  ,  ,0.0,  ,  
2019-11-19 01:05:00,4.96,4.81592205491,761.3126052,  ,  ,0.0,0.900004474609,99.0,0.0,  ,  ,0.0,  ,  
2019-11-19 01:10:00,5.0,4.85587456557,761.3126052,  ,  ,0.0,0.0,99.0,0.0,  ,  ,0.0,  ,  
2019-11-19 01:15:00,5.0,4.85587456557,761.3126052,  ,  ,0.0,0.0,99.0,0.0,  ,  ,0.0,  ,  
2019-11-19 01:20:00,5.0,4.85587456557,761.3126052,  ,  ,0.0,0.0,99.0,0.0,  ,  ,0.0,  ,  
2019-11-19 01:25:00,5.0,4.85587456557,761.3126052,  ,  ,0.0,0.0,99.0,0.0,  ,  ,0.0,  ,  
2019-11-19 01:30:00,5.0,4.85587456557,761.36069474,  ,  ,0.0,0.600002983073,99.0,0.0,  ,  ,0.0,  ,  
2019-11-19 01:35:00,4.99,4.84588643864,761.387611368,  ,  ,0.0,0.900004474609,99.0,0.0,  ,  ,0.0,  ,  
2019-11-19 01:40:00,4.91708333333,4.77305633165,761.387611368,  ,  ,0.0,0.0,99.0,0.0,  ,  ,0.0,  ,  
2019-11-19 01:45:00,4.91291666667,4.76889461046,761.387611368,  ,  ,0.0,1.30000646332,99.0,0.0,  ,  ,0.0,  ,  
2019-11-19 01:50:00,4.91375,4.76972695471,761.387611368,  ,  ,0.0,0.0,99.0,0.0,  ,  ,0.0,  ,  
2019-11-19 01:55:00,4.9,4.75599327425,761.387611368,  ,  ,0.0,0.600002983073,99.0,0.0,  ,  ,0.0,  ,  
2019-11-19 02:00:00,4.90333333333,4.75932265142,761.43568743,  ,  ,0.0,0.0,99.0,0.0,  ,  ,0.0,  ,  
2019-11-19 02:05:00,5.00291666667,4.85878776917,761.462617536,  ,  ,0.0,0.0,99.0,0.0,  ,  ,0.0,  ,  
2019-11-19 02:10:00,5.0,4.85587456557,761.462617536,  ,  ,0.0,0.0,99.0,0.0,  ,  ,0.0,  ,  
2019-11-19 02:15:00,5.0,4.85587456557,761.510707076,  ,  ,0.0,0.0,99.0,0.0,  ,  ,0.0,  ,  
2019-11-19 02:20:00,5.0,4.85587456557,761.537623704,  ,  ,0.0,0.0,99.0,0.0,  ,  ,0.0,  ,  
2019-11-19 02:25:00,4.99041666667,4.8463026106,761.537623704,  ,  ,0.0,0.600002983073,99.0,0.0,  ,  ,0.0,  ,  
2019-11-19 02:30:00,4.90333333333,4.75932265142,761.58571414,  ,  ,0.0,0.0,99.0,0.0,  ,  ,0.0,  ,  
2019-11-19 02:35:00,4.9,4.75599327425,761.612629872,  ,  ,0.0,0.0,99.0,0.0,  ,  ,0.0,  ,  
2019-11-19 02:40:00,4.9,4.75599327425,761.612629872,  ,  ,0.0,0.0,99.0,0.0,  ,  ,0.0,  ,  
2019-11-19 02:45:00,4.86333333333,4.71937012186,761.612629872,  ,  ,0.0,0.0,99.0,0.0,  ,  ,0.0,  ,  
2019-11-19 02:50:00,4.80041666667,4.65652810641,761.612629872,  ,  ,0.0,0.0,99.0,0.0,  ,  ,0.0,  ,  
2019-11-19 02:55:00,4.8,4.65611193405,761.612629872,  ,  ,0.0,0.0,99.0,0.0,  ,  ,0.0,  ,  
2019-11-19 03:00:00,4.8,4.65611193405,761.612629872,  ,  ,0.0,0.0,99.0,0.0,  ,  ,0.0,  ,  
2019-11-19 03:05:00,4.8,4.65611193405,761.612629872,  ,  ,0.0,0.0,99.0,0.0,  ,  ,0.0,  ,  
2019-11-19 03:10:00,4.79333333333,4.6494531763,761.612629872,  ,  ,0.0,0.0,99.0,0.0,  ,  ,0.0,  ,  
2019-11-19 03:15:00,4.8,4.65611193405,761.660720308,  ,  ,0.0,0.0,99.0,0.0,  ,  ,0.0,  ,  
2019-11-19 03:20:00,4.75041666667,4.60658741808,761.68763604,  ,  ,0.0,1.30000646332,99.0,0.0,  ,  ,0.0,  ,  
2019-11-19 03:25:00,4.7,4.55623054498,761.68763604,  ,  ,0.0,1.30000646332,99.0,0.0,  ,  ,0.0,  ,  
2019-11-19 03:30:00,4.7,4.55623054498,761.68763604,  ,  ,0.0,0.0,99.0,0.0,  ,  ,0.0,  ,  
2019-11-19 03:35:00,4.7,4.55623054498,761.68763604,  ,  ,0.0,0.0,99.0,0.0,  ,  ,0.0,  ,  
2019-11-19 03:40:00,4.7,4.55623054498,761.68763604,  ,  ,0.0,0.0,99.0,0.0,  ,  ,0.0,  ,  
2019-11-19 03:45:00,4.7,4.55623054498,761.639508325,  ,  ,0.0,0.80000397743,99.0,0.0,  ,  ,0.0,  ,  
2019-11-19 03:50:00,4.7,4.55623054498,761.612629872,  ,  ,0.0,0.600002983073,99.0,0.0,  ,  ,0.0,  ,  
2019-11-19 03:55:00,4.7,4.55623054498,761.612629872,  ,  ,0.0,0.0,99.0,0.0,  ,  ,0.0,  ,  
2019-11-19 04:00:00,4.69375,4.54998795654,761.564563326,  ,  ,0.0,1.60000795486,99.0,0.0,  ,  ,0.0,  ,  
2019-11-19 04:05:00,4.60666666667,4.46300787108,761.537623704,  ,  ,0.0,1.60000795486,99.0,0.0,  ,  ,0.0,  ,  
2019-11-19 04:10:00,4.6,4.45634910702,761.537623704,  ,  ,0.0,1.60000795486,99.0,0.0,  ,  ,0.0,  ,  
2019-11-19 04:15:00,4.6,4.45634910702,761.489519897,  ,  ,0.0,1.80000894922,99.0,0.0,  ,  ,0.0,  ,  
2019-11-19 04:20:00,4.6,4.45634910702,761.462617536,  ,  ,0.0,1.4000069605,99.0,0.0,  ,  ,0.0,  ,  
2019-11-19 04:25:00,4.6,4.45634910702,761.462617536,  ,  ,0.0,0.600002983073,99.0,0.0,  ,  ,0.0,  ,  
2019-11-19 04:30:00,4.6,4.45634910702,761.462617536,  ,  ,0.0,2.40001193229,99.0,0.0,  ,  ,0.0,  ,  
2019-11-19 04:35:00,4.6,4.45634910702,761.462617536,  ,  ,0.0,1.30000646332,99.0,0.0,  ,  ,0.0,  ,  
2019-11-19 04:40:00,4.6,4.45634910702,761.462617536,  ,  ,0.0,1.30000646332,99.0,0.0,  ,  ,0.0,  ,  
2019-11-19 04:45:00,4.6,4.45634910702,761.462617536,  ,  ,0.0,2.10001044075,99.0,0.0,  ,  ,0.0,  ,  
2019-11-19 04:50:00,4.6,4.44191371609,761.462617536,  ,  ,0.0,0.0,98.9,0.0,  ,  ,0.0,  ,  
2019-11-19 04:55:00,4.6,4.45634910702,761.462617536,  ,  ,0.0,0.80000397743,99.0,0.0,  ,  ,0.0,  ,  
2019-11-19 05:00:00,4.6,4.45634910702,761.462617536,  ,  ,0.0,0.600002983073,99.0,0.0,  ,  ,0.0,  ,  
2019-11-19 05:05:00,4.6,4.37014749829,761.462617536,  ,  ,0.0,0.600002983073,98.4041666667,0.0,  ,  ,0.0,  ,  
2019-11-19 05:10:00,4.6,4.31141263443,761.462617536,  ,  ,0.0,1.10000546897,98.0,0.0,  ,  ,0.0,  ,  
2019-11-19 05:15:00,4.6,4.38826983925,761.462617536,  ,  ,0.0,1.9000094464,98.5291666667,0.0,  ,  ,0.0,  ,  
2019-11-19 05:20:00,4.6,4.33626473216,761.462617536,  ,  ,0.0,4.10002038433,98.1708333333,0.0,  ,  ,0.0,  ,  
2019-11-19 05:25:00,4.6,4.31141263443,761.462617536,  ,  ,0.0,3.3000164069,98.0,0.0,  ,  ,0.0,  ,  
2019-11-19 05:30:00,4.6,4.31141263443,761.462617536,  ,  ,1.11042218742,3.40001690408,98.0,0.0,  ,  ,0.0,  ,  
2019-11-19 05:35:00,4.6,4.25855086437,761.462617536,  ,  ,1.30000646332,4.30002137869,97.6375,0.0,  ,  ,0.0,  ,  
2019-11-19 05:40:00,4.6,4.16516567588,761.462617536,  ,  ,1.38542355466,3.40001690408,97.0,0.0,  ,  ,0.0,  ,  
2019-11-19 05:45:00,4.6,4.16516567588,761.510745251,  ,  ,1.4000069605,3.80001889279,97.0,0.0,  ,  ,0.0,  ,  
2019-11-19 05:50:00,4.6,4.16516567588,761.537623704,  ,  ,0.972921503802,2.90001441819,97.0,0.0,  ,  ,0.0,  ,  
2019-11-19 05:55:00,4.57375,4.13900980335,761.537623704,  ,  ,0.900004474609,3.60001789844,97.0,0.0,  ,  ,0.0,  ,  
2019-11-19 06:00:00,4.53333333333,4.09873804321,761.489533268,  ,  ,0.814587383269,5.10002535612,97.0,0.0,  ,  ,0.0,  ,  
2019-11-19 06:05:00,4.5,4.06552420228,761.462617536,  ,  ,0.80000397743,4.50002237305,97.0,0.0,  ,  ,0.0,  ,  
2019-11-19 06:10:00,4.5,4.06552420228,761.462617536,  ,  ,1.48334070815,2.30001143511,97.0,0.0,  ,  ,0.0,  ,  
2019-11-19 06:15:00,4.5,4.06552420228,761.462617536,  ,  ,1.60000795486,2.40001193229,97.0,0.0,  ,  ,0.0,  ,  
2019-11-19 06:20:00,4.49666666667,4.14942652794,761.462617536,  ,  ,0.745837041459,2.40001193229,97.5958333333,0.0,  ,  ,0.0,  ,  
2019-11-19 06:25:00,4.49666666667,4.20832524903,761.462617536,  ,  ,0.600002983073,2.90001441819,98.0,0.0,  ,  ,0.0,  ,  
2019-11-19 06:30:00,4.42375,4.13558207131,761.462617536,  ,  ,0.770837165753,2.90001441819,98.0,0.0,  ,  ,0.0,  ,  
2019-11-19 06:35:00,4.4,4.11188856788,761.462617536,  ,  ,0.80000397743,1.4000069605,98.0,0.0,  ,  ,0.0,  ,  
2019-11-19 06:40:00,4.4,4.11188856788,761.462617536,  ,  ,0.62916979475,2.60001292665,98.0,0.0,  ,  ,0.0,  ,  
2019-11-19 06:45:00,4.4,4.11188856788,761.558825149,  ,  ,0.600002983073,1.9000094464,98.0,0.0,  ,  ,0.0,  ,  
2019-11-19 06:50:00,4.4,4.11188856788,761.612629872,  ,  ,0.0875004350315,1.30000646332,98.0,0.0,  ,  ,0.0,  ,  
2019-11-19 06:55:00,4.4,4.11188856788,761.612629872,  ,  ,0.0,2.80001392101,98.0,0.0,  ,  ,0.0,  ,  
2019-11-19 07:00:00,4.4,4.11188856788,761.612629872,  ,  ,0.0,1.10000546897,98.0,0.0,  ,  ,0.0,  ,  
2019-11-19 07:05:00,4.33041666667,4.04247072774,761.612629872,  ,  ,0.0,1.30000646332,98.0,0.0,  ,  ,0.0,  ,  
2019-11-19 07:10:00,4.3,4.01212638749,761.612629872,  ,  ,0.0,1.60000795486,98.0,0.0,  ,  ,0.0,  ,  
2019-11-19 07:15:00,4.3,4.01212638749,761.660720308,  ,  ,0.0,3.80001889279,98.0,0.0,  ,  ,0.0,  ,  
2019-11-19 07:20:00,4.29666666667,4.00880097979,761.68763604,  ,  ,0.768753822062,2.90001441819,98.0,0.0,  ,  ,0.0,  ,  
2019-11-19 07:25:00,4.24708333333,3.95933552735,761.68763604,  ,  ,0.900004474609,0.900004474609,98.0,0.0,  ,  ,0.0,  ,  
2019-11-19 07:30:00,4.20666666667,3.91901493064,761.68763604,  ,  ,0.814587383269,1.30000646332,98.0,0.0,  ,  ,0.0,  ,  
2019-11-19 07:35:00,4.20333333333,3.91568951988,761.68763604,  ,  ,0.80000397743,1.60000795486,98.0,0.0,  ,  ,0.0,  ,  
2019-11-19 07:40:00,4.2,3.91236410902,761.68763604,  ,  ,0.116667246709,2.90001441819,98.0,0.0,  ,  ,0.0,  ,  
2019-11-19 07:45:00,4.2,3.91236410902,761.68763604,  ,  ,0.0,3.10001541254,98.0,0.0,  ,  ,0.0,  ,  
2019-11-19 07:50:00,4.2,3.91236410902,761.68763604,  ,  ,0.768753822062,1.30000646332,98.0,0.0,  ,  ,0.0,  ,  
2019-11-19 07:55:00,4.2,3.91236410902,761.68763604,  ,  ,0.900004474609,3.80001889279,98.0,0.0,  ,  ,0.0,  ,  
2019-11-19 08:00:00,4.2,3.91236410902,761.735726476,  ,  ,0.131250652547,3.80001889279,98.0,0.0,  ,  ,0.0,  ,  
2019-11-19 08:05:00,4.2,3.91236410902,761.762642208,  ,  ,0.0,0.600002983073,98.0,0.0,  ,  ,0.0,  ,  
2019-11-19 08:10:00,4.2,3.91236410902,761.762642208,  ,  ,0.0,0.0,98.0,0.0,  ,  ,0.0,  ,  
2019-11-19 08:15:00,4.2,3.91236410902,761.762642208,  ,  ,0.0,1.80000894922,98.0,0.0,  ,  ,0.0,  ,  
2019-11-19 08:20:00,4.2,3.91236410902,761.762642208,  ,  ,0.0,3.3000164069,98.0,0.0,  ,  ,0.0,  ,  
2019-11-19 08:25:00,4.18041666667,3.89282731801,761.762642208,  ,  ,0.0,3.10001541254,98.0,0.0,  ,  ,0.0,  ,  
2019-11-19 08:30:00,4.1,3.81260173248,761.81068071,  ,  ,0.683336730722,3.3000164069,98.0,0.0,  ,  ,0.0,  ,  
2019-11-19 08:35:00,4.1,3.81260173248,761.837648376,  ,  ,0.80000397743,1.80000894922,98.0,0.0,  ,  ,0.0,  ,  
2019-11-19 08:40:00,4.1,3.81260173248,761.837648376,  ,  ,0.62916979475,1.30000646332,98.0,0.0,  ,  ,0.0,  ,  
2019-11-19 08:45:00,4.07333333333,3.7859984155,761.885700376,  ,  ,0.600002983073,3.80001889279,98.0,0.0,  ,  ,0.0,  ,  
2019-11-19 08:50:00,4.02375,3.73653285446,761.912654544,  ,  ,0.856254257094,2.90001441819,98.0,0.0,  ,  ,0.0,  ,  
2019-11-19 08:55:00,4.06958333333,3.78225732349,761.912654544,  ,  ,0.900004474609,3.10001541254,98.0,0.0,  ,  ,0.0,  ,  
2019-11-19 09:00:00,4.09041666667,3.80304116624,761.912654544,  ,  ,0.814587383269,4.50002237305,98.0,0.0,  ,  ,0.0,  ,  
2019-11-19 09:05:00,4.00666666667,3.71949009255,761.912654544,  ,  ,0.80000397743,3.3000164069,98.0,0.0,  ,  ,0.0,  ,  
2019-11-19 09:10:00,4.0,3.71283925786,761.912654544,  ,  ,1.31250652547,3.60001789844,98.0,0.0,  ,  ,0.0,  ,  
2019-11-19 09:15:00,4.0,3.71283925786,761.912654544,  ,  ,1.4000069605,3.40001690408,98.0,0.0,  ,  ,0.0,  ,  
2019-11-19 09:20:00,4.05625,3.7689556619,761.912654544,  ,  ,0.972921503802,2.80001392101,98.0,0.0,  ,  ,0.0,  ,  
2019-11-19 09:25:00,4.09,3.80262548943,761.912654544,  ,  ,0.900004474609,2.90001441819,98.0,0.0,  ,  ,0.0,  ,  
2019-11-19 09:30:00,4.1,3.81260173248,761.960706543,  ,  ,0.643753200589,2.80001392101,98.0,0.0,  ,  ,0.0,  ,  
2019-11-19 09:35:00,4.1,3.81260173248,761.987660712,  ,  ,0.600002983073,2.90001441819,98.0,0.0,  ,  ,0.0,  ,  
2019-11-19 09:40:00,4.1,3.81260173248,761.987660712,  ,  ,0.770837165753,2.30001143511,98.0,0.0,  ,  ,0.0,  ,  
2019-11-19 09:45:00,4.1,3.81260173248,761.939571172,  ,  ,0.80000397743,2.60001292665,98.0,0.0,  ,  ,0.0,  ,  
2019-11-19 09:50:00,4.1,3.81260173248,761.912654544,  ,  ,0.116667246709,1.9000094464,98.0,0.0,  ,  ,0.0,  ,  
2019-11-19 09:55:00,4.1,3.81260173248,761.912654544,  ,  ,0.0,1.9000094464,98.0,0.0,  ,  ,0.0,  ,  
2019-11-19 10:00:00,4.1,3.81260173248,762.056814013,  ,  ,0.0,2.60001292665,98.0,0.0,  ,  ,0.0,  ,  
2019-11-19 10:05:00,4.1,3.81260173248,762.137673048,  ,  ,0.0,3.80001889279,98.0,0.0,  ,  ,0.0,  ,  
2019-11-19 10:10:00,4.07333333333,3.7859984155,762.137673048,  ,  ,0.768753822062,2.80001392101,98.0,0.0,  ,  ,0.0,  ,  
2019-11-19 10:15:00,4.06375,3.77643784676,762.185739594,  ,  ,0.900004474609,2.40001193229,98.0,0.0,  ,  ,0.0,  ,  
2019-11-19 10:20:00,4.09958333333,3.8121860557,762.212679216,  ,  ,0.814587383269,3.40001690408,98.0,0.0,  ,  ,0.0,  ,  
2019-11-19 10:25:00,4.09666666667,3.80927631824,762.212679216,  ,  ,0.80000397743,2.10001044075,98.0,0.0,  ,  ,0.0,  ,  
2019-11-19 10:30:00,4.1,3.81260173248,762.308785529,  ,  ,0.885421068771,2.60001292665,98.0,0.0,  ,  ,0.0,  ,  
2019-11-19 10:35:00,4.1,3.81260173248,762.362691552,  ,  ,0.900004474609,3.3000164069,98.0,0.0,  ,  ,0.0,  ,  
2019-11-19 10:40:00,4.1,3.81260173248,762.362691552,  ,  ,1.24167283997,3.3000164069,98.0,0.0,  ,  ,0.0,  ,  
2019-11-19 10:45:00,4.1,3.81260173248,762.362691552,  ,  ,1.30000646332,2.80001392101,98.0,0.0,  ,  ,0.0,  ,  
2019-11-19 10:50:00,4.09666666667,3.80927631824,762.362691552,  ,  ,0.958338097964,3.10001541254,98.0,0.0,  ,  ,0.0,  ,  
2019-11-19 10:55:00,4.09666666667,3.80927631824,762.362691552,  ,  ,0.900004474609,1.30000646332,98.0,0.0,  ,  ,0.0,  ,  
2019-11-19 11:00:00,4.09666666667,3.80927631824,762.362691552,  ,  ,0.814587383269,5.00002485894,98.0,0.0,  ,  ,0.0,  ,  
2019-11-19 11:05:00,4.1,3.81260173248,762.362691552,  ,  ,0.80000397743,1.80000894922,98.0,0.0,  ,  ,0.0,  ,  
2019-11-19 11:10:00,4.1,3.75025717611,762.362691552,  ,  ,0.885421068771,3.10001541254,97.5708333333,0.0,  ,  ,0.0,  ,  
2019-11-19 11:15:00,4.1,3.66695683188,762.314638396,  ,  ,0.900004474609,2.40001193229,97.0,0.0,  ,  ,0.0,  ,  
2019-11-19 11:20:00,4.10333333333,3.67027823639,762.287685384,  ,  ,0.900004474609,2.30001143511,97.0,0.0,  ,  ,0.0,  ,  
2019-11-19 11:25:00,4.10291666667,3.66986306084,762.287685384,  ,  ,0.900004474609,2.80001392101,97.0,0.0,  ,  ,0.0,  ,  
2019-11-19 11:30:00,4.18,3.74667049489,762.287685384,  ,  ,0.900004474609,2.10001044075,97.0,0.0,  ,  ,0.0,  ,  
2019-11-19 11:35:00,4.2,3.76659889588,762.287685384,  ,  ,0.900004474609,1.60000795486,97.0,0.0,  ,  ,0.0,  ,  
2019-11-19 11:40:00,4.2,3.76659889588,762.287685384,  ,  ,0.643753200589,3.10001541254,97.0,0.0,  ,  ,0.0,  ,  
2019-11-19 11:45:00,4.2,3.76659889588,762.33577582,  ,  ,0.600002983073,2.80001392101,97.0,0.0,  ,  ,0.0,  ,  
2019-11-19 11:50:00,4.22625,3.79275491323,762.362691552,  ,  ,0.856254257094,1.9000094464,97.0,0.0,  ,  ,0.0,  ,  
2019-11-19 11:55:00,4.3,3.86624081228,762.362691552,  ,  ,0.900004474609,2.40001193229,97.0,0.0,  ,  ,0.0,  ,  
2019-11-19 12:00:00,4.3,3.86624081228,762.410744708,  ,  ,0.131250652547,1.80000894922,97.0,0.0,  ,  ,0.0,  ,  
2019-11-19 12:05:00,4.3,3.86624081228,762.43769772,  ,  ,0.0,3.80001889279,97.0,0.0,  ,  ,0.0,  ,  
2019-11-19 12:10:00,4.3,3.86624081228,762.43769772,  ,  ,0.768753822062,2.60001292665,97.0,0.0,  ,  ,0.0,  ,  
2019-11-19 12:15:00,4.3,3.86624081228,762.43769772,  ,  ,0.900004474609,2.40001193229,97.0,0.0,  ,  ,0.0,  ,  
2019-11-19 12:20:00,4.27,3.83634825286,762.43769772,  ,  ,1.07083865729,2.60001292665,97.0,0.0,  ,  ,0.0,  ,  
2019-11-19 12:25:00,4.3,3.86624081228,762.43769772,  ,  ,1.10000546897,2.90001441819,97.0,0.0,  ,  ,0.0,  ,  
2019-11-19 12:30:00,4.3,3.86624081228,762.485750876,  ,  ,0.843754194946,2.80001392101,97.0,0.0,  ,  ,0.0,  ,  
2019-11-19 12:35:00,4.3,3.86624081228,762.512703888,  ,  ,0.80000397743,3.10001541254,97.0,0.0,  ,  ,0.0,  ,  
2019-11-19 12:40:00,4.3,3.86624081228,762.512703888,  ,  ,0.62916979475,2.90001441819,97.0,0.0,  ,  ,0.0,  ,  
2019-11-19 12:45:00,4.3,3.86624081228,762.512703888,  ,  ,0.600002983073,0.600002983073,97.0,0.0,  ,  ,0.0,  ,  
2019-11-19 12:50:00,4.35291666667,3.91896793333,762.512703888,  ,  ,0.0875004350315,0.600002983073,97.0,0.0,  ,  ,0.0,  ,  
2019-11-19 12:55:00,4.4,3.96588258108,762.512703888,  ,  ,0.0,2.80001392101,97.0,0.0,  ,  ,0.0,  ,  
2019-11-19 13:00:00,4.4,3.8733384058,762.512703888,  ,  ,0.0,2.60001292665,96.3708333333,0.0,  ,  ,0.0,  ,  
2019-11-19 13:05:00,4.4,3.8628861649,762.512703888,  ,  ,0.0,2.60001292665,96.3,0.0,  ,  ,0.0,  ,  
2019-11-19 13:10:00,4.40333333333,3.8218598507,762.512703888,  ,  ,0.683336730722,3.3000164069,96.0,0.0,  ,  ,0.0,  ,  
2019-11-19 13:15:00,4.43958333333,3.85793591942,762.416597575,  ,  ,0.80000397743,2.30001143511,96.0,0.0,  ,  ,0.0,  ,  
2019-11-19 13:20:00,4.48,3.89815863211,762.362691552,  ,  ,0.62916979475,2.90001441819,96.0,0.0,  ,  ,0.0,  ,  
2019-11-19 13:25:00,4.5,3.91806264296,762.362691552,  ,  ,0.600002983073,2.40001193229,96.0,0.0,  ,  ,0.0,  ,  
2019-11-19 13:30:00,4.45375,3.87203460589,762.410758098,  ,  ,0.770837165753,1.9000094464,96.0,0.0,  ,  ,0.0,  ,  
2019-11-19 13:35:00,4.47291666667,4.03303362197,762.43769772,  ,  ,0.80000397743,0.80000397743,96.9625,0.0,  ,  ,0.0,  ,  
2019-11-19 13:40:00,4.50333333333,4.06884558711,762.43769772,  ,  ,0.116667246709,2.60001292665,97.0,0.0,  ,  ,0.0,  ,  
2019-11-19 13:45:00,4.50333333333,3.93680404581,762.533878591,  ,  ,0.0,3.10001541254,96.1041666667,0.0,  ,  ,0.0,  ,  
2019-11-19 13:50:00,4.5,3.91806264296,762.587710056,  ,  ,0.512502548041,3.10001541254,96.0,0.0,  ,  ,0.0,  ,  
2019-11-19 13:55:00,4.5,3.91806264296,762.587710056,  ,  ,0.600002983073,2.10001044075,96.0,0.0,  ,  ,0.0,  ,  
2019-11-19 14:00:00,4.51666666667,3.93464931263,762.587710056,  ,  ,0.600002983073,2.60001292665,96.0,0.0,  ,  ,0.0,  ,  
2019-11-19 14:05:00,4.56958333333,3.98731195248,762.587710056,  ,  ,0.600002983073,2.80001392101,96.0,0.0,  ,  ,0.0,  ,  
2019-11-19 14:10:00,4.6,4.01758257871,762.587710056,  ,  ,0.856254257094,2.40001193229,96.0,0.0,  ,  ,0.0,  ,  
2019-11-19 14:15:00,4.6,4.01758257871,762.587710056,  ,  ,0.900004474609,2.60001292665,96.0,0.0,  ,  ,0.0,  ,  
2019-11-19 14:20:00,4.6,3.99285364937,762.587710056,  ,  ,0.643753200589,2.10001044075,95.8333333333,0.0,  ,  ,0.0,  ,  
2019-11-19 14:25:00,4.6,4.01758257871,762.587710056,  ,  ,0.600002983073,1.80000894922,96.0,0.0,  ,  ,0.0,  ,  
2019-11-19 14:30:00,4.65,3.98866446514,762.587710056,  ,  ,0.0875004350315,2.40001193229,95.4708333333,0.0,  ,  ,0.0,  ,  
2019-11-19 14:35:00,4.6,3.91781695805,762.587710056,  ,  ,0.0,1.30000646332,95.3291666667,0.0,  ,  ,0.0,  ,  
2019-11-19 14:40:00,4.68625,4.1034183647,762.587710056,  ,  ,0.512502548041,1.4000069605,96.0,0.0,  ,  ,0.0,  ,  
2019-11-19 14:45:00,4.7,3.99858089022,762.635776602,  ,  ,0.600002983073,1.80000894922,95.2041666667,0.0,  ,  ,0.0,  ,  
2019-11-19 14:50:00,4.7,3.96803401685,762.662716224,  ,  ,0.0875004350315,1.60000795486,95.0,0.0,  ,  ,0.0,  ,  
2019-11-19 14:55:00,4.7,3.96803401685,762.662716224,  ,  ,0.0,0.900004474609,95.0,0.0,  ,  ,0.0,  ,  
2019-11-19 15:00:00,4.7,3.96803401685,762.614649678,  ,  ,0.0,0.0,95.0,0.0,  ,  ,0.0,  ,  
2019-11-19 15:05:00,4.7,3.96803401685,762.587710056,  ,  ,0.0,2.30001143511,95.0,0.0,  ,  ,0.0,  ,  
2019-11-19 15:10:00,4.7,3.96803401685,762.587710056,  ,  ,0.0,2.30001143511,95.0,0.0,  ,  ,0.0,  ,  
2019-11-19 15:15:00,4.7,3.97801486919,762.635763212,  ,  ,0.0,1.30000646332,95.0666666667,0.0,  ,  ,0.0,  ,  
2019-11-19 15:20:00,4.7,3.96803401685,762.662716224,  ,  ,0.0,2.30001143511,95.0,0.0,  ,  ,0.0,  ,  
2019-11-19 15:25:00,4.7,3.96803401685,762.662716224,  ,  ,0.0,2.10001044075,95.0,0.0,  ,  ,0.0,  ,  
2019-11-19 15:30:00,4.7,3.96803401685,762.662716224,  ,  ,0.512502548041,2.30001143511,95.0,0.0,  ,  ,0.0,  ,  
2019-11-19 15:35:00,4.7,3.96803401685,762.662716224,  ,  ,0.600002983073,3.3000164069,95.0,0.0,  ,  ,0.0,  ,  
2019-11-19 15:40:00,4.64708333333,3.91543641385,762.662716224,  ,  ,0.600002983073,2.10001044075,95.0,0.0,  ,  ,0.0,  ,  
2019-11-19 15:45:00,4.6,3.86863691352,762.662716224,  ,  ,0.600002983073,2.10001044075,95.0,0.0,  ,  ,0.0,  ,  
2019-11-19 15:50:00,4.6,3.87362400693,762.662716224,  ,  ,0.600002983073,2.10001044075,95.0333333333,0.0,  ,  ,0.0,  ,  
2019-11-19 15:55:00,4.6,3.98233236331,762.662716224,  ,  ,0.600002983073,2.60001292665,95.7625,0.0,  ,  ,0.0,  ,  
2019-11-19 16:00:00,4.6,3.91843852939,762.662716224,  ,  ,0.600002983073,2.30001143511,95.3333333333,0.0,  ,  ,0.0,  ,  
2019-11-19 16:05:00,4.55375,3.93693669352,762.662716224,  ,  ,0.600002983073,3.60001789844,95.7666666667,0.0,  ,  ,0.0,  ,  
2019-11-19 16:10:00,4.5,3.91806264296,762.662716224,  ,  ,0.770837165753,3.60001789844,96.0,0.0,  ,  ,0.0,  ,  
2019-11-19 16:15:00,4.5,3.91806264296,762.710766467,  ,  ,0.80000397743,2.80001392101,96.0,0.0,  ,  ,0.0,  ,  
2019-11-19 16:20:00,4.49666666667,3.91474530836,762.737722392,  ,  ,0.885421068771,2.90001441819,96.0,0.0,  ,  ,0.0,  ,  
2019-11-19 16:25:00,4.47333333333,3.89152396007,762.737722392,  ,  ,0.900004474609,2.10001044075,96.0,0.0,  ,  ,0.0,  ,  
2019-11-19 16:30:00,4.48375,3.90189063475,762.785750354,  ,  ,0.643753200589,3.40001690408,96.0,0.0,  ,  ,0.0,  ,  
2019-11-19 16:35:00,4.41,3.82849453195,762.81272856,  ,  ,0.600002983073,3.3000164069,96.0,0.0,  ,  ,0.0,  ,  
2019-11-19 16:40:00,4.41666666667,3.83512921233,762.81272856,  ,  ,1.28333971379,3.40001690408,96.0,0.0,  ,  ,0.0,  ,  
2019-11-19 16:45:00,4.40666666667,3.82517719144,762.81272856,  ,  ,1.4000069605,3.3000164069,96.0,0.0,  ,  ,0.0,  ,  
2019-11-19 16:50:00,4.40291666667,3.82144518309,762.81272856,  ,  ,1.31458986916,2.40001193229,96.0,0.0,  ,  ,0.0,  ,  
2019-11-19 16:55:00,4.41666666667,3.83512921233,762.81272856,  ,  ,1.30000646332,4.10002038433,96.0,0.0,  ,  ,0.0,  ,  
2019-11-19 17:00:00,4.41375,3.83222653977,762.908880683,  ,  ,1.12917228064,3.10001541254,96.0,0.0,  ,  ,0.0,  ,  
2019-11-19 17:05:00,4.41333333333,3.83181187225,762.962740896,  ,  ,1.10000546897,2.80001392101,96.0,0.0,  ,  ,0.0,  ,  
2019-11-19 17:10:00,4.43333333333,3.85171590942,762.962740896,  ,  ,0.929171286286,3.10001541254,96.0,0.0,  ,  ,0.0,  ,  
2019-11-19 17:15:00,4.48291666667,3.90106130085,763.010779398,  ,  ,0.900004474609,2.90001441819,96.0,0.0,  ,  ,0.0,  ,  
2019-11-19 17:20:00,4.43375,3.85213057678,763.037747064,  ,  ,1.07083865729,2.30001143511,96.0,0.0,  ,  ,0.0,  ,  
2019-11-19 17:25:00,4.41333333333,3.83181187225,763.037747064,  ,  ,1.10000546897,2.40001193229,96.0,0.0,  ,  ,0.0,  ,  
2019-11-19 17:30:00,4.40333333333,3.8218598507,763.037747064,  ,  ,0.929171286286,2.60001292665,96.0,0.0,  ,  ,0.0,  ,  
2019-11-19 17:35:00,4.4,3.81854250975,763.037747064,  ,  ,0.900004474609,2.80001392101,96.0,0.0,  ,  ,0.0,  ,  
2019-11-19 17:40:00,4.4,3.81854250975,763.037747064,  ,  ,0.900004474609,1.80000894922,96.0,0.0,  ,  ,0.0,  ,  
2019-11-19 17:45:00,4.4,3.81854250975,763.037747064,  ,  ,0.900004474609,3.3000164069,96.0,0.0,  ,  ,0.0,  ,  
2019-11-19 17:50:00,4.4,3.81854250975,763.037747064,  ,  ,0.900004474609,3.3000164069,96.0,0.0,  ,  ,0.0,  ,  
2019-11-19 17:55:00,4.4,3.81854250975,763.037747064,  ,  ,0.900004474609,3.60001789844,96.0,0.0,  ,  ,0.0,  ,  
2019-11-19 18:00:00,4.4,3.81854250975,763.037747064,  ,  ,1.07083865729,3.3000164069,96.0,0.0,  ,  ,0.0,  ,  
2019-11-19 18:05:00,4.4,3.81854250975,763.037747064,  ,  ,1.10000546897,2.80001392101,96.0,0.0,  ,  ,0.0,  ,  
2019-11-19 18:10:00,4.4,3.91630575247,763.037747064,  ,  ,1.10000546897,2.80001392101,96.6625,0.0,  ,  ,0.0,  ,  
2019-11-19 18:15:00,4.4,3.96588258108,763.133853377,  ,  ,1.10000546897,1.60000795486,97.0,0.0,  ,  ,0.0,  ,  
2019-11-19 18:20:00,4.4,3.96588258108,763.1877594,  ,  ,0.672920012266,2.90001441819,97.0,0.0,  ,  ,0.0,  ,  
2019-11-19 18:25:00,4.4,3.96588258108,763.1877594,  ,  ,0.600002983073,3.60001789844,97.0,0.0,  ,  ,0.0,  ,  
2019-11-19 18:30:00,4.4,3.96588258108,763.235788685,  ,  ,1.02708843977,3.3000164069,97.0,0.0,  ,  ,0.0,  ,  
2019-11-19 18:35:00,4.4,3.96588258108,763.262765568,  ,  ,1.10000546897,2.30001143511,97.0,0.0,  ,  ,0.0,  ,  
2019-11-19 18:40:00,4.4,4.01957164031,763.262765568,  ,  ,0.843754194946,1.10000546897,97.3666666667,0.0,  ,  ,0.0,  ,  
2019-11-19 18:45:00,4.39666666667,3.96256119117,763.310818724,  ,  ,0.80000397743,2.40001193229,97.0,0.0,  ,  ,0.0,  ,  
2019-11-19 18:50:00,4.33041666667,4.0030803212,763.337771736,  ,  ,0.62916979475,1.9000094464,97.7291666667,0.0,  ,  ,0.0,  ,  
2019-11-19 18:55:00,4.3,4.01212638749,763.337771736,  ,  ,0.600002983073,1.9000094464,98.0,0.0,  ,  ,0.0,  ,  
2019-11-19 19:00:00,4.3,4.01212638749,763.337771736,  ,  ,0.0875004350315,1.80000894922,98.0,0.0,  ,  ,0.0,  ,  
2019-11-19 19:05:00,4.3,4.01212638749,763.337771736,  ,  ,0.0,0.0,98.0,0.0,  ,  ,0.0,  ,  
2019-11-19 19:10:00,4.3,4.01212638749,763.337771736,  ,  ,0.0,1.4000069605,98.0,0.0,  ,  ,0.0,  ,  
2019-11-19 19:15:00,4.3,4.01212638749,763.433830306,  ,  ,0.0,0.0,98.0,0.0,  ,  ,0.0,  ,  
2019-11-19 19:20:00,4.3,4.01212638749,763.487784072,  ,  ,0.0,1.10000546897,98.0,0.0,  ,  ,0.0,  ,  
2019-11-19 19:25:00,4.3,3.9399564553,763.487784072,  ,  ,0.0,0.0,97.5041666667,0.0,  ,  ,0.0,  ,  
2019-11-19 19:30:00,4.3,3.86624081228,763.535837228,  ,  ,0.0,0.0,97.0,0.0,  ,  ,0.0,  ,  
2019-11-19 19:35:00,4.3,3.86624081228,763.56279024,  ,  ,0.0,0.0,97.0,0.0,  ,  ,0.0,  ,  
2019-11-19 19:40:00,4.27708333333,3.84340621948,763.56279024,  ,  ,0.0,0.0,97.0,0.0,  ,  ,0.0,  ,  
2019-11-19 19:45:00,4.2,3.76659889588,763.56279024,  ,  ,0.0,0.0,97.0,0.0,  ,  ,0.0,  ,  
2019-11-19 19:50:00,4.2,3.76659889588,763.56279024,  ,  ,0.0,0.80000397743,97.0,0.0,  ,  ,0.0,  ,  
2019-11-19 19:55:00,4.19666666667,3.76327749613,763.56279024,  ,  ,0.0,1.9000094464,97.0,0.0,  ,  ,0.0,  ,  
2019-11-19 20:00:00,4.11708333333,3.68397902827,763.610843396,  ,  ,0.0,1.4000069605,97.0,0.0,  ,  ,0.0,  ,  
2019-11-19 20:05:00,4.1,3.66695683188,763.637796408,  ,  ,0.0,0.0,97.0,0.0,  ,  ,0.0,  ,  
2019-11-19 20:10:00,4.1,3.72537306464,763.637796408,  ,  ,0.0,0.600002983073,97.4,0.0,  ,  ,0.0,  ,  
2019-11-19 20:15:00,4.1,3.66695683188,763.685849564,  ,  ,0.0,0.900004474609,97.0,0.0,  ,  ,0.0,  ,  
2019-11-19 20:20:00,4.02041666667,3.58765825047,763.712802576,  ,  ,0.0,0.0,97.0,0.0,  ,  ,0.0,  ,  
2019-11-19 20:25:00,3.99333333333,3.67174727353,763.712802576,  ,  ,0.0,0.0,97.7625,0.0,  ,  ,0.0,  ,  
2019-11-19 20:30:00,3.92041666667,3.63344488505,763.760831861,  ,  ,0.0,0.0,98.0,0.0,  ,  ,0.0,  ,  
2019-11-19 20:35:00,3.9,3.61307668516,763.787808744,  ,  ,0.0,0.0,98.0,0.0,  ,  ,0.0,  ,  
2019-11-19 20:40:00,3.9,3.61307668516,763.787808744,  ,  ,0.0,1.10000546897,98.0,0.0,  ,  ,0.0,  ,  
2019-11-19 20:45:00,3.9,3.61307668516,763.787808744,  ,  ,0.0,0.0,98.0,0.0,  ,  ,0.0,  ,  
2019-11-19 20:50:00,3.81708333333,3.53035681092,763.787808744,  ,  ,0.0,0.0,98.0,0.0,  ,  ,0.0,  ,  
2019-11-19 20:55:00,3.8,3.51331401438,763.787808744,  ,  ,0.0,0.0,98.0,0.0,  ,  ,0.0,  ,  
2019-11-19 21:00:00,3.8,3.51331401438,763.8358619,  ,  ,0.0,0.0,98.0,0.0,  ,  ,0.0,  ,  
2019-11-19 21:05:00,3.81,3.52329028587,763.862814912,  ,  ,0.0,0.0,98.0,0.0,  ,  ,0.0,  ,  
2019-11-19 21:10:00,3.85,3.56319536203,763.862814912,  ,  ,0.0,0.80000397743,98.0,0.0,  ,  ,0.0,  ,  
2019-11-19 21:15:00,3.80333333333,3.51663943832,763.910844197,  ,  ,0.0,0.80000397743,98.0,0.0,  ,  ,0.0,  ,  
2019-11-19 21:20:00,3.8,3.51331401438,763.93782108,  ,  ,0.0,0.0,98.0,0.0,  ,  ,0.0,  ,  
2019-11-19 21:25:00,3.8,3.51331401438,763.93782108,  ,  ,0.0,0.0,98.0,0.0,  ,  ,0.0,  ,  
2019-11-19 21:30:00,3.8,3.51331401438,763.93782108,  ,  ,0.0,0.0,98.0,0.0,  ,  ,0.0,  ,  
2019-11-19 21:35:00,3.77708333333,3.49045172185,763.93782108,  ,  ,0.0,0.0,98.0,0.0,  ,  ,0.0,  ,  
2019-11-19 21:40:00,3.7,3.48983913848,763.93782108,  ,  ,0.0,0.0,98.5291666667,0.0,  ,  ,0.0,  ,  
2019-11-19 21:45:00,3.7,3.55741396591,763.93782108,  ,  ,0.0,1.4000069605,99.0,0.0,  ,  ,0.0,  ,  
2019-11-19 21:50:00,3.7,3.55741396591,763.93782108,  ,  ,0.0,0.0,99.0,0.0,  ,  ,0.0,  ,  
2019-11-19 21:55:00,3.69333333333,3.55075517231,763.93782108,  ,  ,0.0,0.900004474609,99.0,0.0,  ,  ,0.0,  ,  
2019-11-19 22:00:00,3.60375,3.4612776123,764.033927393,  ,  ,0.0,1.10000546897,99.0,0.0,  ,  ,0.0,  ,  
2019-11-19 22:05:00,3.6,3.45753203917,764.087833416,  ,  ,0.0,0.900004474609,99.0,0.0,  ,  ,0.0,  ,  
2019-11-19 22:10:00,3.59,3.4475438438,764.087833416,  ,  ,0.0,0.0,99.0,0.0,  ,  ,0.0,  ,  
2019-11-19 22:15:00,3.55041666667,3.40800723237,764.135886572,  ,  ,0.0,0.0,99.0,0.0,  ,  ,0.0,  ,  
2019-11-19 22:20:00,3.49666666667,3.35432066352,764.162839584,  ,  ,0.0,0.0,99.0,0.0,  ,  ,0.0,  ,  
2019-11-19 22:25:00,3.5,3.35765006355,764.162839584,  ,  ,0.0,0.0,99.0,0.0,  ,  ,0.0,  ,  
2019-11-19 22:30:00,3.5,3.35765006355,764.210855461,  ,  ,0.0,0.0,99.0,0.0,  ,  ,0.0,  ,  
2019-11-19 22:35:00,3.49666666667,3.35432066352,764.237845752,  ,  ,0.0,0.0,99.0,0.0,  ,  ,0.0,  ,  
2019-11-19 22:40:00,3.49666666667,3.35432066352,764.237845752,  ,  ,0.0,0.0,99.0,0.0,  ,  ,0.0,  ,  
2019-11-19 22:45:00,3.49333333333,3.35099126344,764.285848208,  ,  ,0.0,0.0,99.0,0.0,  ,  ,0.0,  ,  
2019-11-19 22:50:00,3.45041666667,3.30812523251,764.31285192,  ,  ,0.0,0.0,99.0,0.0,  ,  ,0.0,  ,  
2019-11-19 22:55:00,3.4,3.25776803905,764.31285192,  ,  ,0.0,0.0,99.0,0.0,  ,  ,0.0,  ,  
2019-11-19 23:00:00,3.4,3.25776803905,764.360866379,  ,  ,0.0,0.600002983073,99.0,0.0,  ,  ,0.0,  ,  
2019-11-19 23:05:00,3.4,3.25776803905,764.387858088,  ,  ,0.0,0.0,99.0,0.0,  ,  ,0.0,  ,  
2019-11-19 23:10:00,3.4,3.25776803905,764.387858088,  ,  ,0.0,0.0,99.0,0.0,  ,  ,0.0,  ,  
2019-11-19 23:15:00,3.4,3.25776803905,764.483811925,  ,  ,0.0,0.0,99.0,0.0,  ,  ,0.0,  ,  
2019-11-19 23:20:00,3.4,3.25776803905,764.537870424,  ,  ,0.0,0.900004474609,99.0,0.0,  ,  ,0.0,  ,  
2019-11-19 23:25:00,3.4,3.25776803905,764.537870424,  ,  ,0.0,0.600002983073,99.0,0.0,  ,  ,0.0,  ,  
2019-11-19 23:30:00,3.4,3.25776803905,764.63387231,  ,  ,0.0,0.80000397743,99.0,0.0,  ,  ,0.0,  ,  
2019-11-19 23:35:00,3.4,3.25776803905,764.68788276,  ,  ,0.0,0.0,99.0,0.0,  ,  ,0.0,  ,  
2019-11-19 23:40:00,3.4,3.25776803905,764.68788276,  ,  ,0.0,0.0,99.0,0.0,  ,  ,0.0,  ,  
2019-11-19 23:45:00,3.4,3.25776803905,764.68788276,  ,  ,0.0,0.0,99.0,0.0,  ,  ,0.0,  ,  
2019-11-19 23:50:00,3.4,3.25776803905,764.68788276,  ,  ,0.0,0.0,99.0,0.0,  ,  ,0.0,  ,  
  

    

