Date,TemperatureHighC,TemperatureAvgC,TemperatureLowC,DewpointHighC,DewpointAvgC,DewpointLowC,HumidityHigh,HumidityAvg,HumidityLow,PressureMaxhPa,PressureMinhPa,WindSpeedMaxKMH,WindSpeedAvgKMH,GustSpeedMaxKMH,PrecipitationSumCM,aqiusHigh,aqiusLow
                
 
 
 
 
 
 
 
 
 
 
 
 
 
 
 
 
 
 
 
 
 
 
 
 
 
 
 
 
 
 
 
 
 
 
 
 
 
 
 
 
 
 
 
 
 
 
 
 
 
 
 
 
 
 
 
 
 
 
 
 
 
 
 
 
 
 
 
 
 
 
 
 
 
 
 
 
 
 
 
 
 
 
 
 
 
 
 
 
 
 
 
 
 
 
 
 
 
 
 
 
 
 
 
 
 
 
 
 
 
 
 
 
 
 
 
 
 
 
 
 
 
 
 
 
 
 
 
 
 
 
 
 
 
 
 
 
 
 
 
 
 
 
 
 
 
 
 
 
 
 
 
 
 
 
 
 
 
 
 
 
 
 
 
 
 
 
 
 
 
 
 
 
 
 
 
 
 
 
 
 
 
 
 
 
 
 
 
 
 
 
 
 
 
 
 
 
 
 
 
 
 
 
 
 
 
 
 
 
 
 
 
 
 
 
 
 
 
 
 
 
 
 
 
 
 
 
 
 
 
 
 
 
 
 
 
 
 
 
 
 
 
 
 
 
 
 
 
 
 
 
 
 
 
 
 
 
 
 
 
 
 
 
 
 
 
 
 
 
 
 
 
 
 
 
 
 
 
 
 
 
 
 
 
 
 
 
 
 
 
 
 
 
2018-10-20,7.9,6.79996033679,3.8,4.52290578926,3.94378612242,2.92410350155,94.0,82.0001151603,73.0,1008.1,1006.6,1.90000472395,1.29986129401,4.60001143694,0.0,$day.aqius.max.raw,$day.aqius.min.raw
2018-10-21,9.1,6.06263888889,3.7,5.57152248336,3.81301861473,2.82482741714,95.0,85.9597222222,69.0,1011.3,1008.1,1.80000447532,0.519584625169,2.80000696161,0.0,$day.aqius.max.raw,$day.aqius.min.raw
2018-10-22,9.9,5.91270833333,1.8,3.73911994184,2.1616114628,0.0270080399571,90.0,77.4402777778,63.0,1010.8,995.5,5.00001243145,2.96035458251,10.0000248629,0.0,$day.aqius.max.raw,$day.aqius.min.raw
2018-10-23,7.7,4.87539924791,2.9,5.74773686615,2.90500864272,1.57737534616,97.0,87.436892824,70.0,995.5,979.8,3.40000845339,1.68960740357,6.60001640952,2.794,$day.aqius.max.raw,$day.aqius.min.raw
2018-10-24,4.4,3.402914859,2.4,3.81854250975,2.74726919839,1.58350258622,97.0,95.4678687636,92.0,979.8,971.6,3.60001789844,1.5169188738,8.60004275738,2.794,$day.aqius.max.raw,$day.aqius.min.raw
2018-10-25,3.4,2.11860677083,0.1,2.969458251,1.11642136207,-1.76309192406,97.0,93.0977719907,86.0,980.5,972.1,2.90001441819,2.20687584475,7.1000352997,1.778,$day.aqius.max.raw,$day.aqius.min.raw
2018-10-26,3.8,1.3807926362,0.0,0.745306693818,-0.706893437472,-2.34366051112,96.0,86.1793671655,66.0,989.0,980.5,2.60001292665,1.64104687561,6.50003231662,0.254,$day.aqius.max.raw,$day.aqius.min.raw
2018-10-27,4.7,2.45504247661,0.6,1.92795921819,0.991112978725,0.0366311277108,97.0,90.2695912996,78.0,995.8,987.3,4.10002038433,2.11054318504,7.80003877995,6.096,$day.aqius.max.raw,$day.aqius.min.raw
2018-10-28,7.0,4.218676164,0.8,4.66337082987,3.03639595094,0.37868591325,98.0,92.1494672226,80.0,1007.3,985.9,3.40000845339,2.28202010216,7.30003629405,0.762,$day.aqius.max.raw,$day.aqius.min.raw
2018-10-29,1.6,-0.479097222222,-1.5,0.591927473625,-2.83669782204,-4.51419523531,93.0,84.1618055556,77.0,1022.8,1007.3,3.90000969653,2.35000584278,7.00001740404,0.0,$day.aqius.max.raw,$day.aqius.min.raw
2018-10-30,1.3,-0.788464211258,-3.0,-3.59004516452,-4.56021244143,-5.43485298265,87.0,75.8915913829,63.0,1023.7,1022.4,3.90000969653,2.44719162993,7.50001864718,0.0,$day.aqius.max.raw,$day.aqius.min.raw
2018-10-31,1.7,0.0956501210017,-2.0,0.739960760289,-2.13022504492,-4.98162539529,94.0,85.030859375,75.0,1023.0,1019.5,3.60001789844,2.53180730984,7.1000352997,0.254,$day.aqius.max.raw,$day.aqius.min.raw
2018-11-01,4.9,3.61052372685,1.4,4.36444818028,3.00490102516,0.541395172221,97.0,95.8133101852,94.0,1021.3,1020.1,3.3000164069,2.40137189276,7.60003778559,0.508,$day.aqius.max.raw,$day.aqius.min.raw
2018-11-02,6.1,5.27326557795,4.5,5.16077994078,4.37455763037,3.71830144214,96.0,93.9329105861,91.0,1020.7,1014.3,3.80000944791,2.02376295527,6.50003231662,0.0,$day.aqius.max.raw,$day.aqius.min.raw
2018-11-03,8.0,7.32444820879,5.9,7.70326174386,6.81841419922,5.16077994078,98.0,96.5950449391,94.0,1014.4,1007.2,3.1000077075,1.79597924001,6.00001491775,7.62,$day.aqius.max.raw,$day.aqius.min.raw
2018-11-04,8.1,5.34305989583,-1.8,7.75241075197,3.8028095379,-2.35209140364,99.0,90.1422887731,75.0,1015.9,1006.5,3.10001541254,1.49044867173,7.1000352997,0.254,$day.aqius.max.raw,$day.aqius.min.raw
2018-11-05,1.0,-1.20453329556,-3.1,0.860584787419,-1.42287039303,-3.54649532712,99.0,98.405952381,96.0,1018.0,1015.8,1.60000795486,0.637045547386,3.3000164069,0.0,$day.aqius.max.raw,$day.aqius.min.raw
2018-11-06,1.3,-0.385916500804,-1.8,1.16023423357,-0.528088519504,-1.93616459055,99.0,98.9689814815,98.0,1015.8,1012.3,2.10001044075,0.833333378327,5.30002635048,0.0,$day.aqius.max.raw,$day.aqius.min.raw
2018-11-07,3.9,2.13213194131,-1.9,3.75717767275,1.960853859,-2.03604920568,99.0,98.7866434379,97.0,1012.3,1007.5,3.3000164069,1.37750684864,6.6000328138,0.0,$day.aqius.max.raw,$day.aqius.min.raw
2018-11-08,3.4,2.46407583058,2.1,3.25776803905,2.28326097134,1.87337443962,99.0,98.7220673635,97.0,1009.4,1008.2,1.10000546897,0.300152479511,3.10001541254,0.508,$day.aqius.max.raw,$day.aqius.min.raw
2018-11-09,3.4,2.44172598849,1.8,2.969458251,2.17203313841,1.51804000232,99.0,98.103903196,95.0,1010.7,1008.6,1.30000646332,0.146972561699,2.60001292665,1.524,$day.aqius.max.raw,$day.aqius.min.raw
2018-11-10,1.8,1.40254774306,1.1,1.51804000232,0.711970759306,0.096126825596,98.0,95.1603443287,92.0,1019.3,1010.7,2.40001193229,1.33546670907,7.00003480252,0.0,$day.aqius.max.raw,$day.aqius.min.raw
2018-11-11,1.1,-1.44327953689,-5.2,0.24354455345,-4.70702557476,-9.70766648712,96.0,78.7088209941,69.0,1028.7,1019.3,4.60002287023,3.22110334797,10.1000502151,0.0,$day.aqius.max.raw,$day.aqius.min.raw
2018-11-12,-1.4,-4.87918431727,-7.9,-6.34169285883,-8.51502308665,-9.95105714453,88.0,75.927079384,67.0,1028.8,1025.6,4.50002237305,3.17194488845,9.80004872352,0.0,$day.aqius.max.raw,$day.aqius.min.raw
2018-11-13,-0.4,-3.15638049935,-6.5,-7.03774116866,-9.12170721002,-10.6859931821,81.0,65.0273726852,46.0,1025.6,1013.5,5.80002883637,4.20578895775,12.2000606558,0.0,$day.aqius.max.raw,$day.aqius.min.raw
2018-11-14,0.4,-0.767783834889,-1.9,-1.59319208859,-5.41276543203,-10.3512963042,89.0,71.4766237772,49.0,1013.5,1009.1,5.50002734483,3.06223858189,11.7000581699,0.0,$day.aqius.max.raw,$day.aqius.min.raw
2018-11-15,1.3,0.31961541092,-0.4,-0.994665323404,-2.23913205483,-3.5789456852,94.0,83.2236872446,73.0,1024.6,1012.6,2.10001044075,0.632395362145,5.10002535612,0.0,$day.aqius.max.raw,$day.aqius.min.raw
2018-11-16,2.3,-0.158562755167,-3.9,-0.941215992074,-3.81296544058,-5.49801414539,93.0,76.7901466971,66.0,1029.1,1024.7,1.30000646332,0.308706213399,3.40001690408,0.0,$day.aqius.max.raw,$day.aqius.min.raw
2018-11-17,0.7,-1.26242911511,-3.3,0.136158764652,-2.11586517937,-5.35702326799,98.0,93.93878214,85.0,1027.1,1007.8,2.40001193229,1.37032904243,7.60003778559,1.016,$day.aqius.max.raw,$day.aqius.min.raw
2018-11-18,0.3,-0.0785828169022,-0.3,0.0215587471727,-0.452513370253,-0.717440114632,98.0,97.3141220226,97.0,1007.8,1002.5,1.4000069605,0.791276785929,5.30002635048,0.0,$day.aqius.max.raw,$day.aqius.min.raw
2018-11-19,-1.5,-2.41716314854,-3.3,-2.62779438299,-3.47562284819,-4.41071121805,93.0,92.4194509595,91.0,1017.9,1017.2,2.80001392101,2.30169001489,6.30003132226,0.0,$day.aqius.max.raw,$day.aqius.min.raw
2018-11-20,-2.4,-3.96648726852,-5.4,-3.81248981861,-5.51803259765,-6.96979554719,93.0,88.934954188,85.0,1018.0,1008.5,2.30001143511,1.2672550426,5.60002784201,0.0,$day.aqius.max.raw,$day.aqius.min.raw
2018-11-21,0.1,-1.29998938236,-2.8,-2.28383778455,-3.11962988008,-4.35600182268,94.0,87.5077564456,80.0,1009.8,1006.2,2.80001392101,1.64746762708,7.80003877995,0.0,$day.aqius.max.raw,$day.aqius.min.raw
2018-11-22,0.4,-1.02331627489,-2.9,-1.04308833999,-2.92765689977,-4.76802443617,94.0,86.9013737554,84.0,1006.2,996.9,3.80001889279,2.55245616974,10.1000502151,0.0,$day.aqius.max.raw,$day.aqius.min.raw
2018-11-23,-0.2,-1.94732638889,-3.8,-2.35274775104,-4.3444673932,-5.65153308074,91.0,83.740625,76.0,1008.5,1001.1,3.10001541254,1.14186331596,8.60004275738,0.0,$day.aqius.max.raw,$day.aqius.min.raw
2018-11-24,0.3,-0.747297453704,-2.7,-1.98785248315,-2.75042229785,-3.67224335123,94.0,86.3670862269,82.0,1001.4,996.5,3.40001690408,1.69617018064,9.30004623763,0.0,$day.aqius.max.raw,$day.aqius.min.raw
2018-11-25,-0.9,-2.03033564815,-3.1,-2.42970052159,-3.56700813711,-4.9152449312,95.0,89.3186487269,81.0,998.6,995.7,1.10000546897,0.485576777599,5.50002734483,0.0,$day.aqius.max.raw,$day.aqius.min.raw
2018-11-26,-1.6,-2.81143229167,-6.2,-3.56622209012,-5.06886372011,-7.14355671387,95.0,84.5595250634,74.0,995.7,993.7,1.80000894922,0.388900955781,5.30002635048,0.0,$day.aqius.max.raw,$day.aqius.min.raw
2018-11-27,-2.8,-3.78833472561,-6.1,-3.84510075169,-4.72768036326,-6.90567559038,96.0,93.1878192556,89.0,999.4,993.9,1.9000094464,0.576027169426,5.50002734483,0.0,$day.aqius.max.raw,$day.aqius.min.raw
2018-11-28,-3.5,-7.16922695234,-11.3,-4.18335096885,-8.37031613626,-12.3363561532,95.0,91.1180685098,84.0,1018.6,999.4,2.90001441819,0.734018497112,7.1000352997,0.0,$day.aqius.max.raw,$day.aqius.min.raw
2018-11-29,-8.6,-11.4003344932,-13.6,-10.0803529872,-12.5649692015,-14.7478703451,93.0,91.0656123484,88.0,1025.4,1018.6,1.60000795486,0.648417375868,5.00002485894,0.0,$day.aqius.max.raw,$day.aqius.min.raw
2018-11-30,-6.4,-10.6310959534,-13.4,-9.92215139147,-12.7114657448,-14.6838725458,91.0,84.8558114927,75.0,1025.3,1024.3,2.60001292665,1.10273918563,6.30003132226,0.0,$day.aqius.max.raw,$day.aqius.min.raw
2018-12-01,-5.8,-11.2614401564,-16.4,-9.85393682029,-13.867550334,-17.6828168611,94.0,81.6929883286,67.0,1025.0,1011.5,2.80001392101,0.574992624809,6.80003380816,0.0,$day.aqius.max.raw,$day.aqius.min.raw
2018-12-02,-4.6,-6.06326452856,-7.8,-6.01193850822,-7.8650474726,-12.3597337099,94.0,87.3034250817,66.0,1011.5,1002.2,3.3000164069,1.30244273166,7.00003480252,0.0,$day.aqius.max.raw,$day.aqius.min.raw
2018-12-03,-3.7,-5.04337239583,-6.4,-5.09697164236,-6.61788025023,-8.05408219394,94.0,88.7117332176,82.0,1002.3,1001.4,2.80001392101,1.42745228354,6.6000328138,0.0,$day.aqius.max.raw,$day.aqius.min.raw
2018-12-04,-0.8,-3.13459924769,-5.1,-1.49917444411,-4.70306693198,-7.08125046849,96.0,88.9435329861,84.0,1001.5,1000.1,3.40001690408,2.19185117514,8.5000422602,0.0,$day.aqius.max.raw,$day.aqius.min.raw
2018-12-05,1.9,1.07250843842,-0.9,1.03780690575,0.2446720198,-1.59858516932,97.0,94.205541088,93.0,1003.0,1000.7,2.60001292665,1.57327006429,6.6000328138,4.064,$day.aqius.max.raw,$day.aqius.min.raw
2018-12-06,0.7,-0.275552662037,-1.5,0.279038830603,-0.88754324862,-3.12610071605,99.0,95.6533709491,88.0,1004.7,1002.5,0.900004474609,0.0674091893092,3.40001690408,0.762,$day.aqius.max.raw,$day.aqius.min.raw
2018-12-07,-1.5,-2.42685064117,-3.3,-2.69211949476,-3.40156877802,-4.84940661585,96.0,93.0250404972,87.0,1004.6,1000.8,1.10000546897,0.0629748501331,3.40001690408,0.0,$day.aqius.max.raw,$day.aqius.min.raw
2018-12-08,-3.2,-5.07175841262,-6.0,-4.70173739099,-6.3755863496,-7.36407306747,94.0,90.5476689977,86.0,1000.9,995.7,2.80001392101,1.35006360548,6.50003231662,0.0,$day.aqius.max.raw,$day.aqius.min.raw
2018-12-09,-3.3,-4.14498837833,-4.9,-3.70696552138,-5.03664452729,-6.28272279866,97.0,93.4937659204,90.0,995.9,988.9,2.80001392101,1.18894737976,6.50003231662,0.0,$day.aqius.max.raw,$day.aqius.min.raw
2018-12-10,1.1,-0.672465277778,-3.3,0.389582273725,-1.27122137534,-3.84510075169,98.0,95.7187355324,94.0,993.3,987.4,2.00417663096,0.724795936053,5.60002784201,2.286,$day.aqius.max.raw,$day.aqius.min.raw
2018-12-11,1.3,0.499596354167,0.1,0.919450148466,0.168577871044,-0.361481394839,99.0,97.6370515046,96.0,1000.2,993.3,2.30001143511,0.232851273422,5.30002635048,3.302,$day.aqius.max.raw,$day.aqius.min.raw
2018-12-12,0.4,-0.0163469328704,-1.0,0.261284575364,-0.451988477554,-2.03411717438,99.0,96.9100971084,89.0,1005.3,1000.2,2.40001193229,0.345982622922,6.30003132226,1.016,$day.aqius.max.raw,$day.aqius.min.raw
2018-12-13,0.1,-0.603658902594,-1.3,-0.338017396365,-1.22258281939,-2.085499719,99.0,95.5806996867,92.0,1011.4,1005.2,2.60001292665,1.31488879896,7.60003778559,0.0,$day.aqius.max.raw,$day.aqius.min.raw
2018-12-14,-1.1,-2.25161168981,-3.7,-2.085499719,-3.06893839528,-4.52243040003,96.0,94.1151909722,91.0,1015.6,1011.4,1.80000894922,0.977507753456,6.50003231662,0.0,$day.aqius.max.raw,$day.aqius.min.raw
2018-12-15,-3.7,-6.48664192648,-9.6,-4.34278040932,-7.07674780832,-10.1162252965,97.0,95.5670138889,94.0,1022.2,1015.6,1.9000094464,0.85962223254,4.80002386458,0.0,$day.aqius.max.raw,$day.aqius.min.raw
2018-12-16,-9.6,-12.2713949362,-17.2,-10.1162252965,-13.0983746969,-18.4408596686,96.0,93.4997101639,90.0,1023.9,1022.2,0.80000397743,0.0138889579415,2.10001044075,0.0,$day.aqius.max.raw,$day.aqius.min.raw
2018-12-17,-11.1,-15.2787623792,-18.7,-11.7397804535,-16.3505288959,-20.0530911947,95.0,91.4346498843,89.0,1022.8,1019.8,1.30000646332,0.0965282576934,3.3000164069,0.0,$day.aqius.max.raw,$day.aqius.min.raw
2018-12-18,-10.2,-12.4925576775,-15.2,-10.8448654187,-13.4645311144,-16.3315794094,95.0,92.4004370224,89.0,1022.0,1019.4,2.40001193229,0.867421732323,5.60002784201,0.0,$day.aqius.max.raw,$day.aqius.min.raw
2018-12-19,-8.8,-11.804359691,-17.1,-9.45281525744,-12.6961577946,-18.2123843833,95.0,93.0369257153,90.0,1022.2,1020.1,0.600002983073,0.0291754922759,2.40001193229,0.0,$day.aqius.max.raw,$day.aqius.min.raw
2018-12-20,-7.8,-9.8591333912,-12.4,-8.59391156457,-11.0482436898,-13.9696715107,95.0,90.9926079077,85.0,1020.1,1016.3,2.80001392101,0.611362502929,5.60002784201,0.0,$day.aqius.max.raw,$day.aqius.min.raw
2018-12-21,-7.8,-12.1951537923,-16.4,-8.59391156457,-13.2305853496,-17.5509810735,94.0,91.9384534083,89.0,1016.3,1004.7,1.30000646332,0.275464332506,3.60001789844,0.0,$day.aqius.max.raw,$day.aqius.min.raw
2018-12-22,-5.3,-6.80316695602,-8.2,-6.1112414352,-7.67740933185,-9.12735643746,95.0,93.4665798611,93.0,1004.7,997.5,1.60000795486,0.77311568974,5.60002784201,0.0,$day.aqius.max.raw,$day.aqius.min.raw
2018-12-23,-6.4,-6.93620515046,-7.9,-7.30289982768,-7.88861944014,-8.82977757222,94.0,92.8947916667,92.0,997.6,994.2,1.4000069605,0.820468488897,5.30002635048,0.0,$day.aqius.max.raw,$day.aqius.min.raw
2018-12-24,-7.9,-8.71245960326,-9.3,-8.69322224809,-9.81846617397,-10.3932676249,94.0,91.6743084612,89.0,996.2,992.7,1.4000069605,0.786275855282,4.50002237305,0.0,$day.aqius.max.raw,$day.aqius.min.raw
2018-12-25,-8.3,-9.36974017657,-10.3,-9.18978014095,-10.3913351819,-11.3828731571,94.0,92.2403645833,89.0,1000.0,996.2,1.9000094464,0.178705179362,4.30002137869,0.0,$day.aqius.max.raw,$day.aqius.min.raw
2018-12-26,-7.8,-9.27924740068,-10.6,-8.82977757222,-10.2486489853,-11.7787280357,95.0,92.636156451,89.0,997.5,983.9,2.10001044075,0.666466810387,5.60002784201,0.0,$day.aqius.max.raw,$day.aqius.min.raw
2018-12-27,-7.4,-8.38653139165,-9.6,-8.06081365897,-9.23929282024,-10.6519420808,96.0,93.5429707476,89.0,996.1,987.5,1.30000646332,0.154178547223,3.90001938997,0.0,$day.aqius.max.raw,$day.aqius.min.raw
2018-12-28,-4.7,-6.40745202692,-8.3,-5.57521729853,-7.04759880645,-9.22655009113,98.0,95.1947276218,93.0,1001.5,995.3,0.600002983073,0.025002485127,2.30001143511,0.0,$day.aqius.max.raw,$day.aqius.min.raw
2018-12-29,-5.4,-8.69930681095,-11.7,-5.93538849477,-9.25721939367,-12.5993421607,98.0,95.7194042516,89.0,1005.4,1001.5,1.30000646332,0.149130426686,3.80001889279,0.0,$day.aqius.max.raw,$day.aqius.min.raw
2018-12-30,-1.3,-2.85530434033,-5.4,-1.57471224953,-3.43751675682,-5.97290231102,98.0,95.7519469622,94.0,1003.5,1001.7,1.9000094464,0.936183662492,4.60002287023,0.0,$day.aqius.max.raw,$day.aqius.min.raw
2018-12-31,-0.7,-1.32907082696,-2.3,-1.35677652493,-1.78797827623,-2.84975624892,98.0,96.685453599,94.0,1009.1,1003.1,1.30000646332,0.132640239316,3.3000164069,0.0,$day.aqius.max.raw,$day.aqius.min.raw

    

