Date,TemperatureHighC,TemperatureAvgC,TemperatureLowC,DewpointHighC,DewpointAvgC,DewpointLowC,HumidityHigh,HumidityAvg,HumidityLow,PressureMaxhPa,PressureMinhPa,WindSpeedMaxKMH,WindSpeedAvgKMH,GustSpeedMaxKMH,PrecipitationSumCM,aqiusHigh,aqiusLow
                
2019-01-01,-1.0,-1.85503348214,-3.0,-2.04006602934,-2.68692943281,-3.82734958485,96.0,94.0370535714,91.0,756.362198112,740.085859656,5.30002635048,2.95176318737,12.0000596615,0.0,$day.aqius.max.raw,$day.aqius.min.raw
2019-01-02,-1.3,-1.7201777032,-2.5,-2.13935702495,-2.70187266773,-3.4201858466,96.0,92.9976741075,91.0,743.536143384,739.18578564,4.80002386458,2.58911082713,10.5000522038,0.0,$day.aqius.max.raw,$day.aqius.min.raw
2019-01-03,-0.9,-1.91612858365,-3.3,-2.03351760405,-2.69995272878,-3.74556541266,97.0,94.3749373434,90.0,749.761655328,743.536143384,1.60000795486,0.293810984568,4.30002137869,0.0,$day.aqius.max.raw,$day.aqius.min.raw
2019-01-04,-3.3,-4.45224485583,-7.6,-3.70696552138,-4.91673685867,-8.25966805704,99.0,96.5518229167,94.0,749.386624488,747.511470288,0.0,0.0,2.10001044075,0.0,$day.aqius.max.raw,$day.aqius.min.raw
2019-01-05,-3.8,-4.82564044528,-6.9,-4.20523267288,-5.56135077272,-7.70012883822,98.0,94.5808301648,91.0,749.086599816,746.386377768,0.600002983073,0.0456276032755,2.40001193229,0.0,$day.aqius.max.raw,$day.aqius.min.raw
2019-01-06,-6.9,-9.06198783512,-11.8,-7.56368199951,-10.1742033272,-12.9663360993,95.0,91.5992332176,89.0,756.887241288,749.086599816,0.80000397743,0.044442050337,3.10001541254,0.0,$day.aqius.max.raw,$day.aqius.min.raw
2019-01-07,-8.3,-9.40353676342,-10.1,-9.64274540128,-10.6399476915,-11.3229753317,94.0,90.6818142361,87.0,757.262272128,751.18677252,2.40001193229,0.9673109435,8.30004126584,0.0,$day.aqius.max.raw,$day.aqius.min.raw
2019-01-08,-5.8,-7.45791367629,-9.1,-7.02894713379,-8.5788495019,-10.4334236811,93.0,91.6519430158,89.0,751.18677252,746.161359264,2.80001392101,1.38644819825,7.50003728841,0.0,$day.aqius.max.raw,$day.aqius.min.raw
2019-01-09,-7.4,-10.5632339004,-15.9,-8.43301064196,-11.8947677254,-16.8947630908,95.0,89.9624526625,82.0,752.986920552,746.461383936,2.30001143511,0.910935576047,6.30003132226,0.0,$day.aqius.max.raw,$day.aqius.min.raw
2019-01-10,-6.9,-10.5064451672,-17.3,-7.97693417739,-11.4065717334,-18.4408596686,96.0,93.0703602007,89.0,753.886994568,752.461877376,0.900004474609,0.130243703096,2.90001441819,0.0,$day.aqius.max.raw,$day.aqius.min.raw
2019-01-11,-8.6,-9.174943419,-10.1,-9.5870318256,-10.3030791774,-11.2839105684,94.0,91.4873527211,88.0,752.536883544,737.985686952,4.50002237305,1.83630641873,9.30004623763,0.0,$day.aqius.max.raw,$day.aqius.min.raw
2019-01-12,-7.0,-8.62056030141,-9.5,-7.93705983801,-9.75453346406,-10.9687822327,95.0,91.4755753743,89.0,737.985686952,732.885267528,4.50002237305,1.57986168964,9.80004872352,0.0,$day.aqius.max.raw,$day.aqius.min.raw
2019-01-13,-2.7,-4.77863715278,-7.6,-3.52946228115,-5.79517993131,-8.25966805704,97.0,92.6243166333,82.0,734.31038472,732.360224352,3.3000164069,0.964042698085,7.60003778559,0.254,$day.aqius.max.raw,$day.aqius.min.raw
2019-01-14,-1.1,-1.99920978494,-2.8,-2.09564251082,-3.1481510721,-3.81639118947,95.0,91.8424474324,89.0,732.360224352,728.084872776,4.10002038433,2.36625308389,10.0000497179,0.0,$day.aqius.max.raw,$day.aqius.min.raw
2019-01-15,0.1,-1.84434037463,-4.8,-1.19299570749,-2.93615967746,-6.32970448322,96.0,92.2457232828,88.0,733.260298368,728.384897448,5.50002734483,2.4575424792,11.3000561812,0.0,$day.aqius.max.raw,$day.aqius.min.raw
2019-01-16,-3.7,-5.04198548035,-6.2,-5.35825640989,-6.59504884755,-7.42472240917,93.0,88.8710733501,80.0,737.835674616,733.260298368,3.40001690408,1.59080428046,8.30004126584,0.0,$day.aqius.max.raw,$day.aqius.min.raw
2019-01-17,0.1,-3.55528310476,-6.3,-0.60448906344,-4.82700865974,-8.25072380995,96.0,90.9239293981,80.0,739.56081648,731.460150336,5.80002883637,3.09248110081,13.0000646332,0.0,$day.aqius.max.raw,$day.aqius.min.raw
2019-01-18,1.9,0.28538209607,-5.1,0.591927473625,-0.690242298065,-5.63677062731,98.0,93.2105713246,86.0,738.885760968,731.760175008,3.80001889279,2.02708977253,10.5000522038,2.54,$day.aqius.max.raw,$day.aqius.min.raw
2019-01-19,-3.6,-7.2072699864,-10.2,-4.14370795376,-8.08426948243,-11.1473459646,97.0,93.4383595571,87.0,748.111519632,738.885760968,2.80001392101,1.00589350674,6.6000328138,0.0,$day.aqius.max.raw,$day.aqius.min.raw
2019-01-20,-2.9,-4.75083411359,-8.9,-4.30651120624,-5.86732516847,-9.82171934849,95.0,91.8962058426,88.0,748.111519632,742.636069368,4.73020369763,2.68808527906,12.300061153,0.0,$day.aqius.max.raw,$day.aqius.min.raw
2019-01-21,-3.6,-9.47303564597,-15.3,-4.99816232326,-11.3078776098,-16.6952972801,91.0,86.5197033478,78.0,747.81149496,743.68615572,2.60001292665,0.990963171788,7.50003728841,0.0,$day.aqius.max.raw,$day.aqius.min.raw
2019-01-22,-12.5,-15.4269386574,-18.0,-14.3480084542,-16.9000365318,-19.3617280246,92.0,88.4395109954,84.0,753.286945224,747.81149496,2.30001143511,0.648323723467,5.10002535612,0.0,$day.aqius.max.raw,$day.aqius.min.raw
2019-01-23,-10.0,-15.6868313986,-20.4,-12.279090786,-17.1485315395,-21.7322297281,94.0,88.5747048858,82.0,754.18701924,752.761902048,1.60000795486,0.428344877115,3.90001938997,0.0,$day.aqius.max.raw,$day.aqius.min.raw
2019-01-24,-10.0,-15.4360105021,-22.4,-11.3455103227,-16.7568572441,-23.9611292432,96.0,89.5508508624,83.0,754.18701924,748.861581312,2.10001044075,0.219384882695,5.60002784201,0.0,$day.aqius.max.raw,$day.aqius.min.raw
2019-01-25,-12.6,-15.9678112065,-21.0,-14.0292726873,-17.1704341427,-22.4828779023,94.0,90.4063626598,86.0,759.662469504,754.18701924,0.600002983073,0.00416254218867,1.9000094464,0.0,$day.aqius.max.raw,$day.aqius.min.raw
2019-01-26,-9.4,-10.7001084492,-13.7,-10.7299363584,-12.1666951428,-14.7145496297,93.0,88.9592059546,79.0,758.31235848,744.661235904,4.30002137869,1.87669556548,10.5000522038,0.0,$day.aqius.max.raw,$day.aqius.min.raw
2019-01-27,-6.2,-8.066160727,-11.3,-7.52366735858,-9.10584619115,-12.2025221334,95.0,92.2125424825,88.0,745.336291416,741.285958344,2.30001143511,0.64530284358,6.30003132226,0.0,$day.aqius.max.raw,$day.aqius.min.raw
2019-01-28,-7.2,-9.46721691946,-12.4,-8.13543911175,-10.5719344347,-13.327242052,96.0,91.6747241552,86.0,748.636562808,745.336291416,1.30000646332,0.363286337109,3.90001938997,0.0,$day.aqius.max.raw,$day.aqius.min.raw
2019-01-29,-0.3,-3.60398109244,-7.2,-1.39132748818,-4.64073277705,-8.17507289598,95.0,92.5041087963,91.0,747.81149496,746.836414776,3.10001541254,1.51766652556,7.50003728841,0.0,$day.aqius.max.raw,$day.aqius.min.raw
2019-01-30,-0.3,-1.30012081348,-2.5,-1.5877707331,-2.27095960045,-3.27554906278,98.0,93.1163040083,90.0,749.911667664,746.986427112,3.3000164069,1.00453913785,9.30004623763,0.254,$day.aqius.max.raw,$day.aqius.min.raw
2019-01-31,2.7,0.313937788141,-2.4,2.02714634647,-0.0792949224615,-2.84975624892,99.0,97.1929542824,95.0,750.136686168,747.511470288,1.30000646332,0.325696063728,4.50002237305,12.446,$day.aqius.max.raw,$day.aqius.min.raw
2019-02-01,0.9,-1.01049623843,-2.5,0.62015389744,-1.53296878051,-3.18919045997,99.0,96.2363570602,94.0,752.461877376,750.136686168,1.4000069605,0.338207639473,5.00002485894,0.762,$day.aqius.max.raw,$day.aqius.min.raw
2019-02-02,-1.4,-2.49699806534,-3.1,-2.48217724678,-3.23955905798,-3.78568379271,97.0,94.6393373843,91.0,753.962000736,752.386871208,1.4000069605,0.205591299929,5.00002485894,0.0,$day.aqius.max.raw,$day.aqius.min.raw
2019-02-03,0.7,-1.44556423611,-3.2,0.56093490135,-2.01503265176,-3.82734958485,99.0,95.88828125,94.0,753.8119884,751.786821864,1.9000094464,0.513199853151,5.10002535612,0.254,$day.aqius.max.raw,$day.aqius.min.raw
2019-02-04,2.4,1.62468555686,0.6,2.25894510575,1.29099871036,0.320856763677,99.0,97.6393984629,95.0,753.211939056,750.211692336,1.9000094464,0.598635788775,5.50002734483,11.176,$day.aqius.max.raw,$day.aqius.min.raw
2019-02-05,2.2,-2.01177109363,-6.7,1.91709794328,-3.96244028503,-7.63949354695,98.0,86.7221385039,73.0,760.862568192,751.18677252,3.10001541254,0.822891822705,9.60004772917,1.016,$day.aqius.max.raw,$day.aqius.min.raw
2019-02-06,-1.9,-2.91176652332,-6.2,-4.22016124085,-4.851915936,-7.00498120222,94.0,86.4942234353,82.0,759.362444832,751.336784856,2.60001292665,0.87361545452,6.30003132226,0.0,$day.aqius.max.raw,$day.aqius.min.raw
2019-02-07,-2.0,-2.96501958826,-3.8,-2.8344023455,-4.10811473027,-5.39278297885,97.0,91.8437992334,86.0,754.337031576,751.111766352,1.60000795486,0.3419593799,5.00002485894,0.0,$day.aqius.max.raw,$day.aqius.min.raw
2019-02-08,0.5,-2.34561001039,-3.7,-2.21170672115,-4.21108805576,-5.39278297885,91.0,87.0458143043,81.0,754.412037744,753.06192672,1.80000894922,0.7764690704,5.10002535612,0.0,$day.aqius.max.raw,$day.aqius.min.raw
 
2019-02-10,-2.9,-3.49426580992,-3.9,-4.80693258018,-5.48357614953,-6.2571645701,92.0,86.0863809524,82.0,749.761655328,748.1865258,4.60002287023,2.6309845092,9.10004524327,0.0,$day.aqius.max.raw,$day.aqius.min.raw
2019-02-11,0.1,-1.80488702566,-3.7,-1.14646049028,-2.78819201318,-4.80693258018,95.0,92.985397659,89.0,748.56155664,745.636316088,4.10002038433,1.89917019473,9.00004474609,0.0,$day.aqius.max.raw,$day.aqius.min.raw
2019-02-12,1.4,0.659110291483,-0.2,0.588393568993,-0.4638517877,-1.6918563526,95.0,92.1867476852,89.0,745.861334592,744.136192728,4.30002137869,2.33143809599,10.0000497179,0.508,$day.aqius.max.raw,$day.aqius.min.raw
2019-02-13,1.2,-1.31912169001,-4.2,0.342828391264,-2.37655836007,-6.55089851997,99.0,92.5813436459,81.0,750.43671084,743.461137216,1.80000894922,0.556310636215,7.80003877995,0.762,$day.aqius.max.raw,$day.aqius.min.raw
2019-02-14,-1.4,-4.70833183815,-11.2,-2.23864831881,-6.13059464979,-12.0041142159,96.0,89.828529003,81.0,755.762148768,750.43671084,1.80000894922,0.392355665929,4.80002386458,1.016,$day.aqius.max.raw,$day.aqius.min.raw
2019-02-15,3.2,1.1875708912,-1.4,1.40629698721,-0.163526307292,-2.23864831881,95.0,90.7268518519,85.0,755.087093256,747.211445616,2.90001441819,1.6665707858,9.60004772917,1.524,$day.aqius.max.raw,$day.aqius.min.raw
2019-02-16,5.3,1.85016497898,-0.6,1.41550196702,0.0319985309539,-1.58966066548,95.0,87.912572338,75.0,749.68664916,742.411050864,2.10001044075,0.931948914432,8.10004027148,0.0,$day.aqius.max.raw,$day.aqius.min.raw
2019-02-17,4.2,1.41099073497,-0.8,0.0862314678631,-1.72879119992,-5.01488491974,94.0,79.8896747141,65.0,743.461137216,737.160619104,5.80002883637,2.61431872878,13.5000671191,0.0,$day.aqius.max.raw,$day.aqius.min.raw
2019-02-18,-0.6,-3.62522819449,-10.5,-4.57198872781,-7.48598976775,-11.9559787408,90.0,74.8273220183,62.0,755.387117928,743.461137216,5.10002535612,1.87627688928,11.8000586671,0.0,$day.aqius.max.raw,$day.aqius.min.raw
2019-02-19,3.3,-2.42696093236,-11.5,-2.62954560348,-7.32976001261,-12.6079554046,93.0,69.9238934395,56.0,755.087093256,742.036020024,3.80001889279,2.08917560679,10.1000502151,0.0,$day.aqius.max.raw,$day.aqius.min.raw
2019-02-20,3.9,1.66825520833,-1.1,1.61101966875,-0.505258882812,-5.96029483613,96.0,85.6224681713,67.0,742.036020024,734.385390888,3.3000164069,2.03570890579,9.10004524327,0.508,$day.aqius.max.raw,$day.aqius.min.raw
2019-02-21,1.4,-3.59961036776,-8.7,0.832846693901,-5.27472087538,-10.2228767579,96.0,88.1742207476,76.0,745.18627908,734.160372384,5.00002485894,2.63072647089,14.000069605,0.254,$day.aqius.max.raw,$day.aqius.min.raw
2019-02-22,-5.9,-8.04215471486,-10.3,-10.0803529872,-11.8327166814,-13.7874431403,91.0,74.8240286131,54.0,761.68763604,745.18627908,7.1000352997,4.59491289112,16.1000800458,0.0,$day.aqius.max.raw,$day.aqius.min.raw
2019-02-23,-3.9,-7.89821078452,-12.8,-6.17174630368,-10.4922969361,-14.3641221829,95.0,82.1274711621,60.0,764.237845752,756.212185776,2.60001292665,1.15173605023,9.00004474609,0.0,$day.aqius.max.raw,$day.aqius.min.raw
2019-02-24,1.6,-1.45802725598,-5.5,0.591927473625,-2.13538255296,-6.3098481841,97.0,95.1325954861,91.0,756.43720428,748.786575144,1.60000795486,0.570649090571,5.80002883637,2.032,$day.aqius.max.raw,$day.aqius.min.raw
2019-02-25,2.7,1.21385411945,0.3,1.23094973762,0.45393814809,-0.0199033030167,98.0,94.7170138889,86.0,748.786575144,741.285958344,2.60001292665,1.23901235148,8.10004027148,1.778,$day.aqius.max.raw,$day.aqius.min.raw
2019-02-26,2.7,1.05924863557,-0.3,0.577979635706,-0.35718839101,-2.83085326504,98.0,90.3614001603,81.0,748.1865258,740.160865824,3.40001690408,1.26324123424,10.3000512094,1.27,$day.aqius.max.raw,$day.aqius.min.raw
2019-02-27,-0.3,-2.00102575231,-3.3,-2.83085326504,-5.37816317682,-7.06865117742,84.0,77.6563802083,72.0,749.986673832,737.010606768,3.3000164069,1.40834467557,7.60003778559,0.0,$day.aqius.max.raw,$day.aqius.min.raw
2019-02-28,3.7,0.747230715123,-1.2,0.8850391902,-0.868088449856,-4.20177099799,96.0,89.0137830152,80.0,737.010606768,725.834687736,1.60000795486,0.564143684031,6.00002983073,0.254,$day.aqius.max.raw,$day.aqius.min.raw
2019-03-01,0.4,-2.64578120157,-8.1,0.121324850757,-3.42793928802,-10.3173693487,99.0,94.3164930556,84.0,739.410804144,725.909693904,4.30002137869,1.38403031857,9.00004474609,1.778,$day.aqius.max.raw,$day.aqius.min.raw
2019-03-02,-3.7,-8.73400684517,-15.1,-6.99725161165,-10.8844807357,-16.2325941992,94.0,84.679583866,75.0,743.386131048,739.410804144,2.80001392101,0.67418001267,6.6000328138,0.0,$day.aqius.max.raw,$day.aqius.min.raw
2019-03-03,0.8,-4.14937502048,-10.2,-2.57179533884,-6.7141493095,-11.3828731571,95.0,82.8121862691,64.0,741.135946008,734.235378552,4.10002038433,1.8527919871,10.3000512094,0.762,$day.aqius.max.raw,$day.aqius.min.raw
2019-03-04,1.1,-5.20934847406,-12.3,0.677626275516,-6.00439387711,-13.327242052,98.0,94.1013566849,90.0,736.710582096,733.035279864,1.80000894922,0.286783506344,4.80002386458,1.016,$day.aqius.max.raw,$day.aqius.min.raw
2019-03-05,4.6,2.74200662483,0.9,4.21165065019,2.29268103316,0.478332848284,99.0,96.8584003443,95.0,733.035279864,727.034786424,2.30001143511,1.32993931665,8.80004375174,4.572,$day.aqius.max.raw,$day.aqius.min.raw
2019-03-06,3.2,-4.13177655378,-10.1,2.2291646486,-7.40863136366,-13.3535403387,97.0,78.5125321435,57.0,752.161852704,726.959780256,5.60002784201,1.77220788507,13.3000661248,1.27,$day.aqius.max.raw,$day.aqius.min.raw
2019-03-07,0.4,-5.10834226208,-12.4,-5.8723500628,-9.85730848593,-14.5354785482,87.0,70.013703171,58.0,753.886994568,748.786575144,4.60002287023,2.11033207215,10.3000512094,0.0,$day.aqius.max.raw,$day.aqius.min.raw
2019-03-08,2.9,1.11540961447,-1.4,1.78124053607,-0.220672062975,-5.96851994285,96.0,90.9090242668,71.0,748.786575144,739.93584732,4.10002038433,2.06853603659,11.5000571756,4.064,$day.aqius.max.raw,$day.aqius.min.raw
2019-03-09,5.5,3.62402208759,0.3,2.64884495796,-0.999163579268,-4.74124880084,94.0,72.830541088,54.0,742.111026192,737.760668448,3.3000164069,1.57268577041,11.1000551868,0.0,$day.aqius.max.raw,$day.aqius.min.raw
2019-03-10,5.6,1.96347833614,-0.2,2.22947354584,-1.01315805579,-3.73781244936,94.0,80.7577652836,74.0,741.660989184,734.085366216,2.80001392101,1.1384392193,8.30004126584,0.508,$day.aqius.max.raw,$day.aqius.min.raw
2019-03-11,3.8,0.960608649804,-1.9,1.9583508802,-0.282544238861,-4.71999805754,98.0,91.545220428,80.0,736.710582096,732.135205848,1.10000546897,0.222605273407,5.00002485894,9.398,$day.aqius.max.raw,$day.aqius.min.raw
2019-03-12,-0.2,-3.21815397756,-6.4,-3.77127952107,-5.73485187134,-7.85693368162,91.0,83.0362702546,67.0,742.93609404,736.635575928,1.9000094464,0.501391381688,6.50003231662,0.0,$day.aqius.max.raw,$day.aqius.min.raw
2019-03-13,-0.4,-4.92061166439,-8.3,-5.67070619496,-7.30466892421,-9.68551002229,95.0,84.0923701912,63.0,749.761655328,742.93609404,0.900004474609,0.155556328945,3.40001690408,0.0,$day.aqius.max.raw,$day.aqius.min.raw
2019-03-14,3.8,-2.62538483796,-10.2,-1.46063029426,-6.00831786698,-11.1662170793,94.0,78.5293936081,63.0,750.511717008,747.736488792,2.90001441819,1.1925220491,7.80003877995,0.0,$day.aqius.max.raw,$day.aqius.min.raw
2019-03-15,5.4,1.79728298611,-0.8,-0.497316246344,-1.63258134532,-3.18334226649,94.0,78.8926043967,61.0,748.036513464,745.56130992,3.90001938997,2.06291654144,11.3000561812,0.254,$day.aqius.max.raw,$day.aqius.min.raw
2019-03-16,0.8,-0.284716435185,-1.3,-1.98373414492,-2.57085177481,-3.18077670926,89.0,84.5706990087,79.0,745.56130992,741.660989184,3.60001789844,1.45921587756,8.30004126584,0.0,$day.aqius.max.raw,$day.aqius.min.raw
2019-03-17,5.4,1.20537326389,-1.4,0.567449044852,-1.49352122215,-2.87587092273,90.0,82.4988570602,69.0,749.986673832,742.711075536,3.3000164069,0.937691293924,7.30003629405,0.0,$day.aqius.max.raw,$day.aqius.min.raw
2019-03-18,7.5,3.54686034475,0.1,2.09748268439,0.40702620681,-2.11787274013,91.0,80.3540167848,67.0,751.786821864,749.461630656,5.30002635048,2.73451012312,12.2000606558,0.0,$day.aqius.max.raw,$day.aqius.min.raw
2019-03-19,7.9,4.13916811343,2.6,4.92054229448,2.6029297711,0.826082044827,97.0,89.8905381106,79.0,753.286945224,749.536636824,2.60001292665,0.890513686683,6.50003231662,2.032,$day.aqius.max.raw,$day.aqius.min.raw
2019-03-20,4.9,2.4995580665,0.2,1.53184036253,0.231437480561,-1.92158753481,96.0,85.2854393063,72.0,755.387117928,753.211939056,1.60000795486,0.743593106691,5.80002883637,0.0,$day.aqius.max.raw,$day.aqius.min.raw
2019-03-21,3.5,1.21572859159,-1.6,0.426828261223,-1.3465358495,-3.63042379385,90.0,83.0723707118,78.0,754.862074752,751.411791024,1.80000894922,0.552305986675,4.80002386458,0.0,$day.aqius.max.raw,$day.aqius.min.raw
2019-03-22,2.7,0.971501687684,0.2,1.38519035654,-0.66041864919,-2.15497177676,98.0,88.9740330321,78.0,751.411791024,742.336044696,4.50002237305,2.31787391593,11.5000571756,6.35,$day.aqius.max.raw,$day.aqius.min.raw
2019-03-23,5.3,1.79583714091,-1.4,1.044638281,-0.558435810556,-2.82448485254,96.0,84.8864318195,70.0,756.362198112,749.161605984,2.90001441819,0.811478282163,8.0000397743,0.0,$day.aqius.max.raw,$day.aqius.min.raw
2019-03-24,4.2,1.22565257923,-1.1,3.07079979991,0.0104460260506,-2.52809319266,97.0,91.688744213,82.0,752.461877376,743.236118712,3.60001789844,1.03611626244,7.80003877995,1.524,$day.aqius.max.raw,$day.aqius.min.raw
2019-03-25,6.6,1.82821324626,-3.3,-0.114298769048,-1.96243656959,-4.31165687874,94.0,76.9208013109,59.0,743.761161888,741.961013856,1.60000795486,0.354852051973,6.6000328138,0.0,$day.aqius.max.raw,$day.aqius.min.raw
2019-03-26,5.6,1.3705319413,-3.4,1.62091373859,-2.29121143366,-4.94808924418,97.0,76.9352179945,64.0,744.661235904,740.085859656,2.60001292665,0.532337988505,7.50003728841,0.508,$day.aqius.max.raw,$day.aqius.min.raw
2019-03-27,0.8,-2.20811342593,-4.9,-1.00121818908,-3.96331927546,-6.03363489073,94.0,87.9922309028,74.0,752.911914384,744.661235904,2.80001392101,0.710420198708,7.1000352997,0.0,$day.aqius.max.raw,$day.aqius.min.raw
2019-03-28,3.6,-0.116516203704,-4.1,-2.09825015628,-3.96504188343,-6.88268927264,96.0,76.723365162,48.0,755.6871426,752.911914384,2.40001193229,0.6173641805,7.00003480252,0.0,$day.aqius.max.raw,$day.aqius.min.raw
2019-03-29,6.1,2.18864149306,-0.9,3.69508384536,0.505315866731,-3.09934495892,96.0,88.705150463,80.0,753.43695756,745.861334592,1.30000646332,0.276540726747,4.50002237305,1.016,$day.aqius.max.raw,$day.aqius.min.raw
2019-03-30,10.5,6.16462673611,3.6,5.17669963236,3.53791012115,2.31232846434,92.0,83.6339265046,68.0,746.761408608,744.961260576,1.4000069605,0.552630062361,5.60002784201,0.0,$day.aqius.max.raw,$day.aqius.min.raw
2019-03-31,13.7,7.92727016137,3.3,5.71906992809,3.55600592213,1.29221604898,91.0,75.2428003534,55.0,746.461383936,740.760915168,3.40001690408,1.18391224163,12.0000596615,0.254,$day.aqius.max.raw,$day.aqius.min.raw
2019-04-01,4.9,1.64556971184,-2.1,1.58350258622,-0.0689338838126,-2.93369572721,97.0,88.6127592122,77.0,757.487290632,743.386131048,2.90001441819,0.830415802905,8.30004126584,2.54,$day.aqius.max.raw,$day.aqius.min.raw
2019-04-02,7.4,1.00539795565,-4.5,-0.489347206734,-2.67106330581,-5.03954022519,98.0,78.7300405335,51.0,761.387611368,757.487290632,0.900004474609,0.132639548341,3.60001789844,0.254,$day.aqius.max.raw,$day.aqius.min.raw
2019-04-03,9.2,2.10899395354,-4.8,-0.184542869599,-2.60772049577,-5.37637627869,97.0,73.8258791984,48.0,761.087586696,757.93732764,1.9000094464,0.388892013817,6.30003132226,0.0,$day.aqius.max.raw,$day.aqius.min.raw
2019-04-04,9.3,2.23511771414,-4.7,-0.040961286131,-2.73981277102,-5.41612721082,97.0,72.7030960648,47.0,758.537376984,755.012087088,1.9000094464,0.373612968626,6.30003132226,0.0,$day.aqius.max.raw,$day.aqius.min.raw
2019-04-05,11.5,3.7420717411,-4.7,-0.558966947687,-3.42522382424,-5.51542834795,97.0,64.682339549,32.0,757.18726596,754.637056248,3.10001541254,0.65764215853,7.80003877995,0.0,$day.aqius.max.raw,$day.aqius.min.raw
2019-04-06,9.0,4.11850549769,-2.3,2.68047130025,-0.404240469615,-3.46729522745,93.0,73.6753585421,54.0,758.987413992,756.662222784,2.10001044075,0.408334746032,6.80003380816,0.0,$day.aqius.max.raw,$day.aqius.min.raw
2019-04-07,10.1,4.83157437674,1.6,1.72021895898,0.260393556341,-1.83745852651,90.0,73.2857155223,54.0,756.662222784,752.68689588,2.30001143511,0.360848148218,5.50002734483,0.0,$day.aqius.max.raw,$day.aqius.min.raw
2019-04-08,8.2,5.11461970208,1.9,6.06732155116,2.37776785552,-1.94840800747,93.0,82.6236757007,71.0,752.68689588,746.161359264,3.3000164069,1.46473818511,9.50004723199,2.794,$day.aqius.max.raw,$day.aqius.min.raw
2019-04-09,12.7,8.74196759259,6.0,8.62268216364,6.29952809687,3.43161714495,98.0,85.0726996528,68.0,746.986427112,745.411297584,3.40001690408,0.793871134439,8.60004275738,9.906,$day.aqius.max.raw,$day.aqius.min.raw
2019-04-10,10.2,5.98551371126,0.2,9.43449335291,5.46223192885,-0.219198796832,99.0,96.472683643,86.0,751.486797192,746.086353096,1.30000646332,0.103472736664,4.80002386458,4.572,$day.aqius.max.raw,$day.aqius.min.raw
2019-04-11,8.1,2.99363262271,-2.8,1.15892349894,-0.843283159148,-3.07123911372,99.0,77.6293756296,57.0,755.012087088,751.486797192,2.30001143511,0.29129774456,5.80002883637,0.254,$day.aqius.max.raw,$day.aqius.min.raw
2019-04-12,6.1,2.40697192076,-0.8,0.228542830744,-1.72975693301,-3.59032392994,88.0,74.5536494048,63.0,757.037253624,755.012087088,2.30001143511,1.22176711329,7.00003480252,0.0,$day.aqius.max.raw,$day.aqius.min.raw
2019-04-13,7.7,2.83999317783,-2.0,-0.601885131648,-2.51274844176,-4.08089417137,86.0,68.9353342801,51.0,758.162346144,756.737228952,2.80001392101,1.16443350217,7.30003629405,0.0,$day.aqius.max.raw,$day.aqius.min.raw
2019-04-14,6.1,3.41923763408,1.3,-1.55397343262,-2.64238421445,-3.84687235018,74.0,64.8831286234,53.0,758.837401656,757.487290632,3.3000164069,1.54599200686,8.60004275738,0.0,$day.aqius.max.raw,$day.aqius.min.raw
2019-04-15,11.5,5.2793264579,-0.8,-1.29503046977,-3.46428141229,-4.98230535423,83.0,54.5416442691,37.0,760.712555856,758.462370816,2.80001392101,1.06182031365,8.0000397743,0.0,$day.aqius.max.raw,$day.aqius.min.raw
2019-04-16,11.5,5.17317253079,-3.1,3.48414823416,-0.21667448781,-4.66073587602,93.0,69.5985876416,55.0,762.287685384,758.987413992,3.40001690408,1.15090271276,8.5000422602,0.0,$day.aqius.max.raw,$day.aqius.min.raw
2019-04-17,10.7,6.1451407049,1.7,0.640935664958,-0.842945200167,-2.43128268282,81.0,61.8912260407,45.0,764.762888928,761.68763604,2.30001143511,0.641444161331,6.00002983073,0.0,$day.aqius.max.raw,$day.aqius.min.raw
2019-04-18,11.2,5.68918181829,-1.9,1.86700934762,-0.375779004728,-3.07159229779,94.0,67.1401251114,47.0,761.987660712,759.137426328,2.10001044075,0.437024742228,5.80002883637,0.0,$day.aqius.max.raw,$day.aqius.min.raw
2019-04-19,12.3,6.09458587576,0.8,1.89275248441,0.0395621836171,-1.33275039445,86.0,66.9587083406,46.0,763.1877594,758.912407824,1.4000069605,0.203256218875,4.10002038433,0.0,$day.aqius.max.raw,$day.aqius.min.raw
2019-04-20,9.8,5.80590856481,1.3,6.39676586025,2.98144941626,-1.64367661394,97.0,82.7339699074,61.0,758.912407824,756.512210448,1.60000795486,0.148611849974,4.80002386458,0.762,$day.aqius.max.raw,$day.aqius.min.raw
2019-04-21,16.3,9.83132627266,2.5,7.02940928468,4.34345785217,1.73996448329,99.0,72.158651802,44.0,759.887488008,758.162346144,1.10000546897,0.154167433151,3.80001889279,0.0,$day.aqius.max.raw,$day.aqius.min.raw
2019-04-22,18.7,10.1056712176,-0.2,7.62307713376,3.72565380737,-0.902715294447,97.0,68.3459148724,41.0,761.462617536,758.912407824,1.80000894922,0.177778661651,4.50002237305,0.0,$day.aqius.max.raw,$day.aqius.min.raw
2019-04-23,17.9,10.9845905671,2.8,7.71755521283,4.66652942077,1.11074511893,91.0,67.1430121528,44.0,760.637549688,758.762395488,2.10001044075,0.421529873525,6.6000328138,0.0,$day.aqius.max.raw,$day.aqius.min.raw
2019-04-24,22.2,13.92331912,3.9,10.2074020193,6.26685543595,2.03429592997,89.0,62.5956793352,41.0,760.712555856,757.712309136,1.60000795486,0.307640418404,6.00002983073,0.0,$day.aqius.max.raw,$day.aqius.min.raw
2019-04-25,22.9,14.7180222801,4.3,11.2163597124,7.29696258746,2.90495000609,91.0,64.0118778935,40.0,758.162346144,754.637056248,0.80000397743,0.0694447897075,3.10001541254,0.0,$day.aqius.max.raw,$day.aqius.min.raw
2019-04-26,22.2,15.3471806476,6.8,11.3589205376,7.26264620212,3.69048491586,86.0,60.7983447016,40.0,755.537130264,751.261778688,1.80000894922,0.233334493417,4.50002237305,0.0,$day.aqius.max.raw,$day.aqius.min.raw
2019-04-27,24.9,16.8994835069,9.4,11.0517812082,8.11755138945,5.3843973771,83.0,58.389503247,37.0,751.261778688,743.236118712,2.80001392101,0.270118530465,7.60003778559,0.0,$day.aqius.max.raw,$day.aqius.min.raw
2019-04-28,15.9,8.65007880519,3.4,7.82239653266,0.786322600337,-2.95051880421,86.0,58.6111829688,43.0,755.462124096,743.986180392,4.50002237305,2.17917106019,9.50004723199,0.0,$day.aqius.max.raw,$day.aqius.min.raw
2019-04-29,9.7,5.24677662037,-2.0,-0.957640717238,-2.75581934567,-4.64812145262,89.0,57.7660011574,41.0,757.112259792,754.487043912,1.9000094464,0.436113279363,5.00002485894,0.0,$day.aqius.max.raw,$day.aqius.min.raw
2019-04-30,12.8,5.67571632743,-2.3,-0.385054311331,-3.25489896922,-5.96612447399,83.0,55.0405583522,36.0,755.31211176,751.9368342,1.4000069605,0.293751460463,4.30002137869,0.0,$day.aqius.max.raw,$day.aqius.min.raw
2019-05-01,17.2,9.01628038194,-2.3,2.96981639497,0.218622989544,-3.86261094315,90.0,57.5017939815,36.0,752.011840368,742.036020024,4.10002038433,0.938951427504,9.30004623763,0.0,$day.aqius.max.raw,$day.aqius.min.raw
2019-05-02,14.3,9.19648826127,6.6,6.63799037758,3.86595048289,-0.36756025615,89.0,69.8306275908,57.0,742.036020024,732.510236688,4.50002237305,1.46831603855,9.60004772917,0.508,$day.aqius.max.raw,$day.aqius.min.raw
2019-05-03,15.6,10.7606252906,6.3,6.36591153252,4.73551719777,2.70634044904,84.0,67.2463686343,45.0,740.535896664,732.360224352,4.30002137869,2.32331160883,12.2000606558,0.508,$day.aqius.max.raw,$day.aqius.min.raw
2019-05-04,14.3,8.16069958377,1.6,3.7694088806,1.2122351568,-0.796002782913,94.0,63.9274452047,40.0,748.261531968,740.535896664,2.10001044075,0.643811071247,9.60004772917,0.0,$day.aqius.max.raw,$day.aqius.min.raw
2019-05-05,20.4,12.2934430994,5.9,13.9752465799,8.12657513714,-0.819628494863,95.0,76.4962427844,58.0,749.31161832,746.911420944,3.60001789844,0.697844226722,11.3000561812,3.556,$day.aqius.max.raw,$day.aqius.min.raw
2019-05-06,20.2,15.1128202536,9.2,14.4847805654,12.2427540992,8.59528618455,98.0,83.7153516557,66.0,749.086599816,746.3113716,1.10000546897,0.0650571416305,4.10002038433,0.0,$day.aqius.max.raw,$day.aqius.min.raw
2019-05-07,24.7,16.6807534593,10.9,13.2921231797,11.7295595716,9.97194340235,95.0,74.6012843738,48.0,746.3113716,743.31112488,1.30000646332,0.0972438090897,5.00002485894,0.0,$day.aqius.max.raw,$day.aqius.min.raw
2019-05-08,13.9,10.4641677139,7.2,12.4227754308,9.09693344405,6.45288111798,96.0,91.3463025313,81.0,750.43671084,744.286205064,2.60001292665,1.01642393653,6.00002983073,6.35,$day.aqius.max.raw,$day.aqius.min.raw
2019-05-09,14.1,10.0097154903,6.9,13.0900831958,9.43473023449,6.30648660479,98.0,96.2571360469,90.0,751.9368342,748.636562808,3.3000164069,0.765586703559,9.30004623763,11.43,$day.aqius.max.raw,$day.aqius.min.raw
2019-05-10,24.7,18.0926743194,13.4,17.5706943701,14.9126084752,12.7745637597,98.0,82.87578125,58.0,749.911667664,747.286451784,1.4000069605,0.336807230081,6.00002983073,1.016,$day.aqius.max.raw,$day.aqius.min.raw
2019-05-11,23.0,17.2662125843,11.8,16.5769877359,12.7011610607,9.53366608977,98.0,75.4101586684,60.0,752.236858872,742.486057032,7.1000352997,1.77374067112,15.4000765655,0.508,$day.aqius.max.raw,$day.aqius.min.raw
2019-05-12,21.3,15.9358808629,7.4,14.5476435408,11.0252019435,6.75105236973,98.0,74.3293034639,56.0,757.787315304,752.236858872,1.30000646332,0.0940771227815,4.10002038433,0.0,$day.aqius.max.raw,$day.aqius.min.raw
2019-05-13,21.8,17.0935838164,11.8,13.6824771756,12.3935858158,10.4099197665,95.0,75.4469094438,56.0,757.862321472,755.31211176,2.10001044075,0.478475884409,6.80003380816,0.0,$day.aqius.max.raw,$day.aqius.min.raw
2019-05-14,20.0,15.7670410126,11.6,14.6970533779,12.5676588027,9.90258181126,96.0,81.7326708508,70.0,755.762148768,753.361951392,2.80001392101,0.745123785598,7.80003877995,0.0,$day.aqius.max.raw,$day.aqius.min.raw
2019-05-15,20.7,16.0499686455,12.5,13.3972202544,11.098679278,6.48762759582,96.0,73.53039257,59.0,756.06217344,753.361951392,3.60001789844,1.51888052605,8.10004027148,0.0,$day.aqius.max.raw,$day.aqius.min.raw
2019-05-16,16.4,11.9171717099,5.4,6.85840715108,4.86650766006,2.94886564041,87.0,62.9018065268,45.0,758.537376984,756.06217344,3.3000164069,1.51681928216,8.0000397743,0.0,$day.aqius.max.raw,$day.aqius.min.raw
2019-05-17,13.0,5.48003640777,1.9,5.9309915434,3.14618815174,1.1848215106,96.0,86.1102346278,59.0,759.512457168,758.537376984,0.0,0.0,1.80000894922,0.0,$day.aqius.max.raw,$day.aqius.min.raw
 
2019-05-19,21.2,18.2398487158,11.3,11.7872911794,10.030163967,7.02951717182,82.0,59.4130142892,51.0,754.112013072,752.986920552,2.90001441819,1.17734648542,7.80003877995,0.0,$day.aqius.max.raw,$day.aqius.min.raw
2019-05-20,22.3,15.4946680868,6.6,11.6027236112,8.27980017237,4.01853925112,88.0,63.8274634254,45.0,755.612136432,753.962000736,1.30000646332,0.113195007223,3.90001938997,0.0,$day.aqius.max.raw,$day.aqius.min.raw
2019-05-21,25.7,18.4467071759,11.1,16.7952746604,10.9560790911,6.88926381118,82.0,62.6422309028,47.0,754.712062416,748.861581312,2.80001392101,0.519108483662,7.1000352997,0.0,$day.aqius.max.raw,$day.aqius.min.raw
2019-05-22,25.3,19.4676747637,13.3,16.0127295333,12.1377293371,8.75380889489,84.0,63.5172251398,44.0,748.861581312,744.511223568,2.40001193229,0.342701356608,6.30003132226,0.0,$day.aqius.max.raw,$day.aqius.min.raw
2019-05-23,21.9,16.0790867559,10.4,16.7043356271,13.3019609288,8.15891431267,95.0,84.0566927484,67.0,747.211445616,742.111026192,4.10002038433,0.774034519613,9.30004623763,6.35,$day.aqius.max.raw,$day.aqius.min.raw
2019-05-24,17.7,11.4229877788,7.6,10.1121570758,7.4736374304,5.13482090861,92.0,77.6673472153,58.0,750.06168,747.211445616,2.40001193229,0.851797992982,7.60003778559,0.0,$day.aqius.max.raw,$day.aqius.min.raw
2019-05-25,21.6,14.9743825304,8.6,14.0052773201,11.113053776,6.88985356824,95.0,78.5245346157,58.0,748.711568976,742.411050864,3.90001938997,0.795411940711,9.50004723199,5.334,$day.aqius.max.raw,$day.aqius.min.raw
2019-05-26,21.1,16.4739225033,13.1,15.2489549944,12.5390963585,9.05169875222,97.0,79.0034437108,56.0,743.31112488,742.18603236,1.4000069605,0.333064408949,5.50002734483,0.0,$day.aqius.max.raw,$day.aqius.min.raw
2019-05-27,21.9,16.2602650415,9.9,13.5890830827,10.4224790171,7.42121123153,85.0,69.3528670047,52.0,747.286451784,743.086106376,2.90001441819,1.08889430261,10.1000502151,0.0,$day.aqius.max.raw,$day.aqius.min.raw
2019-05-28,27.3,20.3478568653,14.5,19.1011329265,15.8683482906,13.2146545609,95.0,76.8027922454,55.0,749.68664916,746.986427112,1.4000069605,0.340548568127,6.10003032791,2.54,$day.aqius.max.raw,$day.aqius.min.raw
2019-05-29,29.6,24.114421763,18.9,18.7505488391,16.6552773812,15.1696692654,80.0,64.3370737082,48.0,750.361704672,749.161605984,3.40001690408,1.39515999873,11.8000586671,0.0,$day.aqius.max.raw,$day.aqius.min.raw
2019-05-30,24.7,19.5582947033,12.0,18.3729297868,14.7925010319,10.3410783502,91.0,74.1864972458,64.0,754.862074752,749.761655328,1.9000094464,0.740129553808,6.30003132226,0.0,$day.aqius.max.raw,$day.aqius.min.raw
2019-05-31,21.8,15.4020351181,9.6,17.2200155187,13.4427121122,8.68160623875,99.0,88.4325658851,74.0,755.012087088,750.211692336,0.80000397743,0.0680558939134,3.3000164069,0.0,$day.aqius.max.raw,$day.aqius.min.raw
2019-06-01,21.1,15.6121815193,9.4,13.8957792507,11.4094582026,8.30177427158,94.0,77.205107605,54.0,752.911914384,750.361704672,1.60000795486,0.304862626816,5.80002883637,0.0,$day.aqius.max.raw,$day.aqius.min.raw
2019-06-02,25.5,17.5822421029,7.8,17.8330356065,13.1947643899,6.89490237691,95.0,76.6694507824,57.0,752.911914384,747.136439448,2.90001441819,0.556375095022,8.30004126584,1.778,$day.aqius.max.raw,$day.aqius.min.raw
2019-06-03,19.6,15.5440025578,8.6,14.3716923608,10.6240041044,7.21414550206,97.0,74.4872809809,50.0,756.43720428,748.711568976,2.40001193229,0.755947814338,8.0000397743,0.0,$day.aqius.max.raw,$day.aqius.min.raw
2019-06-04,23.6,16.4235271991,5.8,14.0312160471,9.65604982892,5.00883239449,96.0,67.324927662,46.0,758.087339976,755.6871426,1.60000795486,0.333334990596,5.10002535612,0.0,$day.aqius.max.raw,$day.aqius.min.raw
2019-06-05,27.7,19.406772613,7.9,16.4221979868,11.9533580452,6.68088591451,93.0,64.8401834055,44.0,757.337278296,755.537130264,1.9000094464,0.347223948538,6.00002983073,0.0,$day.aqius.max.raw,$day.aqius.min.raw
2019-06-06,28.3,20.9236657328,10.9,18.4618286038,14.9472223822,9.65099682897,93.0,70.6953298956,50.0,757.262272128,755.462124096,0.80000397743,0.083333747649,2.40001193229,0.0,$day.aqius.max.raw,$day.aqius.min.raw
2019-06-07,32.1,22.9604294041,12.6,20.3694367748,16.0389587885,11.7584809227,96.0,68.6316087116,40.0,756.737228952,755.387117928,1.30000646332,0.155944831265,4.10002038433,0.0,$day.aqius.max.raw,$day.aqius.min.raw
2019-06-08,30.7,23.3072734327,14.4,20.3255622382,17.2018827269,13.2146545609,95.0,71.0662785052,47.0,757.037253624,755.162099424,0.80000397743,0.0569331534285,3.3000164069,0.0,$day.aqius.max.raw,$day.aqius.min.raw
2019-06-09,31.7,23.935357445,15.8,22.9816296063,18.0525451265,14.5014035402,94.0,71.4185663496,49.0,756.587216616,753.586969896,2.90001441819,0.31888270429,10.600052701,5.842,$day.aqius.max.raw,$day.aqius.min.raw
2019-06-10,26.2,20.7400920417,16.2,18.0905462987,16.5445904832,14.5784436773,93.0,78.3123553241,55.0,756.512210448,754.487043912,1.30000646332,0.250695690844,3.90001938997,0.0,$day.aqius.max.raw,$day.aqius.min.raw
2019-06-11,26.6,19.8409066684,14.3,16.3420224778,14.1870625644,12.4097566706,96.0,72.9051581615,45.0,756.662222784,754.262025408,1.30000646332,0.156005874997,4.80002386458,0.0,$day.aqius.max.raw,$day.aqius.min.raw
2019-06-12,20.6,16.8448625579,12.7,15.604441426,13.4280140724,7.82720255426,96.0,80.8235821759,65.0,757.5622968,753.736982232,2.40001193229,0.730776202691,7.60003778559,0.0,$day.aqius.max.raw,$day.aqius.min.raw
2019-06-13,20.4,14.3800517291,8.1,9.99014340537,6.56401498213,4.12619888035,77.0,60.5776786057,42.0,760.712555856,757.18726596,2.40001193229,0.851479927801,7.60003778559,0.0,$day.aqius.max.raw,$day.aqius.min.raw
2019-06-14,20.0,15.2221695595,10.5,18.633132007,12.6355578906,6.05804840769,97.0,84.9211729635,65.0,757.5622968,749.68664916,2.90001441819,0.731732076146,8.30004126584,5.334,$day.aqius.max.raw,$day.aqius.min.raw
2019-06-15,19.8,15.3106011195,12.3,15.8564419895,13.5413762093,11.4607313761,97.0,89.4751519998,76.0,751.411791024,749.536636824,0.600002983073,0.0291668116772,2.40001193229,0.0,$day.aqius.max.raw,$day.aqius.min.raw
2019-06-16,22.2,16.9765264279,12.9,16.0052803441,14.180356063,11.7946950057,96.0,84.5952416148,62.0,751.336784856,749.536636824,1.10000546897,0.178473109548,3.80001889279,0.0,$day.aqius.max.raw,$day.aqius.min.raw
2019-06-17,26.1,19.3590980031,10.6,17.9158158375,14.968619042,9.98841740327,99.0,77.5173032407,55.0,750.586723176,748.336538136,1.4000069605,0.329168303214,5.30002635048,0.0,$day.aqius.max.raw,$day.aqius.min.raw
2019-06-18,26.4,21.4762639773,16.3,17.7615677772,16.0246414691,13.0424744143,94.0,72.5916828292,52.0,750.211692336,748.411544304,1.60000795486,0.414210827325,6.50003231662,0.254,$day.aqius.max.raw,$day.aqius.min.raw
2019-06-19,27.6,21.3507923216,13.8,18.0177250674,14.9382075224,11.845612609,89.0,68.2333361179,50.0,751.861828032,750.211692336,1.30000646332,0.261483852967,5.80002883637,0.0,$day.aqius.max.raw,$day.aqius.min.raw
2019-06-20,29.4,21.8262865532,12.7,18.0662420662,14.4256395963,11.4328905112,94.0,66.3756438015,38.0,752.611889712,750.511717008,0.80000397743,0.0347223948538,2.80001392101,0.0,$day.aqius.max.raw,$day.aqius.min.raw
2019-06-21,30.2,22.9777545816,14.4,20.5977530899,17.5562362449,13.1156710699,93.0,72.912032759,50.0,751.9368342,749.461630656,1.9000094464,0.470349560689,6.10003032791,0.0,$day.aqius.max.raw,$day.aqius.min.raw
2019-06-22,28.4,22.9388350319,18.1,21.1362100988,18.928508609,16.7043356271,96.0,78.9761308936,60.0,751.861828032,749.611642992,3.3000164069,0.431731089814,10.3000512094,0.254,$day.aqius.max.raw,$day.aqius.min.raw
2019-06-23,23.0,19.8711240593,16.4,18.7443562538,14.4410908837,11.7014905322,96.0,72.2962119121,49.0,755.462124096,751.861828032,1.4000069605,0.420143956011,5.00002485894,0.0,$day.aqius.max.raw,$day.aqius.min.raw
2019-06-24,23.8,18.8023697917,10.7,14.5158026757,12.1911439113,9.61397456029,95.0,67.4451244213,47.0,758.237352312,755.387117928,1.60000795486,0.371529624935,5.00002485894,0.0,$day.aqius.max.raw,$day.aqius.min.raw
2019-06-25,22.8,17.6350742932,11.5,13.1457993783,11.5458201882,9.84808793156,92.0,69.077262453,50.0,760.337525016,758.237352312,1.9000094464,0.456946716275,6.10003032791,0.0,$day.aqius.max.raw,$day.aqius.min.raw
2019-06-26,17.8,15.1570558449,12.9,15.6419271103,13.3985030352,11.1564347254,97.0,89.3870235421,79.0,758.762395488,751.111766352,1.4000069605,0.171509822614,4.10002038433,4.318,$day.aqius.max.raw,$day.aqius.min.raw
2019-06-27,13.8,12.9316957956,10.2,13.4890956313,12.489127387,9.89792722569,99.0,97.1522280093,95.0,751.111766352,735.660495744,0.900004474609,0.343983191685,6.30003132226,14.732,$day.aqius.max.raw,$day.aqius.min.raw
2019-06-28,13.1,12.2333443765,11.6,12.9460968412,11.4372012536,10.3439708879,99.0,94.9265640494,88.0,737.235625272,733.110286032,3.3000164069,1.39030205114,10.3000512094,7.112,$day.aqius.max.raw,$day.aqius.min.raw
2019-06-29,14.3,11.8898022913,9.4,11.0818550134,9.51025495485,7.3232821683,96.0,85.6187296309,74.0,742.786081704,737.010606768,2.90001441819,1.20098760201,10.5000522038,2.032,$day.aqius.max.raw,$day.aqius.min.raw
2019-06-30,19.7,13.8840740741,7.2,15.8480571985,11.4408426637,5.92869557068,98.0,85.659765625,67.0,745.036266744,742.486057032,1.80000894922,0.180369820367,10.600052701,16.51,$day.aqius.max.raw,$day.aqius.min.raw
2019-07-01,29.7,19.4719212963,9.0,21.7683525091,15.5119721872,8.80060041802,99.0,79.6748263889,60.0,745.261285248,737.610656112,2.40001193229,0.407640915583,8.60004275738,0.0,$day.aqius.max.raw,$day.aqius.min.raw
2019-07-02,22.1,17.606676794,13.4,15.7591790317,13.8035494998,11.8199662315,92.0,78.8524953268,63.0,742.036020024,738.960767136,3.10001541254,0.647226384407,9.10004524327,2.286,$day.aqius.max.raw,$day.aqius.min.raw
2019-07-03,18.1,14.5989307309,11.7,14.3034465591,12.0456609924,9.18379361297,98.0,85.1375136862,69.0,742.411050864,740.460890496,2.60001292665,0.957832171605,12.8000636389,6.858,$day.aqius.max.raw,$day.aqius.min.raw
2019-07-04,16.5,12.4061762153,9.9,10.0956341226,8.82099255225,7.49648238418,94.0,79.4925589963,59.0,745.786328424,741.81100152,4.10002038433,1.65954454939,12.2000606558,1.524,$day.aqius.max.raw,$day.aqius.min.raw
2019-07-05,20.1,14.2399817508,8.7,12.1694873457,10.5144925908,8.04310204195,97.0,79.4156339203,58.0,745.636316088,740.385884328,3.60001789844,1.20011572438,10.0000497179,0.0,$day.aqius.max.raw,$day.aqius.min.raw
2019-07-06,17.8,13.0150631292,9.8,13.7068813069,10.7205796445,9.13241293193,97.0,86.4765325886,63.0,740.460890496,737.760668448,2.80001392101,0.623714820633,8.5000422602,5.842,$day.aqius.max.raw,$day.aqius.min.raw
2019-07-07,20.4,14.409121799,10.2,13.2925242005,10.8297362066,9.31659050534,97.0,80.3194711399,58.0,740.535896664,738.660742464,1.9000094464,0.456945596393,6.6000328138,0.0,$day.aqius.max.raw,$day.aqius.min.raw
2019-07-08,20.3,15.1181336806,10.4,16.6289397284,13.3078900631,9.94411861137,98.0,89.3531539352,69.0,741.135946008,739.710828816,2.80001392101,0.220139983373,10.0000497179,4.064,$day.aqius.max.raw,$day.aqius.min.raw
2019-07-09,20.9,15.2691529207,9.2,14.0187908306,11.7711378504,8.90035789088,99.0,81.2494413453,58.0,740.835921336,738.135699288,1.30000646332,0.11611278201,4.50002237305,0.0,$day.aqius.max.raw,$day.aqius.min.raw
2019-07-10,19.2,14.3725963033,10.5,15.0769062172,12.989369914,9.88890931374,97.0,91.6812828094,72.0,738.885760968,736.785588264,2.60001292665,0.374303729993,7.00003480252,15.748,$day.aqius.max.raw,$day.aqius.min.raw
2019-07-11,15.1,13.1397985494,11.1,12.7337802679,11.0618386584,9.59272272864,97.0,87.569444505,72.0,743.386131048,738.885760968,2.40001193229,0.684030730666,6.00002983073,0.508,$day.aqius.max.raw,$day.aqius.min.raw
2019-07-12,16.4,12.9742208813,9.3,11.0919799804,9.55324208688,7.84275751975,95.0,80.5839874372,60.0,745.711322256,743.31112488,1.60000795486,0.256239699889,3.90001938997,0.0,$day.aqius.max.raw,$day.aqius.min.raw
2019-07-13,19.4,14.5239576675,9.8,12.0257062233,9.99958935089,8.53361836801,96.0,75.9376529085,52.0,747.06143328,745.486303752,1.60000795486,0.198612098563,5.10002535612,0.0,$day.aqius.max.raw,$day.aqius.min.raw
2019-07-14,19.5,14.124965739,8.3,13.4257401605,10.8903709999,7.69968139602,98.0,82.2064573637,60.0,747.736488792,746.911420944,2.10001044075,0.232740921038,5.50002734483,1.016,$day.aqius.max.raw,$day.aqius.min.raw
2019-07-15,21.3,14.5205726443,8.3,14.2969606818,11.5505517101,8.00253710457,99.0,83.6231915509,58.0,747.81149496,746.986427112,3.40001690408,0.221528879167,8.10004027148,0.0,$day.aqius.max.raw,$day.aqius.min.raw
2019-07-16,19.3,14.7375386872,8.1,15.814807097,12.9912324822,7.75216042626,99.0,89.8381799769,70.0,748.036513464,745.336291416,0.900004474609,0.0916671224139,3.90001938997,1.778,$day.aqius.max.raw,$day.aqius.min.raw
2019-07-17,19.7,16.4912542434,14.3,17.099669902,15.3353355563,13.7695785227,98.0,93.0849247685,80.0,745.486303752,743.236118712,1.30000646332,0.202778785946,3.80001889279,3.81,$day.aqius.max.raw,$day.aqius.min.raw
2019-07-18,23.2,17.6375787006,13.7,16.5458692381,14.9566681022,12.7858757455,99.0,85.3399934928,62.0,743.236118712,741.360964512,2.10001044075,0.442867169201,5.80002883637,1.016,$day.aqius.max.raw,$day.aqius.min.raw
2019-07-19,19.3,15.2524788753,12.4,15.4572040443,13.3825522469,11.8196226989,98.0,88.9477455297,73.0,744.286205064,742.111026192,1.4000069605,0.0795663678074,3.90001938997,0.0,$day.aqius.max.raw,$day.aqius.min.raw
2019-07-20,22.4,17.1599899308,13.6,17.2200155187,15.0761217728,12.9127593242,98.0,88.0990258286,67.0,749.236612152,744.136192728,1.60000795486,0.505421873261,6.50003231662,0.508,$day.aqius.max.raw,$day.aqius.min.raw
2019-07-21,22.1,16.5963905109,14.2,17.8043978948,15.2052174459,13.247188417,98.0,91.9717296145,69.0,752.086846536,749.236612152,1.10000546897,0.298965216954,5.00002485894,0.0,$day.aqius.max.raw,$day.aqius.min.raw
2019-07-22,26.3,19.4448086144,11.2,18.2718750349,15.4916560688,10.7411766051,99.0,79.5758391204,54.0,752.31186504,748.861581312,0.900004474609,0.120139486194,3.60001789844,0.0,$day.aqius.max.raw,$day.aqius.min.raw
2019-07-23,22.6,18.8312868197,14.8,17.601604613,15.897019277,14.0058659946,96.0,83.4682386099,69.0,748.861581312,747.361457952,0.900004474609,0.032291827214,3.40001690408,0.0,$day.aqius.max.raw,$day.aqius.min.raw
2019-07-24,18.8,17.1698014357,15.5,17.470566254,16.2713587357,14.9995733385,99.0,94.5179417122,90.0,748.711568976,747.81149496,1.30000646332,0.366402094889,4.10002038433,1.524,$day.aqius.max.raw,$day.aqius.min.raw
2019-07-25,22.9,18.5993786007,15.8,18.5389323524,17.0639096616,15.6427663386,99.0,91.2689672806,70.0,751.861828032,748.486550472,1.4000069605,0.261113377847,6.80003380816,0.254,$day.aqius.max.raw,$day.aqius.min.raw
2019-07-26,27.4,22.4305903867,16.6,20.2262639358,18.4299401266,16.2821387485,99.0,79.6393868311,59.0,753.136932888,751.711815696,2.40001193229,0.672199014086,8.5000422602,0.0,$day.aqius.max.raw,$day.aqius.min.raw
2019-07-27,28.6,23.143755787,16.2,20.6620428868,18.3762016103,15.194240373,97.0,76.0251302083,54.0,752.31186504,747.06143328,2.90001441819,0.367809988386,6.50003231662,0.0,$day.aqius.max.raw,$day.aqius.min.raw
2019-07-28,24.8,21.2078327546,15.4,19.1697426615,17.1231528886,11.774256356,93.0,78.1942853009,62.0,747.211445616,743.31112488,5.10002535612,1.01125068742,11.1000551868,0.0,$day.aqius.max.raw,$day.aqius.min.raw
2019-07-29,16.0,13.2424447205,9.6,11.774256356,8.11426828961,6.39380509031,89.0,71.6627062994,57.0,746.386377768,744.136192728,2.90001441819,1.59953813108,7.50003728841,0.0,$day.aqius.max.raw,$day.aqius.min.raw
2019-07-30,16.1,12.4572939972,9.1,9.18719077309,7.78765062243,6.44804307447,92.0,73.9566148981,57.0,744.361211232,740.160865824,2.80001392101,1.67881621705,8.30004126584,0.0,$day.aqius.max.raw,$day.aqius.min.raw
2019-07-31,15.1,11.6457293119,8.0,10.8636283577,9.06216805658,6.87371499461,96.0,84.5899739583,68.0,744.586229736,737.910680784,3.80001889279,1.81712419635,9.10004524327,3.556,$day.aqius.max.raw,$day.aqius.min.raw
2019-08-01,14.1,12.3225753579,10.6,11.8288492801,10.8500966269,9.42258996119,97.0,90.8222400315,83.0,745.93634076,744.586229736,1.80000894922,0.954307592726,6.00002983073,1.016,$day.aqius.max.raw,$day.aqius.min.raw
2019-08-02,15.9,13.2449884259,11.1,11.6723625411,10.9439097813,9.9538657956,97.0,86.3717011468,69.0,745.336291416,743.236118712,1.4000069605,0.668753506486,5.30002635048,0.0,$day.aqius.max.raw,$day.aqius.min.raw
2019-08-03,16.8,13.1117412978,10.8,12.4462293659,11.017670886,9.71310188071,96.0,87.5890153152,67.0,743.236118712,741.81100152,1.10000546897,0.297918508036,5.00002485894,3.302,$day.aqius.max.raw,$day.aqius.min.raw
2019-08-04,13.6,10.1560661163,7.3,9.77343327167,7.637853541,6.52832530324,97.0,84.8690544248,67.0,743.161112544,742.036020024,1.9000094464,1.10812901417,7.30003629405,0.0,$day.aqius.max.raw,$day.aqius.min.raw
2019-08-05,14.0,10.5556206597,8.8,10.0469844063,8.72385906164,7.22535228187,95.0,88.6666377315,72.0,742.18603236,739.710828816,2.30001143511,1.07104843843,8.80004375174,0.762,$day.aqius.max.raw,$day.aqius.min.raw
2019-08-06,19.3,13.1156546379,9.4,12.8237448825,9.94058915725,8.46299568241,97.0,82.7048632027,57.0,745.036266744,740.835921336,2.10001044075,0.7920620907,7.00003480252,1.778,$day.aqius.max.raw,$day.aqius.min.raw
2019-08-07,23.5,16.0614517699,9.1,16.1930662578,13.0207086666,8.4957753311,99.0,83.6366436201,61.0,746.461383936,745.036266744,4.10002038433,0.427875634797,11.3000561812,0.762,$day.aqius.max.raw,$day.aqius.min.raw
2019-08-08,22.6,17.4191971939,12.9,17.857947982,15.7688901192,12.534522558,99.0,90.532740162,72.0,745.711322256,737.835674616,1.30000646332,0.210416659519,3.60001789844,0.254,$day.aqius.max.raw,$day.aqius.min.raw
2019-08-09,18.3,16.1600564236,14.6,17.2407758946,15.4304587092,13.9685791065,99.0,95.4740596065,89.0,740.760915168,732.885267528,3.10001541254,1.56612902485,9.80004872352,13.462,$day.aqius.max.raw,$day.aqius.min.raw
2019-08-10,18.6,14.9634149178,12.2,14.0680791023,12.2649231523,10.9595212828,98.0,84.8116955723,65.0,748.93658748,740.760915168,3.90001938997,1.81234012352,11.3000561812,17.78,$day.aqius.max.raw,$day.aqius.min.raw
2019-08-11,19.2,13.9913637411,9.4,13.1343249336,10.6721433762,8.6394185462,96.0,81.5666926015,62.0,751.411791024,748.93658748,1.30000646332,0.281240151068,4.60002287023,0.0,$day.aqius.max.raw,$day.aqius.min.raw
2019-08-12,22.3,15.0038376591,7.7,17.0265496885,12.6491833377,7.25397814937,99.0,86.5734172212,70.0,752.761902048,751.411791024,0.80000397743,0.0500002485894,3.10001541254,0.0,$day.aqius.max.raw,$day.aqius.min.raw
2019-08-13,22.9,17.9020100813,11.2,18.2131359813,15.3562357884,10.8954867537,99.0,85.8748263889,69.0,751.9368342,744.886254408,1.9000094464,0.633796553864,5.60002784201,0.254,$day.aqius.max.raw,$day.aqius.min.raw
2019-08-14,22.8,19.0968980573,16.3,18.3127564989,16.7070999285,15.2702183457,97.0,86.5817867537,68.0,749.536636824,744.961260576,1.80000894922,0.305097002981,5.60002784201,0.0,$day.aqius.max.raw,$day.aqius.min.raw
2019-08-15,19.6,17.2839124245,14.6,18.0479170769,15.3296190182,13.6105845245,98.0,88.6438280887,73.0,750.511717008,742.711075536,2.90001441819,0.820837414343,8.0000397743,13.716,$day.aqius.max.raw,$day.aqius.min.raw
2019-08-16,19.3,15.8142637501,12.5,15.0571427149,13.1702612438,12.0920528911,99.0,84.9351167131,64.0,751.336784856,750.43671084,1.9000094464,0.0854170913402,4.50002237305,0.0,$day.aqius.max.raw,$day.aqius.min.raw
2019-08-17,20.8,16.6960588756,14.6,14.9757421155,13.6805411623,11.6797886701,94.0,83.0208700774,61.0,751.336784856,748.1865258,2.80001392101,1.09334408405,7.80003877995,0.0,$day.aqius.max.raw,$day.aqius.min.raw
2019-08-18,21.4,17.3566333912,15.4,19.2745996339,16.5539038597,13.7552418752,99.0,95.1529658565,84.0,748.1865258,745.036266744,2.10001044075,0.60456753123,7.30003629405,11.43,$day.aqius.max.raw,$day.aqius.min.raw
2019-08-19,22.1,18.0520988603,14.9,18.3882607758,16.4374640065,14.4274469698,99.0,90.7445424488,77.0,753.886994568,747.886501128,1.10000546897,0.145131801582,5.10002535612,0.508,$day.aqius.max.raw,$day.aqius.min.raw
2019-08-20,27.7,19.3548770255,13.8,22.1805733513,17.7453206864,13.5888484951,99.0,91.0541942096,69.0,756.81223512,753.586969896,1.30000646332,0.120139486194,6.10003032791,5.334,$day.aqius.max.raw,$day.aqius.min.raw
2019-08-21,23.1,19.2449305556,16.2,19.6581403561,17.8153489177,16.0422699006,99.0,91.8325520833,77.0,758.68738932,754.487043912,0.900004474609,0.119813963742,3.60001789844,0.0,$day.aqius.max.raw,$day.aqius.min.raw
2019-08-22,21.6,18.437489571,14.2,19.2406725833,15.8475445543,12.5818680856,95.0,85.1417133383,68.0,759.437451,752.236858872,2.40001193229,1.02113848008,8.60004275738,0.0,$day.aqius.max.raw,$day.aqius.min.raw
2019-08-23,22.7,16.1692291539,9.1,17.0265496885,12.7782397259,8.74851391094,99.0,82.0241064498,57.0,761.462617536,759.06242016,1.10000546897,0.180941070536,4.10002038433,0.0,$day.aqius.max.raw,$day.aqius.min.raw
2019-08-24,23.4,16.6275810185,11.2,16.517618226,13.511181112,10.4283145779,97.0,82.9033854167,62.0,759.137426328,755.012087088,3.3000164069,0.530558193365,9.30004623763,1.016,$day.aqius.max.raw,$day.aqius.min.raw
2019-08-25,19.7,15.2155511601,9.7,14.6413143266,12.5813314764,9.09283749042,97.0,85.0477536408,68.0,761.387611368,756.512210448,1.9000094464,0.540975471076,5.00002485894,0.0,$day.aqius.max.raw,$day.aqius.min.raw
2019-08-26,22.4,15.5743657262,7.4,15.7767053572,12.3515378546,7.1047083745,99.0,82.5213541667,61.0,761.537623704,754.56205008,1.30000646332,0.243056763976,5.10002535612,0.0,$day.aqius.max.raw,$day.aqius.min.raw
2019-08-27,21.2,17.6675639782,12.3,15.8274558825,14.1648652863,11.299091552,96.0,80.9358825353,62.0,757.337278296,753.661976064,2.10001044075,0.743753697767,7.1000352997,1.778,$day.aqius.max.raw,$day.aqius.min.raw
2019-08-28,18.1,13.4889467593,8.0,11.9278379721,9.4787973986,7.34738818755,96.0,78.3688852326,53.0,760.487537352,757.337278296,2.40001193229,0.959727132986,5.80002883637,0.0,$day.aqius.max.raw,$day.aqius.min.raw
2019-08-29,22.1,14.0222988704,6.3,14.575736567,9.98658604091,6.00735136086,99.0,78.9758965105,54.0,761.162592864,756.662222784,1.30000646332,0.276389710743,4.80002386458,0.0,$day.aqius.max.raw,$day.aqius.min.raw
2019-08-30,22.8,14.8332038376,7.4,16.078070074,10.9197505312,6.90357482524,98.0,79.8330639783,43.0,756.662222784,754.56205008,1.10000546897,0.0819448518549,2.90001441819,0.0,$day.aqius.max.raw,$day.aqius.min.raw
2019-08-31,24.7,15.5143712227,8.4,17.6681828469,12.6133040727,7.95143230389,99.0,84.5265617736,56.0,755.387117928,754.18701924,0.600002983073,0.0208334369123,2.30001143511,0.0,$day.aqius.max.raw,$day.aqius.min.raw
2019-09-01,23.9,16.3991345474,9.6,18.4935026905,13.9008386869,9.14705117242,99.0,86.3891240629,64.0,754.487043912,751.711815696,0.900004474609,0.0243056763976,2.90001441819,0.0,$day.aqius.max.raw,$day.aqius.min.raw
2019-09-02,24.0,17.6572693539,12.0,17.1454890825,14.7160301507,11.5382251539,99.0,84.2996961806,61.0,752.086846536,750.886747848,1.30000646332,0.116667246709,3.40001690408,0.0,$day.aqius.max.raw,$day.aqius.min.raw
2019-09-03,24.0,18.3872498075,11.8,17.8987232386,15.4149085912,11.3389639021,99.0,83.8903719685,63.0,752.011840368,750.361704672,1.10000546897,0.164401859034,3.40001690408,0.0,$day.aqius.max.raw,$day.aqius.min.raw
2019-09-04,24.6,17.6863599113,13.4,17.1217515721,14.4431936547,12.2570178868,97.0,82.4027054398,59.0,751.111766352,748.336538136,2.80001392101,0.858337600785,7.60003778559,2.032,$day.aqius.max.raw,$day.aqius.min.raw
2019-09-05,14.8,13.5718626427,12.3,13.8296871212,12.8333982698,11.8196226989,99.0,95.3299926446,91.0,753.136932888,751.111766352,0.900004474609,0.0984192172323,3.60001789844,0.254,$day.aqius.max.raw,$day.aqius.min.raw
2019-09-06,20.2,15.1656070594,11.8,16.6355976158,14.3826034707,11.4940177632,99.0,95.3106696658,79.0,754.262025408,752.536883544,0.0,0.0,1.30000646332,0.0,$day.aqius.max.raw,$day.aqius.min.raw
2019-09-07,20.7,14.7751736111,9.7,14.8496981217,12.5319229599,9.24668511883,99.0,87.6219039352,62.0,759.512457168,754.262025408,1.30000646332,0.126389517268,3.40001690408,0.254,$day.aqius.max.raw,$day.aqius.min.raw
2019-09-08,20.7,14.2463535964,8.4,14.1419248965,11.0104113367,8.25180938815,99.0,83.1244954352,53.0,761.237599032,759.512457168,1.10000546897,0.055555831766,3.40001690408,0.0,$day.aqius.max.raw,$day.aqius.min.raw
2019-09-09,22.1,14.5700347222,7.2,16.1482246063,12.060035858,6.90518980013,99.0,86.2911024306,63.0,761.3126052,759.662469504,0.600002983073,0.00416668738245,1.9000094464,0.0,$day.aqius.max.raw,$day.aqius.min.raw
2019-09-10,24.6,16.4563671875,8.9,18.2046655006,13.6879146464,8.7512068024,99.0,85.4154947917,60.0,760.712555856,759.437451,0.900004474609,0.0791670602666,3.60001789844,0.0,$day.aqius.max.raw,$day.aqius.min.raw
2019-09-11,27.0,18.2085367755,9.9,18.290505554,13.6242247696,9.59865745497,99.0,77.4630097556,45.0,760.56254352,759.437451,1.9000094464,0.322223824243,6.10003032791,0.0,$day.aqius.max.raw,$day.aqius.min.raw
2019-09-12,26.1,18.5171440972,10.1,15.2192566394,12.0109052283,9.0192033098,96.0,68.165625,44.0,759.437451,755.387117928,3.80001889279,1.09375543789,9.30004623763,0.0,$day.aqius.max.raw,$day.aqius.min.raw
2019-09-13,20.1,16.3061151032,12.2,14.689217664,11.890595045,10.8924251954,94.0,75.8073883103,58.0,755.537130264,746.536390104,2.90001441819,0.775431089559,8.30004126584,0.0,$day.aqius.max.raw,$day.aqius.min.raw
2019-09-14,15.8,12.7523859078,8.2,12.3298736734,9.06524983026,6.26402604746,88.0,78.5874921911,59.0,750.961754016,744.586229736,4.10002038433,2.02417596224,10.3000512094,0.762,$day.aqius.max.raw,$day.aqius.min.raw
2019-09-15,12.4,8.7438641361,6.5,8.29675303191,6.83207054916,5.23649859671,96.0,88.2764784946,69.0,750.961754016,739.710828816,4.50002237305,1.30717197087,11.5000571756,4.318,$day.aqius.max.raw,$day.aqius.min.raw
2019-09-16,14.4,11.5032883066,9.7,11.0717727376,9.45432948492,7.97459759777,94.0,87.4147475041,73.0,737.460643776,735.360471072,2.40001193229,1.29332775732,9.50004723199,1.016,$day.aqius.max.raw,$day.aqius.min.raw
2019-09-17,12.7,9.18083333333,6.9,9.21702963864,7.88912651084,6.45687883166,98.0,91.7664351852,76.0,737.535649944,735.135452568,2.30001143511,0.826601331888,8.5000422602,4.826,$day.aqius.max.raw,$day.aqius.min.raw
2019-09-18,11.4,8.17223103277,4.8,8.69484175231,6.88139443554,4.51093630867,99.0,91.9090033619,76.0,739.335797976,737.235625272,1.30000646332,0.093843137289,4.60002287023,0.0,$day.aqius.max.raw,$day.aqius.min.raw
2019-09-19,10.1,8.82524264756,7.3,7.09342979826,6.25379613093,5.24071564184,95.0,84.0772727273,73.0,747.211445616,744.286205064,1.80000894922,0.851519385068,6.00002983073,0.508,$day.aqius.max.raw,$day.aqius.min.raw
2019-09-20,10.0,7.45410714286,4.8,6.33182594353,5.09260071932,3.86744102621,98.0,85.3133080155,72.0,749.611642992,748.636562808,1.57625783678,0.21992056118,5.80002883637,0.0,$day.aqius.max.raw,$day.aqius.min.raw
2019-09-21,10.2,7.59133837914,2.8,5.20737114544,3.92295237243,1.7425264931,97.0,78.9006308743,58.0,750.511717008,741.43597068,2.60001292665,1.22133450356,6.80003380816,0.762,$day.aqius.max.raw,$day.aqius.min.raw
2019-09-22,7.8,5.52596556955,4.1,5.45516128705,3.9017097502,2.29291970683,99.0,89.4998871044,71.0,746.161359264,738.360717792,4.50002237305,2.07781605667,13.0000646332,1.016,$day.aqius.max.raw,$day.aqius.min.raw
2019-09-23,7.9,5.29161749344,3.2,3.62295213013,2.13251455611,1.2143350145,93.0,80.5198841651,65.0,751.636809528,746.161359264,3.60001789844,1.91516529171,10.600052701,0.0,$day.aqius.max.raw,$day.aqius.min.raw
2019-09-24,7.2,4.18430258653,2.3,3.11627735378,1.75238247122,0.43609955139,96.0,84.6602349543,65.0,752.31186504,751.56180336,1.4000069605,0.279357449505,5.10002535612,0.762,$day.aqius.max.raw,$day.aqius.min.raw
2019-09-25,4.7,2.81995808015,1.2,3.26838709985,1.95507113193,0.488988045197,98.0,94.0654299216,88.0,752.986920552,752.236858872,1.10000546897,0.0763822893024,2.90001441819,0.0,$day.aqius.max.raw,$day.aqius.min.raw
2019-09-26,11.9,6.75980851738,3.7,5.48346911631,4.14424661403,3.26838709985,98.0,84.8624793296,59.0,752.461877376,750.43671084,1.9000094464,0.252773005333,5.80002883637,0.0,$day.aqius.max.raw,$day.aqius.min.raw
2019-09-27,9.0,6.01179827333,0.3,7.60350309415,5.06018278811,-0.0199033030167,99.0,93.736434483,87.0,751.9368342,750.43671084,1.10000546897,0.0937504661051,4.50002237305,0.0,$day.aqius.max.raw,$day.aqius.min.raw
2019-09-28,10.8,8.09278211806,4.8,8.7933127736,6.94041797523,4.51093630867,99.0,92.6144820602,82.0,753.211939056,749.911667664,0.80000397743,0.0789240035026,3.3000164069,0.0,$day.aqius.max.raw,$day.aqius.min.raw
2019-09-29,10.8,9.40447454793,7.8,9.64521942863,8.11710106898,6.42310842628,97.0,91.7418778693,83.0,749.986673832,742.111026192,3.3000164069,1.02576056241,6.50003231662,0.0,$day.aqius.max.raw,$day.aqius.min.raw
2019-09-30,14.2,11.9127129157,9.9,12.6517134669,11.27961065,9.44595256889,99.0,95.9501880787,88.0,742.111026192,734.160372384,3.10001541254,1.4796254119,8.60004275738,6.858,$day.aqius.max.raw,$day.aqius.min.raw
2019-10-01,15.6,11.7748012794,3.9,14.4381061282,10.7908656537,3.17285025609,99.0,93.8052228009,77.0,741.210952176,731.610162672,3.3000164069,0.790012608311,9.60004772917,4.572,$day.aqius.max.raw,$day.aqius.min.raw
2019-10-02,10.6,6.93024248634,3.9,9.02764393814,5.77782734899,3.07079979991,95.0,92.3924180328,89.0,741.81100152,739.860841152,5.10002535612,2.56578119908,11.0000546897,0.0,$day.aqius.max.raw,$day.aqius.min.raw
 
 
2019-10-05,8.6,4.96709131484,1.1,5.23234292329,2.87711315098,-0.354692968478,92.0,86.5128917379,74.0,751.111766352,747.886501128,2.60001292665,1.05574242839,5.60002784201,0.0,$day.aqius.max.raw,$day.aqius.min.raw
2019-10-06,3.3,1.87157943737,0.8,1.62091373859,0.488112696569,-0.400786713307,96.0,90.628220583,83.0,751.18677252,745.56130992,3.90001938997,2.09717586207,8.10004027148,0.0,$day.aqius.max.raw,$day.aqius.min.raw
2019-10-07,3.5,2.36127772451,1.2,0.790245289012,0.199557406288,-0.523148132885,95.0,85.7609522703,78.0,745.93634076,744.961260576,2.60001292665,1.60827574086,8.0000397743,0.0,$day.aqius.max.raw,$day.aqius.min.raw
2019-10-08,5.3,2.79357187751,0.8,1.15791575109,0.159506175494,-0.958271439198,90.0,83.023983576,71.0,748.861581312,745.486303752,3.40001690408,1.90676990757,9.50004723199,0.0,$day.aqius.max.raw,$day.aqius.min.raw
2019-10-09,5.2,3.90931134259,2.9,4.11188856788,3.10660867811,1.08654796751,98.0,94.5325810185,86.0,748.036513464,743.536143384,3.90001938997,1.90550281862,9.00004474609,2.286,$day.aqius.max.raw,$day.aqius.min.raw
2019-10-10,9.1,6.39125434028,4.1,8.64887922661,5.96362958837,3.21530126305,99.0,97.0915943287,92.0,747.136439448,739.410804144,1.4000069605,0.40813570971,4.30002137869,10.414,$day.aqius.max.raw,$day.aqius.min.raw
2019-10-11,11.9,8.75878038194,6.6,9.35400194444,7.78639005663,6.45396857928,99.0,93.8839699074,75.0,747.211445616,740.160865824,1.30000646332,0.375001864421,7.00003480252,0.0,$day.aqius.max.raw,$day.aqius.min.raw
2019-10-12,10.8,9.26474103009,8.2,10.3426487889,8.37415966753,6.97791321366,97.0,94.1933738426,86.0,747.43646412,739.260791808,6.00002983073,2.76304082972,15.100075074,5.08,$day.aqius.max.raw,$day.aqius.min.raw
2019-10-13,12.6,9.56404658565,8.2,9.48259288289,8.11867554723,7.39121869428,97.0,90.854296875,78.0,749.086599816,740.835921336,2.40001193229,1.10106594878,8.0000397743,2.032,$day.aqius.max.raw,$day.aqius.min.raw
2019-10-14,13.5,8.4456062342,5.2,12.9460968412,7.83878931614,4.7142166003,99.0,95.9923386195,91.0,751.9368342,743.611149552,1.60000795486,0.266667992477,8.80004375174,11.684,$day.aqius.max.raw,$day.aqius.min.raw
2019-10-15,13.3,6.64754398996,-0.6,12.3539719681,5.23476574019,-0.876340598828,98.0,90.7677657194,83.0,759.137426328,744.136192728,2.90001441819,0.979171534876,7.60003778559,0.0,$day.aqius.max.raw,$day.aqius.min.raw
2019-10-16,9.7,4.78855394899,-0.6,7.97459759777,2.69688925828,-0.876340598828,99.0,86.7149757743,75.0,760.112506512,751.336784856,3.90001938997,1.52851454386,8.0000397743,0.0,$day.aqius.max.raw,$day.aqius.min.raw
2019-10-17,18.3,13.3602978871,9.4,12.9877105943,10.4243398869,7.77737641439,97.0,82.9244212963,70.0,751.336784856,747.43646412,3.60001789844,1.94282215925,8.10004027148,0.762,$day.aqius.max.raw,$day.aqius.min.raw
2019-10-18,13.9,11.192676427,9.1,11.6378555584,10.4052514228,8.74851391094,99.0,95.0636080615,80.0,752.911914384,747.961507296,1.10000546897,0.176589419627,5.00002485894,0.254,$day.aqius.max.raw,$day.aqius.min.raw
2019-10-19,17.0,12.9245862269,9.3,12.5423544456,10.6922569978,9.15072385402,99.0,87.012962963,71.0,753.8119884,752.386871208,3.60001789844,1.25423511307,7.1000352997,0.0,$day.aqius.max.raw,$day.aqius.min.raw
2019-10-20,15.1,11.3814639872,8.6,12.2827492639,10.0013768879,7.84432789303,99.0,91.3748408565,81.0,754.112013072,752.536883544,2.10001044075,0.361745143419,4.30002137869,0.0,$day.aqius.max.raw,$day.aqius.min.raw
2019-10-21,15.3,10.9641781318,7.9,12.4276163427,9.92026699262,7.75241075197,99.0,93.5189091435,83.0,754.262025408,750.211692336,3.10001541254,0.938893556845,8.5000422602,3.556,$day.aqius.max.raw,$day.aqius.min.raw
2019-10-22,11.4,8.48238570602,6.3,10.6270758519,7.59133361203,6.15432690482,99.0,94.2991254673,81.0,756.512210448,750.286698504,3.10001541254,0.780821997183,7.00003480252,0.0,$day.aqius.max.raw,$day.aqius.min.raw
2019-10-23,13.1,11.7534168943,10.4,11.5214893294,9.26689391443,7.37757713027,95.0,84.877025463,76.0,752.761902048,749.086599816,2.60001292665,1.11224408407,8.30004126584,0.0,$day.aqius.max.raw,$day.aqius.min.raw
2019-10-24,10.6,9.37660747666,8.3,8.79613291529,7.89731842351,6.98757013337,98.0,90.5927618453,81.0,755.237105592,752.68689588,0.80000397743,0.0611114149426,2.90001441819,0.0,$day.aqius.max.raw,$day.aqius.min.raw
2019-10-25,13.3,9.34744166957,4.9,8.26158954186,6.91364765504,4.41566034719,99.0,85.3324797454,70.0,755.6871426,750.136686168,3.10001541254,1.13386269748,7.60003778559,0.0,$day.aqius.max.raw,$day.aqius.min.raw
2019-10-26,13.5,11.0711313657,8.2,9.82823752387,8.18515443782,5.99830691243,93.0,82.8459201389,66.0,750.136686168,743.536143384,3.90001938997,1.93883197738,12.300061153,0.0,$day.aqius.max.raw,$day.aqius.min.raw
2019-10-27,14.2,13.0236418335,11.3,11.7126943568,10.7831984332,6.26629019392,92.0,86.346251313,62.0,743.536143384,733.110286032,5.30002635048,2.61515333757,15.6000775599,0.762,$day.aqius.max.raw,$day.aqius.min.raw
2019-10-28,13.4,5.28706597222,-1.4,6.91961667289,1.35866959712,-2.28383778455,94.0,76.1415075231,61.0,748.861581312,733.785341544,7.30003629405,3.19414059116,19.5000969499,0.0,$day.aqius.max.raw,$day.aqius.min.raw
2019-10-29,5.1,1.20876255472,-2.1,2.72555103454,-0.101545459772,-2.8344023455,99.0,91.2368055556,74.0,749.161605984,744.4362174,4.30002137869,1.06602121557,7.80003877995,6.35,$day.aqius.max.raw,$day.aqius.min.raw
2019-10-30,1.6,-0.994678625736,-1.9,0.886608654327,-2.35830870158,-4.45988479233,97.0,90.4912481356,82.0,754.112013072,744.586229736,4.30002137869,2.85070861749,9.80004872352,0.508,$day.aqius.max.raw,$day.aqius.min.raw
2019-10-31,-1.7,-2.47746584552,-3.8,-3.21968078967,-4.98416324732,-6.83411968423,92.0,83.0573152749,70.0,755.987167272,752.536883544,3.40001690408,2.06491226194,7.1000352997,0.0,$day.aqius.max.raw,$day.aqius.min.raw
2019-11-01,1.2,0.0155874871668,-1.9,0.195287653445,-1.63387970826,-4.39703335446,95.0,88.7181134259,80.0,752.536883544,748.336538136,3.60001789844,1.84654563892,9.30004623763,0.254,$day.aqius.max.raw,$day.aqius.min.raw
2019-11-02,3.8,1.44111226731,0.1,1.47955450908,0.267531670716,-0.60448906344,96.0,91.9746196052,83.0,751.786821864,749.011593648,3.60001789844,1.30566637713,7.1000352997,0.0,$day.aqius.max.raw,$day.aqius.min.raw
2019-11-03,5.0,3.21118923611,1.7,4.56373009427,2.15293720462,0.270225582811,98.0,92.8870949074,83.0,749.161605984,742.5610632,5.30002635048,3.7899830221,11.7000581699,5.334,$day.aqius.max.raw,$day.aqius.min.raw
2019-11-04,9.7,7.46579137731,4.9,8.99332762409,6.92654070807,4.46408921107,98.0,96.3954571759,94.0,743.31112488,738.660742464,5.30002635048,2.80451625821,11.5000571756,0.0,$day.aqius.max.raw,$day.aqius.min.raw
2019-11-05,12.7,10.8117124303,9.3,12.5465872187,10.2655024265,8.83818873347,99.0,96.4339409722,92.0,738.8107548,731.610162672,3.80001889279,1.64870322011,10.600052701,5.588,$day.aqius.max.raw,$day.aqius.min.raw
2019-11-06,10.6,7.29793286553,2.8,9.14705117242,6.16686322951,2.42523991169,99.0,92.6830230973,85.0,738.8107548,734.385390888,5.00002485894,2.10638669161,11.7000581699,6.604,$day.aqius.max.raw,$day.aqius.min.raw
2019-11-07,2.8,0.663140460348,0.0,2.65847486562,0.124522546236,-0.895355477758,99.0,96.2139977893,89.0,750.511717008,736.710582096,2.30001143511,0.829105684617,5.30002635048,3.81,$day.aqius.max.raw,$day.aqius.min.raw
2019-11-08,4.8,2.13321221377,0.2,4.65611193405,1.99246411988,0.0615174469738,99.0,99.0,99.0,758.987413992,750.511717008,1.30000646332,0.219002824941,3.3000164069,0.0,$day.aqius.max.raw,$day.aqius.min.raw
2019-11-09,4.8,3.90237399272,2.8,4.65611193405,3.47390813334,2.22619352401,99.0,97.0471354167,93.0,759.962494176,754.637056248,3.80001889279,1.47474142498,9.60004772917,1.524,$day.aqius.max.raw,$day.aqius.min.raw
2019-11-10,9.7,6.9908275463,4.7,9.24668511883,6.75379213555,4.36444818028,99.0,98.3920572917,97.0,754.712062416,752.31186504,2.30001143511,0.584186932217,8.0000397743,0.762,$day.aqius.max.raw,$day.aqius.min.raw
2019-11-11,9.2,7.86688461278,6.9,8.90035789088,7.34840905977,6.45687883166,99.0,96.5371527778,93.0,752.386871208,745.711322256,2.40001193229,0.846391111435,7.00003480252,3.048,$day.aqius.max.raw,$day.aqius.min.raw
2019-11-12,7.9,4.15041102491,1.4,7.75241075197,3.32607299471,0.687224792254,99.0,94.3738514305,87.0,760.337525016,745.786328424,3.3000164069,1.46762062816,8.30004126584,3.048,$day.aqius.max.raw,$day.aqius.min.raw
2019-11-13,5.6,3.26940013366,1.8,3.14970458057,1.78132559892,0.739583434587,95.0,90.0460792824,84.0,760.862568192,758.31235848,3.40001690408,1.1375438343,7.1000352997,0.0,$day.aqius.max.raw,$day.aqius.min.raw
2019-11-14,8.2,2.91122679737,0.1,4.4845028715,1.57629413203,-0.598008744952,99.0,91.3314637451,75.0,759.06242016,756.962247456,2.60001292665,0.659200325999,6.80003380816,0.0,$day.aqius.max.raw,$day.aqius.min.raw
2019-11-15,3.7,1.08760725995,-1.0,2.26968935673,0.388022507576,-1.17564214634,99.0,95.1309027778,89.0,760.93757436,758.987413992,1.80000894922,0.524138890617,4.60002287023,0.254,$day.aqius.max.raw,$day.aqius.min.raw
2019-11-16,4.3,2.44788063691,0.1,4.15670449989,1.78026272911,-0.60448906344,99.0,95.3578057164,92.0,759.587463336,757.712309136,1.80000894922,0.708746701555,7.50003728841,0.254,$day.aqius.max.raw,$day.aqius.min.raw
2019-11-17,6.8,5.66487008223,4.3,6.40639164794,5.36117805954,4.15670449989,99.0,97.9271701389,95.0,760.412531184,758.68738932,1.80000894922,0.531951429459,5.10002535612,0.0,$day.aqius.max.raw,$day.aqius.min.raw
2019-11-18,6.3,5.50066261574,4.7,6.15432690482,5.35138883497,4.55623054498,99.0,98.9689814815,98.0,761.087586696,759.437451,1.60000795486,0.318360957815,3.60001789844,0.0,$day.aqius.max.raw,$day.aqius.min.raw
2019-11-19,5.1,4.34489872685,3.3,4.95575580801,4.00650856247,3.15788596568,99.0,97.6607638889,95.0,764.68788276,761.087586696,1.60000795486,0.379168551803,5.10002535612,0.0,$day.aqius.max.raw,$day.aqius.min.raw
2019-11-20,4.9,2.46766493056,-2.6,4.61069799868,1.12077132112,-5.56656014243,99.0,90.8869646991,80.0,772.113493392,764.68788276,3.60001789844,1.57628098504,8.30004126584,0.0,$day.aqius.max.raw,$day.aqius.min.raw
2019-11-21,-2.5,-5.76078528156,-9.3,-5.30575056189,-8.38877058735,-9.98428828399,96.0,82.0326504509,68.0,773.913641424,772.113493392,2.90001441819,1.03763970751,6.30003132226,0.0,$day.aqius.max.raw,$day.aqius.min.raw
2019-11-22,-2.5,-7.33997230355,-10.2,-8.1579567546,-10.0292120772,-11.4218169261,95.0,81.8701285376,60.0,773.388598248,771.288425544,2.40001193229,1.18013226204,5.10002535612,0.0,$day.aqius.max.raw,$day.aqius.min.raw
2019-11-23,-4.1,-8.34753441262,-12.3,-7.78895180279,-10.6429391347,-13.0631877057,95.0,83.9386962518,68.0,771.363431712,767.163086304,2.60001292665,0.646287935413,5.30002635048,0.0,$day.aqius.max.raw,$day.aqius.min.raw
2019-11-24,-2.3,-6.00262923374,-8.6,-8.25925579133,-9.54171685455,-10.9223274235,87.0,76.413054127,61.0,767.238092472,762.887734728,2.60001292665,1.05553841802,4.80002386458,0.0,$day.aqius.max.raw,$day.aqius.min.raw
2019-11-25,-4.1,-6.62973407475,-8.6,-6.67767809695,-8.28203295513,-9.44508087496,96.0,88.132705234,81.0,762.962740896,759.212432496,2.60001292665,0.930993146615,4.50002237305,0.0,$day.aqius.max.raw,$day.aqius.min.raw
2019-11-26,-2.8,-6.45234626821,-11.2,-4.06086318516,-8.25006742019,-12.8286432093,93.0,87.0192340893,80.0,759.212432496,753.361951392,2.80001392101,1.57084619173,5.50002734483,0.0,$day.aqius.max.raw,$day.aqius.min.raw
2019-11-27,-0.5,-1.45679542824,-2.8,-1.44432631905,-2.55739390227,-4.06086318516,94.0,92.1970775463,90.0,753.361951392,749.836661496,2.30001143511,1.04792187669,6.10003032791,0.0,$day.aqius.max.raw,$day.aqius.min.raw
2019-11-28,-0.2,-0.72892505787,-1.3,-1.6373410934,-1.92790618881,-2.28385362161,96.0,91.6005232547,87.0,749.836661496,746.461383936,3.10001541254,1.69118404837,7.00003480252,0.0,$day.aqius.max.raw,$day.aqius.min.raw
2019-11-29,3.0,1.75404760262,-0.6,2.61544556387,1.17311414235,-1.88452690887,98.0,95.9171147383,91.0,746.461383936,739.18578564,3.80001889279,2.1965378086,9.80004872352,4.318,$day.aqius.max.raw,$day.aqius.min.raw
2019-11-30,3.4,1.35284218841,-2.2,2.86981500617,0.616206588567,-5.17659945847,99.0,94.9450062592,80.0,742.486057032,736.335551256,2.60001292665,1.50833208235,8.5000422602,5.08,$day.aqius.max.raw,$day.aqius.min.raw
2019-12-01,-1.8,-2.72396778267,-4.7,-4.40722934543,-5.26342945817,-6.08509256387,92.0,82.7466772964,76.0,749.611642992,742.486057032,2.60001292665,1.47968145443,7.30003629405,0.0,$day.aqius.max.raw,$day.aqius.min.raw
2019-12-02,-2.3,-3.85399594907,-5.7,-3.28860539615,-4.74876088302,-6.3705912873,96.0,93.4955088718,90.0,749.461630656,745.636316088,3.60001789844,2.24602337759,8.10004027148,0.0,$day.aqius.max.raw,$day.aqius.min.raw
2019-12-03,-1.7,-2.54657098682,-3.4,-2.45162397771,-3.68152103519,-5.14921216239,98.0,92.0179360812,82.0,747.361457952,744.886254408,2.40001193229,0.884825187672,6.10003032791,0.0,$day.aqius.max.raw,$day.aqius.min.raw
2019-12-04,0.3,-1.67451359833,-3.4,0.161401035609,-2.4349439187,-4.41071121805,99.0,94.555787037,90.0,747.661482624,742.18603236,3.80001889279,1.5369868082,10.3000512094,0.0,$day.aqius.max.raw,$day.aqius.min.raw
2019-12-05,2.8,1.94642361111,0.3,2.45871008344,1.62219972973,0.161401035609,99.0,97.7315248843,92.0,745.861334592,743.161112544,1.60000795486,0.850380385297,7.60003778559,1.524,$day.aqius.max.raw,$day.aqius.min.raw
2019-12-06,2.7,2.00079207951,1.5,1.68265817741,0.311301824233,-1.23350122438,96.0,88.6974366937,78.0,744.361211232,739.18578564,3.80001889279,1.62134242092,9.80004872352,0.0,$day.aqius.max.raw,$day.aqius.min.raw
2019-12-07,1.8,1.21753761574,-0.5,1.41827527188,-0.127806565801,-2.5493054206,98.0,90.7961371528,84.0,742.336044696,737.910680784,4.10002038433,1.91887622527,9.30004623763,0.254,$day.aqius.max.raw,$day.aqius.min.raw
2019-12-08,3.7,1.65191464363,-0.5,1.9583508802,0.0329293237222,-2.5493054206,94.0,89.0094448561,83.0,741.886007688,736.335551256,5.30002635048,3.20115740845,11.8000586671,0.0,$day.aqius.max.raw,$day.aqius.min.raw
2019-12-09,4.3,3.32170722435,2.0,3.27224909296,2.13736679604,-0.523148132885,96.0,92.0216724537,81.0,743.461137216,738.510730128,6.30003132226,4.03378741615,13.0000646332,0.508,$day.aqius.max.raw,$day.aqius.min.raw
2019-12-10,4.4,3.70668103741,2.3,3.61950165096,3.03756248038,1.87337443962,97.0,95.3884250179,93.0,748.861581312,743.461137216,3.90001938997,2.10249959336,7.60003778559,0.0,$day.aqius.max.raw,$day.aqius.min.raw
2019-12-11,3.8,0.455943287037,-1.6,3.51331401438,-0.488599713524,-2.72684191436,99.0,93.3632392395,89.0,757.037253624,748.861581312,1.30000646332,0.354156853377,5.30002635048,0.0,$day.aqius.max.raw,$day.aqius.min.raw
2019-12-12,2.4,1.04750157993,-1.5,1.67408455503,0.453782311654,-2.48217724678,99.0,95.8238859954,91.0,756.887241288,753.211939056,3.10001541254,1.00121120575,7.00003480252,0.254,$day.aqius.max.raw,$day.aqius.min.raw
2019-12-13,2.4,1.24078993056,-0.2,1.08285178027,-0.0883410190593,-1.23461356531,98.0,90.8975549769,85.0,753.211939056,749.611642992,3.10001541254,1.97493314066,6.80003380816,0.0,$day.aqius.max.raw,$day.aqius.min.raw
2019-12-14,1.3,0.627983217593,-0.3,0.179391600343,-0.505903205273,-1.29216142326,97.0,92.1226439616,88.0,750.06168,748.486550472,4.10002038433,2.33827117394,8.5000422602,0.0,$day.aqius.max.raw,$day.aqius.min.raw
2019-12-15,1.6,0.420877631786,-0.7,1.45988323981,-0.108677485679,-1.5877707331,99.0,96.2482638889,91.0,748.636562808,742.5610632,3.80001889279,2.55514189493,8.30004126584,3.556,$day.aqius.max.raw,$day.aqius.min.raw
2019-12-16,3.1,2.14917526853,0.8,2.67052807371,1.71098403707,0.660818245586,99.0,96.9279224537,94.0,744.06118656,742.336044696,4.30002137869,2.9275536176,9.50004723199,3.556,$day.aqius.max.raw,$day.aqius.min.raw
2019-12-17,2.9,2.02086827953,1.4,2.31615431495,1.61796785043,0.976565309278,99.0,97.1716916038,93.0,748.786575144,744.06118656,3.80001889279,1.36279102432,9.30004623763,1.778,$day.aqius.max.raw,$day.aqius.min.raw
2019-12-18,7.1,2.99092826354,0.3,5.95592407929,2.76319675599,0.161401035609,99.0,98.4282262731,90.0,749.31161832,738.43572396,4.60002287023,1.86255687007,11.8000586671,1.778,$day.aqius.max.raw,$day.aqius.min.raw
2019-12-19,7.1,3.77029320181,1.7,5.57152248336,0.743153568569,-0.941215992074,90.0,80.6709780093,73.0,751.9368342,738.510730128,6.6000328138,3.97640865865,15.0000745768,0.0,$day.aqius.max.raw,$day.aqius.min.raw
2019-12-20,1.8,0.386925055449,-1.2,-0.709703343019,-1.42674169181,-2.37912957631,92.0,87.6420428241,82.0,753.886994568,750.961754016,3.80001889279,1.53364556464,8.5000422602,0.0,$day.aqius.max.raw,$day.aqius.min.raw
2019-12-21,2.6,1.12209567619,-1.4,1.08285178027,-1.11512128128,-2.42970052159,94.0,85.3094039352,72.0,750.961754016,743.236118712,3.80001889279,1.90471844117,7.30003629405,0.0,$day.aqius.max.raw,$day.aqius.min.raw
2019-12-22,3.8,2.98543113426,2.3,3.51331401438,2.27308008284,1.08285178027,98.0,95.0654224537,91.0,743.31112488,741.06093984,3.60001789844,2.58738410229,7.80003877995,0.0,$day.aqius.max.raw,$day.aqius.min.raw
2019-12-23,7.3,5.79684629484,3.7,7.15313077561,5.5695778406,3.26838709985,99.0,98.4407190696,97.0,743.386131048,739.56081648,3.90001938997,2.79376388993,8.30004126584,1.016,$day.aqius.max.raw,$day.aqius.min.raw
2019-12-24,7.9,6.10761284722,2.8,7.75241075197,5.89978399374,2.65847486562,99.0,98.5751012731,97.0,746.3113716,743.386131048,3.3000164069,0.923984628555,6.80003380816,0.254,$day.aqius.max.raw,$day.aqius.min.raw
2019-12-25,2.9,0.994749710648,-0.2,2.75835718339,0.827338852823,-0.338017396365,99.0,98.8017361111,98.0,747.361457952,745.93634076,2.80001392101,1.50159520214,6.00002983073,0.0,$day.aqius.max.raw,$day.aqius.min.raw
2019-12-26,1.0,0.375888310185,-0.4,0.860584787419,0.237200388116,-0.537785111315,99.0,99.0,99.0,747.286451784,746.611396272,1.30000646332,0.134827059217,2.90001441819,0.508,$day.aqius.max.raw,$day.aqius.min.raw
2019-12-27,0.4,0.028755787037,-0.2,0.261284575364,-0.263538014905,-0.759597077076,99.0,97.9018516703,96.0,750.586723176,746.161359264,1.9000094464,0.525753130879,5.00002485894,0.0,$day.aqius.max.raw,$day.aqius.min.raw
2019-12-28,0.8,-1.26945476547,-3.5,0.520388284268,-1.91870939128,-4.60882109812,99.0,95.3357698212,91.0,761.3126052,750.586723176,4.10002038433,2.6068020568,8.10004027148,0.0,$day.aqius.max.raw,$day.aqius.min.raw
2019-12-29,-3.4,-4.392630511,-5.2,-4.24324408279,-5.16294784096,-5.99563511504,97.0,94.3521993162,91.0,763.1877594,759.887488008,2.80001392101,1.53789799261,6.10003032791,0.0,$day.aqius.max.raw,$day.aqius.min.raw
2019-12-30,0.8,-2.81907118056,-5.1,0.121324850757,-3.39903646899,-5.77405930931,99.0,95.7712094907,91.0,759.887488008,736.410557424,6.00002983073,3.37758768377,11.5000571756,0.0,$day.aqius.max.raw,$day.aqius.min.raw
2019-12-31,2.7,1.84890113301,0.6,2.31615431495,1.44190803812,-0.0543087493535,99.0,97.1327526132,94.0,736.410557424,732.81026136,3.10001541254,1.75229529736,11.7000581699,5.08,$day.aqius.max.raw,$day.aqius.min.raw

    

