Time,TemperatureC,DewpointC,PressurehPa,WindDirection,WindDirectionDegrees,WindSpeedKMH,WindSpeedGustKMH,Humidity,HourlyPrecipMM,Conditions,Clouds,dailyrainMM,SoftwareType,DateUTC
                
2020-01-21 00:00:00,1.4,-0.367096442473,753.521554069,  ,  ,2.30001143511,4.60002287023,88.0,0.0,  ,  ,0.0,  ,  
2020-01-21 00:05:00,1.4,-0.367096442473,753.511963728,  ,  ,2.27490670779,3.90001938997,88.0,0.0,  ,  ,0.0,  ,  
2020-01-21 00:10:00,1.4,-0.367096442473,753.511963728,  ,  ,1.9000094464,4.30002137869,88.0,0.0,  ,  ,0.0,  ,  
2020-01-21 00:15:00,1.4,-0.367096442473,753.250249668,  ,  ,1.89375941532,5.10002535612,88.0,0.0,  ,  ,0.0,  ,  
2020-01-21 00:20:00,1.4,-0.367096442473,753.211939056,  ,  ,1.80000894922,4.60002287023,88.0,0.0,  ,  ,0.0,  ,  
2020-01-21 00:25:00,1.4,-0.367096442473,753.211939056,  ,  ,1.80000894922,3.10001541254,88.0,0.0,  ,  ,0.0,  ,  
2020-01-21 00:30:00,1.4,-0.367096442473,753.146505747,  ,  ,1.80000894922,5.60002784201,88.0,0.0,  ,  ,0.0,  ,  
2020-01-21 00:35:00,1.4,-0.367096442473,753.136932888,  ,  ,1.78750888707,4.30002137869,88.0,0.0,  ,  ,0.0,  ,  
2020-01-21 00:40:00,1.4,-0.367096442473,753.136932888,  ,  ,1.60000795486,4.50002237305,88.0,0.0,  ,  ,0.0,  ,  
2020-01-21 00:45:00,1.4,-0.367096442473,752.809829908,  ,  ,1.61875804808,5.80002883637,88.0,0.0,  ,  ,0.0,  ,  
2020-01-21 00:50:00,1.4,-0.367096442473,752.761902048,  ,  ,1.9000094464,4.80002386458,88.0,0.0,  ,  ,0.0,  ,  
2020-01-21 00:55:00,1.4,-0.367096442473,752.761902048,  ,  ,1.92500957069,8.0000397743,88.0,0.0,  ,  ,0.0,  ,  
2020-01-21 01:00:00,1.4,-0.367096442473,752.565625967,  ,  ,2.30001143511,3.80001889279,88.0,0.0,  ,  ,0.0,  ,  
2020-01-21 01:05:00,1.4,-0.367096442473,752.536883544,  ,  ,2.26876127974,4.80002386458,88.0,0.0,  ,  ,0.0,  ,  
2020-01-21 01:10:00,1.4,-0.367096442473,752.536883544,  ,  ,1.80000894922,5.50002734483,88.0,0.0,  ,  ,0.0,  ,  
2020-01-21 01:15:00,1.4,-0.367096442473,752.471453424,  ,  ,1.80625898029,5.30002635048,88.0,0.0,  ,  ,0.0,  ,  
2020-01-21 01:20:00,1.4,-0.367096442473,752.461877376,  ,  ,1.9000094464,5.00002485894,88.0,0.0,  ,  ,0.0,  ,  
2020-01-21 01:25:00,1.4,-0.367096442473,752.461877376,  ,  ,1.9000094464,6.00002983073,88.0,0.0,  ,  ,0.0,  ,  
2020-01-21 01:30:00,1.4,-0.367096442473,752.330952097,  ,  ,1.9000094464,7.1000352997,88.0,0.0,  ,  ,0.0,  ,  
2020-01-21 01:35:00,1.4,-0.367096442473,752.31186504,  ,  ,1.95625972606,6.10003032791,88.0,0.0,  ,  ,0.0,  ,  
2020-01-21 01:40:00,1.4,-0.367096442473,752.31186504,  ,  ,2.80001392101,6.50003231662,88.0,0.0,  ,  ,0.0,  ,  
2020-01-21 01:45:00,1.4,-0.367096442473,751.919312878,  ,  ,2.80626395208,9.30004623763,88.0,0.0,  ,  ,0.0,  ,  
2020-01-21 01:50:00,1.4,-0.367096442473,751.861828032,  ,  ,2.90001441819,5.00002485894,88.0,0.0,  ,  ,0.0,  ,  
2020-01-21 01:55:00,1.4,-0.367096442473,751.861828032,  ,  ,2.83751410745,6.10003032791,88.0,0.0,  ,  ,0.0,  ,  
2020-01-21 02:00:00,1.4,-0.367096442473,751.600107553,  ,  ,1.9000094464,5.50002734483,88.0,0.0,  ,  ,0.0,  ,  
2020-01-21 02:05:00,1.4,-0.367096442473,751.56180336,  ,  ,1.93125960177,6.10003032791,88.0,0.0,  ,  ,0.0,  ,  
2020-01-21 02:10:00,1.4,-0.367096442473,751.56180336,  ,  ,2.40001193229,7.00003480252,88.0,0.0,  ,  ,0.0,  ,  
2020-01-21 02:15:00,1.4,-0.367096442473,751.496378,  ,  ,2.40001193229,7.1000352997,88.0,0.0,  ,  ,0.0,  ,  
2020-01-21 02:20:00,1.4,-0.367096442473,751.486797192,  ,  ,2.40001193229,6.00002983073,88.0,0.0,  ,  ,0.0,  ,  
2020-01-21 02:25:00,1.4,-0.367096442473,751.486797192,  ,  ,2.40001193229,4.60002287023,88.0,0.0,  ,  ,0.0,  ,  
2020-01-21 02:30:00,1.4,-0.367096442473,751.421367072,  ,  ,2.40001193229,6.50003231662,88.0,0.0,  ,  ,0.0,  ,  
2020-01-21 02:35:00,1.4,-0.367096442473,751.411791024,  ,  ,2.39376190122,5.50002734483,88.0,0.0,  ,  ,0.0,  ,  
2020-01-21 02:40:00,1.4,-0.367096442473,751.411791024,  ,  ,2.30001143511,6.80003380816,88.0,0.0,  ,  ,0.0,  ,  
2020-01-21 02:45:00,1.4,-0.367096442473,751.215474432,  ,  ,2.31876152833,5.50002734483,88.0,0.0,  ,  ,0.0,  ,  
2020-01-21 02:50:00,1.4,-0.367096442473,751.18677252,  ,  ,2.60001292665,5.50002734483,88.0,0.0,  ,  ,0.0,  ,  
2020-01-21 02:55:00,1.4,-0.367096442473,751.18677252,  ,  ,2.5875128645,7.1000352997,88.0,0.0,  ,  ,0.0,  ,  
2020-01-21 03:00:00,1.4,-0.367096442473,750.990486975,  ,  ,2.40001193229,6.00002983073,88.0,0.0,  ,  ,0.0,  ,  
2020-01-21 03:05:00,1.4,-0.367096442473,750.961754016,  ,  ,2.40001193229,6.00002983073,88.0,0.0,  ,  ,0.0,  ,  
2020-01-21 03:10:00,1.4,-0.367096442473,750.961754016,  ,  ,2.40001193229,4.10002038433,88.0,0.0,  ,  ,0.0,  ,  
2020-01-21 03:15:00,1.4,-0.367096442473,750.830887399,  ,  ,2.36876177692,7.60003778559,88.0,0.0,  ,  ,0.0,  ,  
2020-01-21 03:20:00,1.4,-0.367096442473,750.81174168,  ,  ,1.9000094464,3.40001690408,88.0,0.0,  ,  ,0.0,  ,  
2020-01-21 03:25:00,1.4,-0.367096442473,750.81174168,  ,  ,1.88125935318,3.90001938997,88.0,0.0,  ,  ,0.0,  ,  
2020-01-21 03:30:00,1.4,-0.367096442473,750.549891121,  ,  ,1.60000795486,3.90001938997,88.0,0.0,  ,  ,0.0,  ,  
2020-01-21 03:35:00,1.4,-0.367096442473,750.511717008,  ,  ,1.61250801701,5.10002535612,88.0,0.0,  ,  ,0.0,  ,  
2020-01-21 03:40:00,1.4,-0.367096442473,750.511717008,  ,  ,1.80000894922,3.90001938997,88.0,0.0,  ,  ,0.0,  ,  
2020-01-21 03:45:00,1.4,-0.367096442473,750.250015567,  ,  ,1.80625898029,5.60002784201,88.0,0.0,  ,  ,0.0,  ,  
2020-01-21 03:50:00,1.4,-0.367096442473,750.211692336,  ,  ,1.9000094464,4.50002237305,88.0,0.0,  ,  ,0.0,  ,  
2020-01-21 03:55:00,1.4,-0.367096442473,750.211692336,  ,  ,1.9000094464,4.80002386458,88.0,0.0,  ,  ,0.0,  ,  
2020-01-21 04:00:00,1.4,-0.367096442473,749.949971857,  ,  ,1.9000094464,6.6000328138,88.0,0.0,  ,  ,0.0,  ,  
2020-01-21 04:05:00,1.4,-0.367096442473,749.911667664,  ,  ,1.9000094464,6.50003231662,88.0,0.0,  ,  ,0.0,  ,  
2020-01-21 04:10:00,1.4,-0.367096442473,749.911667664,  ,  ,1.9000094464,4.60002287023,88.0,0.0,  ,  ,0.0,  ,  
2020-01-21 04:15:00,1.4,-0.367096442473,749.649966223,  ,  ,1.9000094464,5.10002535612,88.0,0.0,  ,  ,0.0,  ,  
2020-01-21 04:20:00,1.4,-0.367096442473,749.611642992,  ,  ,1.9000094464,6.30003132226,88.0,0.0,  ,  ,0.0,  ,  
2020-01-21 04:25:00,1.4,-0.367096442473,749.611642992,  ,  ,1.94375966391,5.30002635048,88.0,0.0,  ,  ,0.0,  ,  
2020-01-21 04:30:00,1.4,-0.367096442473,749.415352633,  ,  ,2.60001292665,3.80001889279,88.0,0.0,  ,  ,0.0,  ,  
2020-01-21 04:35:00,1.4,-0.367096442473,749.386624488,  ,  ,2.55626270913,5.80002883637,88.0,0.0,  ,  ,0.0,  ,  
2020-01-21 04:40:00,1.4,-0.367096442473,749.386624488,  ,  ,1.9000094464,5.80002883637,88.0,0.0,  ,  ,0.0,  ,  
2020-01-21 04:45:00,1.4,-0.367096442473,749.190236569,  ,  ,1.94375966391,7.50003728841,88.0,0.0,  ,  ,0.0,  ,  
2020-01-21 04:50:00,1.4,-0.367096442473,749.161605984,  ,  ,2.60001292665,5.50002734483,88.0,0.0,  ,  ,0.0,  ,  
2020-01-21 04:55:00,1.4,-0.367096442473,749.161605984,  ,  ,2.5875128645,4.60002287023,88.0,0.0,  ,  ,0.0,  ,  
2020-01-21 05:00:00,1.4,-0.367096442473,748.899904543,  ,  ,2.40001193229,6.80003380816,88.0,0.0,  ,  ,0.0,  ,  
2020-01-21 05:05:00,1.4,-0.367096442473,748.861581312,  ,  ,2.43126208766,8.0000397743,88.0,0.0,  ,  ,0.0,  ,  
2020-01-21 05:10:00,1.4,-0.367096442473,748.861581312,  ,  ,2.90001441819,5.60002784201,88.0,0.0,  ,  ,0.0,  ,  
2020-01-21 05:15:00,1.4,-0.367096442473,748.599860833,  ,  ,2.86876426282,5.80002883637,88.0,0.0,  ,  ,0.0,  ,  
2020-01-21 05:20:00,1.4,-0.367096442473,748.56155664,  ,  ,2.40001193229,5.50002734483,88.0,0.0,  ,  ,0.0,  ,  
2020-01-21 05:25:00,1.4,-0.367096442473,748.56155664,  ,  ,2.36251174585,4.80002386458,88.0,0.0,  ,  ,0.0,  ,  
2020-01-21 05:30:00,1.4,-0.367096442473,748.430605401,  ,  ,1.80000894922,4.50002237305,88.0,0.0,  ,  ,0.0,  ,  
2020-01-21 05:35:00,1.4,-0.367096442473,748.411544304,  ,  ,1.80625898029,4.60002287023,88.0,0.0,  ,  ,0.0,  ,  
2020-01-21 05:40:00,1.4,-0.367096442473,748.411544304,  ,  ,1.9000094464,3.80001889279,88.0,0.0,  ,  ,0.0,  ,  
2020-01-21 05:45:00,1.4,-0.367096442473,748.149830244,  ,  ,1.89375941532,4.10002038433,88.0,0.0,  ,  ,0.0,  ,  
2020-01-21 05:50:00,1.4,-0.367096442473,748.111519632,  ,  ,1.80000894922,4.50002237305,88.0,0.0,  ,  ,0.0,  ,  
2020-01-21 05:55:00,1.4,-0.367096442473,748.111519632,  ,  ,1.83125910459,4.10002038433,88.0,0.0,  ,  ,0.254,  ,  
2020-01-21 06:00:00,1.4,-0.367096442473,747.915190987,  ,  ,2.30001143511,5.30002635048,88.0,0.0,  ,  ,0.254,  ,  
2020-01-21 06:05:00,1.4,-0.367096442473,747.886501128,  ,  ,2.27501131082,5.00002485894,88.0,0.0,  ,  ,0.254,  ,  
2020-01-21 06:10:00,1.4,-0.367096442473,747.886501128,  ,  ,1.9000094464,4.50002237305,88.0,0.0,  ,  ,0.254,  ,  
2020-01-21 06:15:00,1.4,-0.367096442473,747.493948966,  ,  ,1.9000094464,4.80002386458,88.0,0.0,  ,  ,0.254,  ,  
2020-01-21 06:20:00,1.4,-0.367096442473,747.43646412,  ,  ,1.9000094464,5.80002883637,88.0,0.0,  ,  ,0.254,  ,  
2020-01-21 06:25:00,1.4,-0.367096442473,747.43646412,  ,  ,1.91250950854,4.50002237305,88.0,0.0,  ,  ,0.254,  ,  
2020-01-21 06:30:00,1.4,-0.367096442473,747.043883402,  ,  ,2.10001044075,5.00002485894,88.0,0.0,  ,  ,0.508,  ,  
2020-01-21 06:35:00,1.4,-0.367096442473,746.986427112,  ,  ,2.10001044075,5.10002535612,88.0,0.0,  ,  ,0.508,  ,  
2020-01-21 06:40:00,1.4,-0.367096442473,746.986427112,  ,  ,2.10001044075,5.50002734483,88.0,0.0,  ,  ,0.508,  ,  
2020-01-21 06:45:00,1.4,-0.367096442473,746.724576553,  ,  ,2.08751037861,3.90001938997,88.0,0.0,  ,  ,0.508,  ,  
2020-01-21 06:50:00,1.4,-0.367096442473,746.68640244,  ,  ,1.9000094464,3.60001789844,88.0,0.0,  ,  ,0.508,  ,  
2020-01-21 06:55:00,1.4,-0.367096442473,746.68640244,  ,  ,1.89375941532,5.10002535612,88.0,0.0,  ,  ,0.508,  ,  
2020-01-21 07:00:00,1.4,-0.367096442473,746.62097708,  ,  ,1.80000894922,5.30002635048,88.0,0.0,  ,  ,0.508,  ,  
2020-01-21 07:05:00,1.4,-0.367096442473,746.611396272,  ,  ,1.81875904244,6.6000328138,88.0,0.0,  ,  ,0.508,  ,  
2020-01-21 07:10:00,1.4,-0.367096442473,746.611396272,  ,  ,2.10001044075,6.00002983073,88.0,0.0,  ,  ,0.508,  ,  
2020-01-21 07:15:00,1.4,-0.367096442473,746.415105913,  ,  ,2.08751037861,3.90001938997,88.0,0.0,  ,  ,0.762,  ,  
2020-01-21 07:20:00,1.4,-0.367096442473,746.386377768,  ,  ,1.9000094464,3.80001889279,88.0,0.0,  ,  ,0.762,  ,  
2020-01-21 07:25:00,1.4,-0.367096442473,746.386377768,  ,  ,1.9000094464,6.00002983073,88.0,0.0,  ,  ,0.762,  ,  
2020-01-21 07:30:00,1.4,-0.367096442473,746.189989849,  ,  ,1.9000094464,4.10002038433,88.0,0.0,  ,  ,0.762,  ,  
2020-01-21 07:35:00,1.4,-0.367096442473,746.161359264,  ,  ,1.89375941532,5.50002734483,88.0,0.0,  ,  ,1.016,  ,  
2020-01-21 07:40:00,1.4,-0.367096442473,746.161359264,  ,  ,1.80000894922,6.30003132226,88.0,0.0,  ,  ,1.016,  ,  
2020-01-21 07:45:00,1.4,-0.367096442473,745.965169153,  ,  ,1.83750913566,5.30002635048,88.0,0.0,  ,  ,1.016,  ,  
2020-01-21 07:50:00,1.4,-0.367096442473,745.93634076,  ,  ,2.40001193229,6.30003132226,88.0,1.23939758783,  ,  ,1.27,  ,  
2020-01-21 07:55:00,1.4,-0.367096442473,745.93634076,  ,  ,2.41251199444,8.5000422602,88.0,1.26999999741,  ,  ,1.27,  ,  
2020-01-21 08:00:00,1.4,-0.367096442473,745.674607525,  ,  ,2.60001292665,6.80003380816,88.0,1.26999999741,  ,  ,1.524,  ,  
2020-01-21 08:05:00,1.4,-0.367096442473,745.636316088,  ,  ,2.5875128645,6.6000328138,88.0,1.30540605794,  ,  ,1.778,  ,  
2020-01-21 08:10:00,1.4,-0.367096442473,745.636316088,  ,  ,2.40001193229,5.30002635048,88.0,1.52399999689,  ,  ,1.778,  ,  
2020-01-21 08:15:00,1.4,-0.367096442473,745.636316088,  ,  ,2.41251199444,5.80002883637,88.0,1.52399999689,  ,  ,1.778,  ,  
2020-01-21 08:20:00,1.4,-0.367096442473,745.636316088,  ,  ,2.60001292665,4.50002237305,88.0,1.31845086436,  ,  ,2.286,  ,  
2020-01-21 08:25:00,1.4,-0.367096442473,745.636316088,  ,  ,2.55626270913,6.10003032791,88.0,1.26999999741,  ,  ,2.286,  ,  
2020-01-21 08:30:00,1.4,-0.367096442473,745.440025729,  ,  ,1.9000094464,5.50002734483,88.0,1.26999999741,  ,  ,2.286,  ,  
2020-01-21 08:35:00,1.4,-0.367096442473,745.411297584,  ,  ,1.92500957069,6.6000328138,88.0,0.95814444249,  ,  ,2.286,  ,  
2020-01-21 08:40:00,1.4,-0.367096442473,745.411297584,  ,  ,2.30001143511,4.80002386458,88.0,0.0,  ,  ,2.286,  ,  
2020-01-21 08:45:00,1.4,-0.367096442473,745.149447025,  ,  ,2.28751137297,6.10003032791,88.0,0.0,  ,  ,2.54,  ,  
2020-01-21 08:50:00,1.4,-0.367096442473,745.111272912,  ,  ,2.10001044075,5.80002883637,88.0,0.0,  ,  ,2.54,  ,  
2020-01-21 08:55:00,1.4,-0.367096442473,745.111272912,  ,  ,2.11876053398,5.80002883637,88.0,0.0,  ,  ,2.54,  ,  
2020-01-21 09:00:00,1.4,-0.367096442473,745.045847552,  ,  ,2.40001193229,4.50002237305,88.0,0.0,  ,  ,2.54,  ,  
2020-01-21 09:05:00,1.4,-0.367096442473,745.036266744,  ,  ,2.36251174585,5.30002635048,88.0,0.0,  ,  ,2.54,  ,  
2020-01-21 09:10:00,1.4,-0.367096442473,745.036266744,  ,  ,1.80000894922,6.10003032791,88.0,0.0,  ,  ,2.54,  ,  
2020-01-21 09:15:00,1.4,-0.367096442473,744.839976385,  ,  ,1.83750913566,6.30003132226,88.0,0.0,  ,  ,2.54,  ,  
2020-01-21 09:20:00,1.4,-0.367096442473,744.81124824,  ,  ,2.40001193229,7.30003629405,88.0,0.0,  ,  ,2.54,  ,  
2020-01-21 09:25:00,1.4,-0.367096442473,744.81124824,  ,  ,2.41251199444,6.00002983073,88.0,0.0,  ,  ,2.54,  ,  
2020-01-21 09:30:00,1.4,-0.367096442473,744.74582288,  ,  ,2.60001292665,6.10003032791,88.0,0.0,  ,  ,2.54,  ,  
2020-01-21 09:35:00,1.4,-0.367096442473,744.736242072,  ,  ,2.56876277128,5.10002535612,88.0,0.0,  ,  ,2.54,  ,  
2020-01-21 09:40:00,1.4,-0.367096442473,744.736242072,  ,  ,2.10001044075,5.00002485894,88.0,0.0,  ,  ,2.54,  ,  
2020-01-21 09:45:00,1.4,-0.367096442473,744.539951713,  ,  ,2.08751037861,6.50003231662,88.0,0.0,  ,  ,2.54,  ,  
2020-01-21 09:50:00,1.4,-0.367096442473,744.511223568,  ,  ,1.9000094464,6.6000328138,88.0,0.0,  ,  ,2.54,  ,  
2020-01-21 09:55:00,1.4,-0.367096442473,744.511223568,  ,  ,1.92500957069,5.10002535612,88.0,0.0,  ,  ,2.54,  ,  
2020-01-21 10:00:00,1.4,-0.367096442473,744.314933209,  ,  ,2.30001143511,7.30003629405,88.0,0.0,  ,  ,2.54,  ,  
2020-01-21 10:05:00,1.4,-0.367096442473,744.286205064,  ,  ,2.33126159048,6.00002983073,88.0,0.0,  ,  ,2.54,  ,  
2020-01-21 10:10:00,1.4,-0.367096442473,744.286205064,  ,  ,2.80001392101,8.0000397743,88.0,0.0,  ,  ,2.54,  ,  
2020-01-21 10:15:00,1.4,-0.367096442473,744.286205064,  ,  ,2.78751385886,6.80003380816,88.0,0.0,  ,  ,2.54,  ,  
2020-01-21 10:20:00,1.4,-0.367096442473,744.286205064,  ,  ,2.60001292665,6.30003132226,88.0,0.0,  ,  ,2.54,  ,  
2020-01-21 10:25:00,1.4,-0.367096442473,744.286205064,  ,  ,2.55626270913,6.50003231662,88.0,0.0,  ,  ,2.54,  ,  
2020-01-21 10:30:00,1.4,-0.367096442473,743.959078263,  ,  ,1.9000094464,7.1000352997,88.0,0.0,  ,  ,2.54,  ,  
2020-01-21 10:35:00,1.4,-0.367096442473,743.911174224,  ,  ,1.91250950854,5.30002635048,88.0,0.0,  ,  ,2.54,  ,  
2020-01-21 10:40:00,1.4,-0.367096442473,743.911174224,  ,  ,2.10001044075,5.60002784201,88.0,0.0,  ,  ,2.54,  ,  
2020-01-21 10:45:00,1.4,-0.367096442473,743.911174224,  ,  ,2.11876053398,7.80003877995,88.0,0.0,  ,  ,2.54,  ,  
2020-01-21 10:50:00,1.4,-0.367096442473,743.911174224,  ,  ,2.40001193229,5.10002535612,88.0,0.0,  ,  ,2.54,  ,  
2020-01-21 10:55:00,1.4,-0.367096442473,743.911174224,  ,  ,2.40001193229,5.00002485894,88.0,0.0,  ,  ,2.54,  ,  
2020-01-21 11:00:00,1.4,-0.367096442473,744.042031254,  ,  ,2.40001193229,4.30002137869,88.0,0.0,  ,  ,2.54,  ,  
2020-01-21 11:05:00,1.4,-0.367096442473,744.06118656,  ,  ,2.38126183907,7.1000352997,88.0,0.0,  ,  ,2.54,  ,  
2020-01-21 11:10:00,1.4,-0.367096442473,744.06118656,  ,  ,2.10001044075,6.80003380816,88.0,0.0,  ,  ,2.54,  ,  
2020-01-21 11:15:00,1.4,-0.367096442473,743.864886634,  ,  ,2.11876053398,5.50002734483,88.0,0.0,  ,  ,2.54,  ,  
2020-01-21 11:20:00,1.4,-0.367096442473,743.836168056,  ,  ,2.40001193229,6.6000328138,88.0,0.0,  ,  ,2.54,  ,  
2020-01-21 11:25:00,1.4,-0.367096442473,743.836168056,  ,  ,2.40001193229,6.00002983073,88.0,0.0,  ,  ,2.54,  ,  
2020-01-21 11:30:00,1.4,-0.367096442473,743.705291861,  ,  ,2.40001193229,6.00002983073,88.0,0.0,  ,  ,2.54,  ,  
2020-01-21 11:35:00,1.4,-0.367096442473,743.68615572,  ,  ,2.39376190122,5.00002485894,88.0,0.0,  ,  ,2.54,  ,  
2020-01-21 11:40:00,1.4,-0.367096442473,743.68615572,  ,  ,2.30001143511,7.30003629405,88.0,0.0,  ,  ,2.54,  ,  
2020-01-21 11:45:00,1.4,-0.367096442473,743.75158584,  ,  ,2.30626146619,6.00002983073,88.0,0.0,  ,  ,2.54,  ,  
2020-01-21 11:50:00,1.4,-0.367096442473,743.761161888,  ,  ,2.40001193229,5.80002883637,88.0,0.0,  ,  ,2.54,  ,  
2020-01-21 11:55:00,1.4,-0.367096442473,743.761161888,  ,  ,2.42501205659,6.50003231662,88.0,0.0,  ,  ,2.54,  ,  
2020-01-21 12:00:00,1.4,-0.367096442473,743.761161888,  ,  ,2.80001392101,7.00003480252,88.0,0.0,  ,  ,2.54,  ,  
2020-01-21 12:05:00,1.4,-0.367096442473,743.761161888,  ,  ,2.83751410745,8.60004275738,88.0,0.0,  ,  ,2.54,  ,  
2020-01-21 12:10:00,1.4,-0.367096442473,743.761161888,  ,  ,3.40001690408,7.00003480252,88.0,0.0,  ,  ,2.54,  ,  
2020-01-21 12:15:00,1.4,-0.367096442473,743.564885807,  ,  ,3.38126681086,10.600052701,88.0,0.0,  ,  ,2.54,  ,  
2020-01-21 12:20:00,1.4,-0.367096442473,743.536143384,  ,  ,3.10001541254,8.0000397743,88.0,0.0,  ,  ,2.54,  ,  
2020-01-21 12:25:00,1.4,-0.367096442473,743.536143384,  ,  ,3.08126531932,7.00003480252,88.0,0.0,  ,  ,2.54,  ,  
2020-01-21 12:30:00,1.4,-0.367096442473,743.536143384,  ,  ,2.80001392101,7.00003480252,88.0,0.0,  ,  ,2.54,  ,  
2020-01-21 12:35:00,1.4,-0.367096442473,743.536143384,  ,  ,2.80001392101,5.50002734483,88.0,0.0,  ,  ,2.54,  ,  
2020-01-21 12:40:00,1.4,-0.367096442473,743.536143384,  ,  ,2.80001392101,7.30003629405,88.0,0.0,  ,  ,2.54,  ,  
2020-01-21 12:45:00,1.4,-0.367096442473,743.405218105,  ,  ,2.75626370349,6.80003380816,88.0,0.0,  ,  ,2.54,  ,  
2020-01-21 12:50:00,1.4,-0.367096442473,743.386131048,  ,  ,2.10001044075,9.00004474609,88.0,0.0,  ,  ,2.54,  ,  
2020-01-21 12:55:00,1.4,-0.367096442473,743.386131048,  ,  ,2.13126059612,6.00002983073,88.0,0.0,  ,  ,2.54,  ,  
2020-01-21 13:00:00,1.4,-0.367096442473,743.189854967,  ,  ,2.60001292665,4.30002137869,88.0,0.0,  ,  ,2.54,  ,  
2020-01-21 13:05:00,1.4,-0.367096442473,743.161112544,  ,  ,2.55626270913,4.50002237305,88.0,0.0,  ,  ,2.54,  ,  
2020-01-21 13:10:00,1.4,-0.367096442473,743.161112544,  ,  ,1.9000094464,4.50002237305,88.0,0.0,  ,  ,2.54,  ,  
2020-01-21 13:15:00,1.4,-0.367096442473,743.030252305,  ,  ,1.9000094464,5.10002535612,88.0,0.0,  ,  ,2.54,  ,  
2020-01-21 13:20:00,1.4,-0.367096442473,743.011100208,  ,  ,1.9000094464,4.50002237305,88.0,0.0,  ,  ,2.54,  ,  
2020-01-21 13:25:00,1.4,-0.367096442473,743.011100208,  ,  ,1.9000094464,4.10002038433,88.0,0.0,  ,  ,2.54,  ,  
2020-01-21 13:30:00,1.4,-0.367096442473,742.814824127,  ,  ,1.9000094464,5.00002485894,88.0,0.0,  ,  ,2.54,  ,  
2020-01-21 13:35:00,1.4,-0.367096442473,742.786081704,  ,  ,1.93125960177,6.6000328138,88.0,0.0,  ,  ,2.54,  ,  
2020-01-21 13:40:00,1.4,-0.367096442473,742.786081704,  ,  ,2.40001193229,8.5000422602,88.0,0.0,  ,  ,2.54,  ,  
2020-01-21 13:45:00,1.4,-0.367096442473,742.458931105,  ,  ,2.38126183907,5.50002734483,88.0,0.0,  ,  ,2.54,  ,  
2020-01-21 13:50:00,1.4,-0.367096442473,742.411050864,  ,  ,2.10001044075,5.00002485894,88.0,0.0,  ,  ,2.54,  ,  
2020-01-21 13:55:00,1.4,-0.367096442473,742.411050864,  ,  ,2.11876053398,6.00002983073,88.0,0.0,  ,  ,2.54,  ,  
2020-01-21 14:00:00,1.4,-0.367096442473,742.149330385,  ,  ,2.40001193229,6.30003132226,88.0,0.0,  ,  ,2.54,  ,  
2020-01-21 14:05:00,1.4,-0.367096442473,742.111026192,  ,  ,2.39376190122,5.50002734483,88.0,0.0,  ,  ,2.54,  ,  
2020-01-21 14:10:00,1.4,-0.367096442473,742.111026192,  ,  ,2.30001143511,5.80002883637,88.0,0.0,  ,  ,2.54,  ,  
2020-01-21 14:15:00,1.4,-0.367096442473,741.980175471,  ,  ,2.28751137297,6.00002983073,88.0,0.0,  ,  ,2.54,  ,  
2020-01-21 14:20:00,1.4,-0.367096442473,741.961013856,  ,  ,2.10001044075,6.50003231662,88.0,0.0,  ,  ,2.54,  ,  
2020-01-21 14:25:00,1.4,-0.367096442473,741.961013856,  ,  ,2.13126059612,5.00002485894,88.0,0.0,  ,  ,2.54,  ,  
2020-01-21 14:30:00,1.4,-0.367096442473,741.764723497,  ,  ,2.60001292665,6.6000328138,88.0,0.0,  ,  ,2.54,  ,  
2020-01-21 14:35:00,1.4,-0.367096442473,741.735995352,  ,  ,2.58126283343,6.30003132226,88.0,0.0,  ,  ,2.54,  ,  
2020-01-21 14:40:00,1.4,-0.367096442473,741.735995352,  ,  ,2.30001143511,6.10003032791,88.0,0.0,  ,  ,2.54,  ,  
2020-01-21 14:45:00,1.4,-0.367096442473,741.735995352,  ,  ,2.31876152833,7.1000352997,88.0,0.0,  ,  ,2.54,  ,  
2020-01-21 14:50:00,1.4,-0.367096442473,741.735995352,  ,  ,2.60001292665,6.50003231662,88.0,0.0,  ,  ,2.54,  ,  
2020-01-21 14:55:00,1.4,-0.367096442473,741.735995352,  ,  ,2.6125129888,6.50003231662,88.0,0.0,  ,  ,2.54,  ,  
2020-01-21 15:00:00,1.4,-0.367096442473,741.539747871,  ,  ,2.80001392101,6.80003380816,88.0,0.0,  ,  ,2.54,  ,  
2020-01-21 15:05:00,1.4,-0.367096442473,741.510976848,  ,  ,2.80001392101,4.80002386458,88.0,0.0,  ,  ,2.54,  ,  
2020-01-21 15:10:00,1.4,-0.367096442473,741.510976848,  ,  ,2.80001392101,6.00002983073,88.0,0.0,  ,  ,2.54,  ,  
2020-01-21 15:15:00,1.4,-0.367096442473,741.314662555,  ,  ,2.78751385886,6.6000328138,88.0,0.0,  ,  ,2.54,  ,  
2020-01-21 15:20:00,1.4,-0.367096442473,741.285958344,  ,  ,2.60001292665,5.00002485894,88.0,0.0,  ,  ,2.54,  ,  
2020-01-21 15:25:00,1.4,-0.367096442473,741.285958344,  ,  ,2.60001292665,5.80002883637,88.0,0.0,  ,  ,2.54,  ,  
2020-01-21 15:30:00,1.4,-0.367096442473,741.220529829,  ,  ,2.60001292665,5.00002485894,88.0,0.0,  ,  ,2.54,  ,  
2020-01-21 15:35:00,1.4,-0.367096442473,741.210952176,  ,  ,2.55001267806,5.00002485894,88.0,0.0,  ,  ,2.54,  ,  
2020-01-21 15:40:00,1.4,-0.367096442473,741.210952176,  ,  ,1.80000894922,4.10002038433,88.0,0.0,  ,  ,2.54,  ,  
2020-01-21 15:45:00,1.4,-0.367096442473,741.080085559,  ,  ,1.78750888707,4.60002287023,88.0,0.0,  ,  ,2.54,  ,  
2020-01-21 15:50:00,1.4,-0.367096442473,741.06093984,  ,  ,1.60000795486,5.00002485894,88.0,0.0,  ,  ,2.54,  ,  
2020-01-21 15:55:00,1.4,-0.367096442473,741.06093984,  ,  ,1.61250801701,4.10002038433,88.0,0.0,  ,  ,2.54,  ,  
2020-01-21 16:00:00,1.4,-0.367096442473,740.92992306,  ,  ,1.80000894922,5.30002635048,88.0,0.0,  ,  ,2.54,  ,  
2020-01-21 16:05:00,1.4,-0.367096442473,740.910927504,  ,  ,1.80625898029,5.30002635048,88.0,0.0,  ,  ,2.54,  ,  
2020-01-21 16:10:00,1.4,-0.367096442473,740.910927504,  ,  ,1.9000094464,4.50002237305,88.0,0.0,  ,  ,2.54,  ,  
2020-01-21 16:15:00,1.4,-0.367096442473,740.779946584,  ,  ,1.91250950854,5.50002734483,88.0,0.0,  ,  ,2.54,  ,  
2020-01-21 16:20:00,1.4,-0.367096442473,740.760915168,  ,  ,2.10001044075,5.30002635048,88.0,0.0,  ,  ,2.54,  ,  
2020-01-21 16:25:00,1.4,-0.367096442473,740.760915168,  ,  ,2.08751037861,5.60002784201,88.0,0.0,  ,  ,2.54,  ,  
2020-01-21 16:30:00,1.4,-0.367096442473,740.629905885,  ,  ,1.9000094464,5.00002485894,88.0,0.0,  ,  ,2.54,  ,  
2020-01-21 16:35:00,1.4,-0.367096442473,740.610902832,  ,  ,1.91250950854,5.50002734483,88.0,0.0,  ,  ,2.54,  ,  
2020-01-21 16:40:00,1.4,-0.367096442473,740.610902832,  ,  ,2.10001044075,5.60002784201,88.0,0.0,  ,  ,2.54,  ,  
2020-01-21 16:45:00,1.4,-0.367096442473,740.479828435,  ,  ,2.08126034753,4.10002038433,88.0,0.0,  ,  ,2.54,  ,  
2020-01-21 16:50:00,1.4,-0.367096442473,740.460890496,  ,  ,1.80000894922,5.00002485894,88.0,0.0,  ,  ,2.54,  ,  
2020-01-21 16:55:00,1.4,-0.367096442473,740.460890496,  ,  ,1.81875904244,5.60002784201,88.0,0.0,  ,  ,2.794,  ,  
2020-01-21 17:00:00,1.4,-0.367096442473,740.329890658,  ,  ,2.10001044075,6.30003132226,88.0,0.0,  ,  ,2.794,  ,  
2020-01-21 17:05:00,1.4,-0.367096442473,740.31087816,  ,  ,2.08751037861,5.50002734483,88.0,0.0,  ,  ,2.794,  ,  
2020-01-21 17:10:00,1.4,-0.367096442473,740.31087816,  ,  ,1.9000094464,5.30002635048,88.0,0.0,  ,  ,2.794,  ,  
2020-01-21 17:15:00,1.4,-0.367096442473,740.179868877,  ,  ,1.91250950854,6.6000328138,88.0,0.0,  ,  ,2.794,  ,  
2020-01-21 17:20:00,1.4,-0.367096442473,740.160865824,  ,  ,2.10001044075,5.10002535612,88.0,0.0,  ,  ,2.794,  ,  
2020-01-21 17:25:00,1.4,-0.367096442473,740.160865824,  ,  ,2.08126034753,4.80002386458,88.0,0.0,  ,  ,3.048,  ,  
2020-01-21 17:30:00,1.4,-0.367096442473,740.029865986,  ,  ,1.80000894922,5.50002734483,88.0,0.0,  ,  ,3.048,  ,  
2020-01-21 17:35:00,1.4,-0.367096442473,740.010853488,  ,  ,1.80000894922,6.50003231662,88.0,0.0,  ,  ,3.048,  ,  
2020-01-21 17:40:00,1.4,-0.367096442473,740.010853488,  ,  ,1.80000894922,5.60002784201,88.0,0.0,  ,  ,3.048,  ,  
2020-01-21 17:45:00,1.4,-0.367096442473,739.945348846,  ,  ,1.83750913566,5.00002485894,88.0,0.0,  ,  ,3.048,  ,  
2020-01-21 17:50:00,1.4,-0.367096442473,739.93584732,  ,  ,2.40001193229,5.60002784201,88.0,0.0,  ,  ,3.048,  ,  
2020-01-21 17:55:00,1.4,-0.367096442473,739.93584732,  ,  ,2.39376190122,3.80001889279,88.0,0.0,  ,  ,3.302,  ,  
2020-01-21 18:00:00,1.4,-0.367096442473,739.870310121,  ,  ,2.30001143511,5.80002883637,88.0,0.0,  ,  ,3.302,  ,  
2020-01-21 18:05:00,1.4,-0.367096442473,739.860841152,  ,  ,2.26876127974,4.10002038433,88.0,0.0917222220351,  ,  ,3.556,  ,  
2020-01-21 18:10:00,1.4,-0.367096442473,739.860841152,  ,  ,1.80000894922,4.50002237305,88.0,1.26999999741,  ,  ,3.556,  ,  
2020-01-21 18:15:00,1.4,-0.367096442473,739.795341233,  ,  ,1.80625898029,4.30002137869,88.0,1.26999999741,  ,  ,3.556,  ,  
2020-01-21 18:20:00,1.4,-0.367096442473,739.785834984,  ,  ,1.9000094464,5.00002485894,88.0,1.26999999741,  ,  ,4.064,  ,  
2020-01-21 18:25:00,1.4,-0.367096442473,739.785834984,  ,  ,1.88125935318,5.30002635048,88.0,1.26999999741,  ,  ,4.064,  ,  
2020-01-21 18:30:00,1.4,-0.367096442473,739.654825701,  ,  ,1.60000795486,5.60002784201,88.0,1.26999999741,  ,  ,4.318,  ,  
  
  
2020-01-21 18:45:00,1.4,-0.367096442473,739.56081648,  ,  ,2.46742799781,5.80002883637,88.0,1.52399999689,  ,  ,4.318,  ,  
2020-01-21 18:50:00,1.4,-0.367096442473,739.409537274,  ,  ,2.80001392101,6.30003132226,88.0,1.36454444166,  ,  ,4.318,  ,  
2020-01-21 18:55:00,1.4,-0.367096442473,739.260791808,  ,  ,2.77501379671,5.50002734483,88.0,0.839611109398,  ,  ,4.318,  ,  
2020-01-21 19:00:00,1.4,-0.367096442473,739.260791808,  ,  ,2.40001193229,5.80002883637,88.0,0.0,  ,  ,4.318,  ,  
2020-01-21 19:05:00,1.4,-0.367096442473,739.109586531,  ,  ,2.36251174585,4.30002137869,88.0,0.0,  ,  ,4.572,  ,  
2020-01-21 19:10:00,1.4,-0.367096442473,738.960767136,  ,  ,1.80000894922,5.00002485894,88.0,0.0,  ,  ,4.572,  ,  
2020-01-21 19:15:00,1.4,-0.367096442473,738.960767136,  ,  ,1.81875904244,4.50002237305,88.0,0.0,  ,  ,4.572,  ,  
2020-01-21 19:20:00,1.4,-0.367096442473,738.885164497,  ,  ,2.10001044075,5.80002883637,88.0,0.0,  ,  ,4.572,  ,  
2020-01-21 19:25:00,1.4,-0.367096442473,738.8107548,  ,  ,2.10001044075,6.30003132226,88.0,0.0,  ,  ,4.572,  ,  
2020-01-21 19:30:00,1.4,-0.367096442473,738.8107548,  ,  ,2.10001044075,6.00002983073,88.0,0.0,  ,  ,4.572,  ,  
2020-01-21 19:35:00,1.4,-0.367096442473,738.924102422,  ,  ,2.13126059612,5.10002535612,88.0,0.0,  ,  ,4.572,  ,  
2020-01-21 19:40:00,1.4,-0.367096442473,739.035773304,  ,  ,2.60001292665,6.00002983073,88.0,0.0,  ,  ,4.572,  ,  
2020-01-21 19:45:00,1.4,-0.367096442473,739.035773304,  ,  ,2.61876301987,6.6000328138,88.0,0.0,  ,  ,4.572,  ,  
2020-01-21 19:50:00,1.4,-0.367096442473,738.960170666,  ,  ,2.90001441819,6.10003032791,88.0,0.0,  ,  ,4.572,  ,  
2020-01-21 19:55:00,1.4,-0.367096442473,738.885760968,  ,  ,2.88126432496,4.80002386458,88.0,0.0,  ,  ,4.572,  ,  
2020-01-21 20:00:00,1.4,-0.367096442473,738.885760968,  ,  ,2.60001292665,6.50003231662,88.0,0.0,  ,  ,4.572,  ,  
2020-01-21 20:05:00,1.4,-0.367096442473,738.772301563,  ,  ,2.60001292665,8.30004126584,88.0,0.0,  ,  ,4.572,  ,  
2020-01-21 20:10:00,1.4,-0.367096442473,738.660742464,  ,  ,2.60001292665,7.50003728841,88.0,0.0,  ,  ,4.572,  ,  
2020-01-21 20:15:00,1.4,-0.367096442473,738.660742464,  ,  ,2.65001317524,6.50003231662,88.0,0.0,  ,  ,4.572,  ,  
2020-01-21 20:20:00,1.4,-0.367096442473,738.660742464,  ,  ,3.40001690408,6.30003132226,88.0,0.0,  ,  ,4.572,  ,  
2020-01-21 20:25:00,1.4,-0.367096442473,738.660742464,  ,  ,3.38126681086,6.30003132226,88.0,0.0,  ,  ,4.572,  ,  
2020-01-21 20:30:00,1.4,-0.367096442473,738.660742464,  ,  ,3.10001541254,12.2000606558,88.0,0.0,  ,  ,4.572,  ,  
2020-01-21 20:35:00,1.4,-0.367096442473,738.698543783,  ,  ,3.14376563006,7.60003778559,88.0,0.0,  ,  ,4.572,  ,  
2020-01-21 20:40:00,1.4,-0.367096442473,738.735748632,  ,  ,3.80001889279,8.10004027148,88.0,0.0,  ,  ,4.572,  ,  
2020-01-21 20:45:00,1.4,-0.367096442473,738.735748632,  ,  ,3.83126904816,10.0000497179,88.0,0.0,  ,  ,4.572,  ,  
2020-01-21 20:50:00,1.4,-0.367096442473,738.735748632,  ,  ,4.30002137869,9.50004723199,88.0,0.0,  ,  ,4.572,  ,  
2020-01-21 20:55:00,1.4,-0.367096442473,738.735748632,  ,  ,4.31252144084,10.3000512094,88.0,0.0,  ,  ,4.572,  ,  
2020-01-21 21:00:00,1.4,-0.367096442473,738.735748632,  ,  ,4.50002237305,10.0000497179,88.0,0.0,  ,  ,4.572,  ,  
2020-01-21 21:05:00,1.4,-0.367096442473,738.773549951,  ,  ,4.4875223109,10.600052701,88.0,0.0,  ,  ,4.572,  ,  
2020-01-21 21:10:00,1.4,-0.367096442473,738.8107548,  ,  ,4.30002137869,8.10004027148,88.0,0.0,  ,  ,4.572,  ,  
2020-01-21 21:15:00,1.4,-0.367096442473,738.8107548,  ,  ,4.26877122332,9.10004524327,88.0,0.0,  ,  ,4.572,  ,  
2020-01-21 21:20:00,1.4,-0.367096442473,738.848539017,  ,  ,3.80001889279,9.50004723199,88.0,0.0,  ,  ,4.572,  ,  
2020-01-21 21:25:00,1.4,-0.367096442473,738.885760968,  ,  ,3.80001889279,8.5000422602,88.0,0.0,  ,  ,4.572,  ,  
2020-01-21 21:30:00,1.4,-0.367096442473,738.885760968,  ,  ,3.80001889279,7.30003629405,88.0,0.0,  ,  ,4.572,  ,  
2020-01-21 21:35:00,1.4,-0.367096442473,738.885760968,  ,  ,3.76876873743,9.00004474609,88.0,0.0,  ,  ,4.572,  ,  
2020-01-21 21:40:00,1.4,-0.367096442473,738.885760968,  ,  ,3.3000164069,6.50003231662,88.0,0.0,  ,  ,4.572,  ,  
2020-01-21 21:45:00,1.4,-0.367096442473,738.885760968,  ,  ,3.26876625153,8.30004126584,88.0,0.0,  ,  ,4.572,  ,  
2020-01-21 21:50:00,1.4,-0.367096442473,738.961405646,  ,  ,2.80001392101,6.6000328138,88.0,0.0,  ,  ,4.572,  ,  
  
  
  
  
  
  
  
  
  
  
  
  
  
2020-01-21 23:00:00,1.4,-0.367096442473,739.56081648,  ,  ,2.60001292665,7.50003728841,88.0,0.0,  ,  ,4.572,  ,  
2020-01-21 23:05:00,1.4,-0.367096442473,739.611889268,  ,  ,2.65001317524,8.60004275738,88.0,0.0,  ,  ,4.572,  ,  
2020-01-21 23:10:00,1.4,-0.367096442473,739.635822648,  ,  ,3.40001690408,8.0000397743,88.0,0.0,  ,  ,4.572,  ,  
2020-01-21 23:15:00,1.4,-0.367096442473,739.635822648,  ,  ,3.39376687301,6.30003132226,88.0,0.0,  ,  ,4.572,  ,  
2020-01-21 23:20:00,1.4,-0.367096442473,739.737893666,  ,  ,3.3000164069,6.80003380816,88.0,0.0,  ,  ,4.572,  ,  
2020-01-21 23:25:00,1.4,-0.367096442473,739.785834984,  ,  ,3.24376612724,6.00002983073,88.0,0.0,  ,  ,4.572,  ,  
2020-01-21 23:30:00,1.4,-0.367096442473,739.785834984,  ,  ,2.40001193229,6.30003132226,88.0,0.0,  ,  ,4.572,  ,  
2020-01-21 23:35:00,1.4,-0.367096442473,739.887929818,  ,  ,2.39376190122,5.10002535612,88.0,0.0,  ,  ,4.572,  ,  
2020-01-21 23:40:00,1.4,-0.367096442473,739.93584732,  ,  ,2.30001143511,6.50003231662,88.0,0.0,  ,  ,4.572,  ,  
2020-01-21 23:45:00,1.4,-0.367096442473,739.93584732,  ,  ,2.30626146619,5.00002485894,88.0,0.0,  ,  ,4.572,  ,  
2020-01-21 23:50:00,1.4,-0.367096442473,739.986882829,  ,  ,2.40001193229,6.6000328138,88.0,0.0,  ,  ,4.572,  ,  
  

    

