Time,TemperatureC,DewpointC,PressurehPa,WindDirection,WindDirectionDegrees,WindSpeedKMH,WindSpeedGustKMH,Humidity,HourlyPrecipMM,Conditions,Clouds,dailyrainMM,SoftwareType,DateUTC
                
2019-06-21 00:00:00,17.1,14.5005894841,751.401537302,  ,  ,0.0,0.0,84.7,0.0,  ,  ,0.0,  ,  
2019-06-21 00:05:00,17.1,14.4883898735,751.411791024,  ,  ,0.0,0.0,84.6333333333,0.0,  ,  ,0.0,  ,  
2019-06-21 00:10:00,17.11,14.56518498,751.411791024,  ,  ,0.0,0.0,85.0,0.0,  ,  ,0.0,  ,  
2019-06-21 00:15:00,17.0566666667,14.5129115094,751.476294839,  ,  ,0.0,0.0,85.0,0.0,  ,  ,0.0,  ,  
2019-06-21 00:20:00,16.83,14.2968118488,751.486797192,  ,  ,0.0,0.0,85.0333333333,0.0,  ,  ,0.0,  ,  
2019-06-21 00:25:00,16.6433333333,14.1803222825,751.486797192,  ,  ,0.0,0.0,85.4,0.0,  ,  ,0.0,  ,  
2019-06-21 00:30:00,16.4566666667,14.1232952272,751.422229258,  ,  ,0.0,0.0,86.1,0.0,  ,  ,0.0,  ,  
2019-06-21 00:35:00,16.3733333333,14.202121342,751.411791024,  ,  ,0.0,0.0,87.0,0.0,  ,  ,0.0,  ,  
2019-06-21 00:40:00,16.3,14.1300358319,751.411791024,  ,  ,0.0,0.0,87.0,0.0,  ,  ,0.0,  ,  
2019-06-21 00:45:00,16.3,14.1300358319,751.476358958,  ,  ,0.0,0.0,87.0,0.0,  ,  ,0.0,  ,  
2019-06-21 00:50:00,16.22,14.1575525703,751.486797192,  ,  ,0.0,0.0,87.6,0.0,  ,  ,0.0,  ,  
2019-06-21 00:55:00,16.2,14.0612842335,751.486797192,  ,  ,0.0,0.0,87.1666666667,0.0,  ,  ,0.0,  ,  
2019-06-21 01:00:00,16.2,14.0612842335,751.486797192,  ,  ,0.0,0.0,87.1666666667,0.0,  ,  ,0.0,  ,  
2019-06-21 01:05:00,16.2,14.0848864852,751.486797192,  ,  ,0.0,0.0,87.3,0.0,  ,  ,0.0,  ,  
2019-06-21 01:10:00,16.19,14.1984381687,751.486797192,  ,  ,0.0,0.0,88.0,0.0,  ,  ,0.0,  ,  
2019-06-21 01:15:00,16.1133333333,14.1229693819,751.486797192,  ,  ,0.0,0.0,88.0,0.0,  ,  ,0.0,  ,  
2019-06-21 01:20:00,16.1,13.9985963796,751.486797192,  ,  ,0.0,0.0,87.3682008368,0.0,  ,  ,0.0,  ,  
2019-06-21 01:25:00,16.1033195021,14.0540171933,751.486797192,  ,  ,0.0,0.0,87.6639004149,0.0,  ,  ,0.0,  ,  
2019-06-21 01:30:00,16.16,14.1454769367,751.486797192,  ,  ,0.0,0.0,87.8666666667,0.0,  ,  ,0.0,  ,  
2019-06-21 01:35:00,16.1866666667,14.0717743674,751.486797192,  ,  ,0.0,0.0,87.3,0.0,  ,  ,0.0,  ,  
2019-06-21 01:40:00,16.17,14.0022470082,751.486797192,  ,  ,0.0,0.0,87.0,0.0,  ,  ,0.0,  ,  
2019-06-21 01:45:00,16.2,14.0612842335,751.551365126,  ,  ,0.0,0.0,87.1666666667,0.0,  ,  ,0.0,  ,  
2019-06-21 01:50:00,16.2033333333,14.1646560233,751.56180336,  ,  ,0.0,0.0,87.7333333333,0.0,  ,  ,0.0,  ,  
2019-06-21 01:55:00,16.22,14.051396688,751.56180336,  ,  ,0.0,0.0,87.0,0.0,  ,  ,0.0,  ,  
2019-06-21 02:00:00,16.1866666667,14.1599928823,751.497235426,  ,  ,0.0,0.0,87.8,0.0,  ,  ,0.0,  ,  
2019-06-21 02:05:00,16.0466666667,14.0573440593,751.486797192,  ,  ,0.0,0.0,88.0,0.0,  ,  ,0.0,  ,  
2019-06-21 02:10:00,15.89,13.9788963397,751.486797192,  ,  ,0.0,0.0,88.4333333333,0.0,  ,  ,0.0,  ,  
2019-06-21 02:15:00,15.8033333333,13.9920614656,751.486797192,  ,  ,0.0,0.0,89.0,0.0,  ,  ,0.0,  ,  
2019-06-21 02:20:00,15.75,13.93948746,751.486797192,  ,  ,0.0,0.0,89.0,0.0,  ,  ,0.0,  ,  
2019-06-21 02:25:00,15.6466666667,13.8376248741,751.486797192,  ,  ,0.0,0.0,89.0,0.0,  ,  ,0.0,  ,  
2019-06-21 02:30:00,15.5766666667,13.7686208498,751.422229258,  ,  ,0.0,0.0,89.0,0.0,  ,  ,0.0,  ,  
2019-06-21 02:35:00,15.5,13.8480399926,751.411791024,  ,  ,0.0,0.0,89.9,0.0,  ,  ,0.0,  ,  
2019-06-21 02:40:00,15.5,13.8537543681,751.411791024,  ,  ,0.0,0.0,89.9333333333,0.0,  ,  ,0.0,  ,  
2019-06-21 02:45:00,15.47,13.6634713369,751.540926892,  ,  ,0.0,0.0,89.0,0.0,  ,  ,0.0,  ,  
2019-06-21 02:50:00,15.4,13.5944666254,751.56180336,  ,  ,0.0,0.0,89.0,0.0,  ,  ,0.0,  ,  
2019-06-21 02:55:00,15.3566666667,13.6379296902,751.56180336,  ,  ,0.0,0.0,89.5,0.0,  ,  ,0.0,  ,  
2019-06-21 03:00:00,15.2666666667,13.6348462158,751.626339218,  ,  ,0.0,0.0,90.0,0.0,  ,  ,0.0,  ,  
2019-06-21 03:05:00,15.2,13.5690367608,751.636809528,  ,  ,0.0,0.0,90.0,0.0,  ,  ,0.0,  ,  
2019-06-21 03:10:00,15.13,13.4999365924,751.636809528,  ,  ,0.0,0.0,90.0,0.0,  ,  ,0.0,  ,  
2019-06-21 03:15:00,15.0966666667,13.4670316635,751.636809528,  ,  ,0.0,0.0,90.0,0.0,  ,  ,0.0,  ,  
2019-06-21 03:20:00,14.9766666667,13.3769819081,751.636809528,  ,  ,0.0,0.0,90.1666666667,0.0,  ,  ,0.0,  ,  
2019-06-21 03:25:00,14.9,13.4425522164,751.636809528,  ,  ,0.0,0.0,91.0,0.0,  ,  ,0.0,  ,  
2019-06-21 03:30:00,14.9,13.4425522164,751.701442901,  ,  ,0.0,0.0,91.0,0.0,  ,  ,0.0,  ,  
2019-06-21 03:35:00,14.9,13.4087514209,751.711815696,  ,  ,0.0,0.0,90.8,0.0,  ,  ,0.0,  ,  
2019-06-21 03:40:00,14.8966666667,13.2696009157,751.711815696,  ,  ,0.0,0.0,90.0,0.0,  ,  ,0.0,  ,  
2019-06-21 03:45:00,14.8033333333,13.1774658776,751.776415737,  ,  ,0.0,0.0,90.0,0.0,  ,  ,0.0,  ,  
2019-06-21 03:50:00,14.8,13.2591445009,751.786821864,  ,  ,0.0,0.0,90.5,0.0,  ,  ,0.0,  ,  
2019-06-21 03:55:00,14.8,13.3268236742,751.786821864,  ,  ,0.0,0.0,90.9,0.0,  ,  ,0.0,  ,  
2019-06-21 04:00:00,14.7133333333,13.2804972144,751.916021947,  ,  ,0.0,0.0,91.1333333333,0.0,  ,  ,0.0,  ,  
2019-06-21 04:05:00,14.6966666667,13.4093209263,751.9368342,  ,  ,0.0,0.0,92.0,0.0,  ,  ,0.0,  ,  
2019-06-21 04:10:00,14.6066666667,13.3202365104,751.9368342,  ,  ,0.0,0.0,92.0,0.0,  ,  ,0.0,  ,  
2019-06-21 04:15:00,14.5933333333,13.3070387916,751.872266266,  ,  ,0.0,0.0,92.0,0.0,  ,  ,0.0,  ,  
2019-06-21 04:20:00,14.5333333333,13.247648969,751.861828032,  ,  ,0.0,0.0,92.0,0.0,  ,  ,0.0,  ,  
2019-06-21 04:25:00,14.45,13.242754214,751.861828032,  ,  ,0.0,0.0,92.4666666667,0.0,  ,  ,0.0,  ,  
2019-06-21 04:30:00,14.52,13.394884268,751.861828032,  ,  ,0.0,0.0,92.9666666667,0.0,  ,  ,0.0,  ,  
2019-06-21 04:35:00,14.5966666667,13.3547697059,751.861828032,  ,  ,0.0,0.0,92.2666666667,0.0,  ,  ,0.0,  ,  
2019-06-21 04:40:00,14.6633333333,13.376326736,751.861828032,  ,  ,0.0,0.0,92.0,0.0,  ,  ,0.0,  ,  
2019-06-21 04:45:00,14.7,13.4126203428,751.926428073,  ,  ,0.0,0.0,92.0,0.0,  ,  ,0.0,  ,  
2019-06-21 04:50:00,14.7,13.4126203428,751.9368342,  ,  ,0.0,0.0,92.0,0.0,  ,  ,0.0,  ,  
2019-06-21 04:55:00,14.7,13.4126203428,751.9368342,  ,  ,0.0,0.0,92.0,0.0,  ,  ,0.0,  ,  
2019-06-21 05:00:00,14.7733333333,13.4852073953,751.9368342,  ,  ,0.0,0.0,92.0,0.0,  ,  ,0.0,  ,  
2019-06-21 05:05:00,15.0533333333,13.672831342,751.9368342,  ,  ,0.0,0.0,91.4666666667,0.0,  ,  ,0.0,  ,  
2019-06-21 05:10:00,15.4,13.8802003865,751.9368342,  ,  ,0.0,0.0,90.6666666667,0.0,  ,  ,0.0,  ,  
2019-06-21 05:15:00,15.6666666667,13.9896322341,751.872313168,  ,  ,0.0,0.0,89.7666666667,0.0,  ,  ,0.0,  ,  
2019-06-21 05:20:00,15.9366666667,14.1177090869,751.861828032,  ,  ,0.0,0.0,88.9666666667,0.0,  ,  ,0.0,  ,  
2019-06-21 05:25:00,16.29,14.2851521672,751.861828032,  ,  ,0.0,0.0,87.9333333333,0.0,  ,  ,0.0,  ,  
2019-06-21 05:30:00,16.6233333333,14.3168312343,751.861828032,  ,  ,0.0,0.0,86.2666666667,0.0,  ,  ,0.0,  ,  
2019-06-21 05:35:00,17.03,14.535312049,751.861828032,  ,  ,0.0,0.0,85.2666666667,0.0,  ,  ,0.0,  ,  
2019-06-21 05:40:00,17.4266666667,14.7900284793,751.861828032,  ,  ,0.0,0.0,84.5333333333,0.0,  ,  ,0.0,  ,  
2019-06-21 05:45:00,17.8733333333,15.1597788725,751.926428073,  ,  ,0.0,0.0,84.1666666667,0.0,  ,  ,0.0,  ,  
2019-06-21 05:50:00,18.2433333333,15.2225191524,751.9368342,  ,  ,0.0,0.0,82.5666666667,0.0,  ,  ,0.0,  ,  
2019-06-21 05:55:00,18.7066666667,15.382150923,751.9368342,  ,  ,0.0,0.0,81.0333333333,0.0,  ,  ,0.0,  ,  
2019-06-21 06:00:00,19.1733333333,15.5576355617,751.9368342,  ,  ,0.0,0.0,79.6,0.0,  ,  ,0.0,  ,  
2019-06-21 06:05:00,19.66,15.792684246,751.9368342,  ,  ,0.0,0.0,78.4,0.0,  ,  ,0.0,  ,  
2019-06-21 06:10:00,20.1433333333,15.9040011535,751.9368342,  ,  ,0.0,0.0,76.6333333333,0.0,  ,  ,0.0,  ,  
2019-06-21 06:15:00,20.6333333333,16.1923613325,751.9368342,  ,  ,0.0,0.0,75.7333333333,0.0,  ,  ,0.0,  ,  
2019-06-21 06:20:00,21.06,16.3460690669,751.9368342,  ,  ,0.0,0.0,74.5,0.0,  ,  ,0.0,  ,  
2019-06-21 06:25:00,21.4566666667,16.4654351894,751.9368342,  ,  ,0.0,0.600002983073,73.2666666667,0.0,  ,  ,0.0,  ,  
2019-06-21 06:30:00,21.79,16.7069174269,751.9368342,  ,  ,0.0,0.600002983073,72.9,0.0,  ,  ,0.0,  ,  
2019-06-21 06:35:00,22.0466666667,16.7648339383,751.9368342,  ,  ,0.0,0.0,72.0333333333,0.0,  ,  ,0.0,  ,  
2019-06-21 06:40:00,22.3966666667,16.7981514551,751.9368342,  ,  ,0.0,1.80000894922,70.6666666667,0.0,  ,  ,0.0,  ,  
2019-06-21 06:45:00,22.7733333333,16.8273484448,751.9368342,  ,  ,0.0,1.4000069605,69.2,0.0,  ,  ,0.0,  ,  
2019-06-21 06:50:00,23.0633333333,16.8742404852,751.9368342,  ,  ,0.0,1.30000646332,68.2,0.0,  ,  ,0.0,  ,  
2019-06-21 06:55:00,23.26,16.9064625654,751.9368342,  ,  ,0.0,1.9000094464,67.5333333333,0.0,  ,  ,0.0,  ,  
2019-06-21 07:00:00,23.4966666667,16.9985121399,751.9368342,  ,  ,0.0,0.0,66.9666666667,0.0,  ,  ,0.0,  ,  
2019-06-21 07:05:00,23.72,17.1951018096,751.9368342,  ,  ,0.0,0.0,66.9,0.0,  ,  ,0.0,  ,  
2019-06-21 07:10:00,23.81,17.390805908,751.9368342,  ,  ,0.0,0.0,67.3666666667,0.0,  ,  ,0.0,  ,  
2019-06-21 07:15:00,24.0033333333,17.4723615834,751.872231992,  ,  ,0.0,1.30000646332,66.9333333333,0.0,  ,  ,0.0,  ,  
2019-06-21 07:20:00,24.32,17.2431561048,751.861828032,  ,  ,0.0,1.60000795486,64.7333333333,0.0,  ,  ,0.0,  ,  
2019-06-21 07:25:00,24.5033333333,17.3020571715,751.861828032,  ,  ,0.0,0.600002983073,64.2666666667,0.0,  ,  ,0.0,  ,  
2019-06-21 07:30:00,24.6966666667,17.4354790998,751.861828032,  ,  ,0.0,1.9000094464,64.0666666667,0.0,  ,  ,0.0,  ,  
2019-06-21 07:35:00,24.8366666667,17.3016073932,751.861828032,  ,  ,0.0,1.9000094464,63.0,0.0,  ,  ,0.0,  ,  
2019-06-21 07:40:00,25.0666666667,17.349897845,751.861828032,  ,  ,0.495002461035,2.10001044075,62.3333333333,0.0,  ,  ,0.0,  ,  
2019-06-21 07:45:00,25.2,17.6359647396,751.861828032,  ,  ,0.600002983073,2.10001044075,62.9666666667,0.0,  ,  ,0.0,  ,  
2019-06-21 07:50:00,25.2,17.5601382999,751.861828032,  ,  ,0.600002983073,1.4000069605,62.6666666667,0.0,  ,  ,0.0,  ,  
2019-06-21 07:55:00,25.2533333333,17.6778601319,751.861828032,  ,  ,0.600002983073,1.4000069605,62.9333333333,0.0,  ,  ,0.0,  ,  
2019-06-21 08:00:00,25.4166666667,17.798184213,751.797227991,  ,  ,0.105000522038,1.4000069605,62.8,0.0,  ,  ,0.0,  ,  
2019-06-21 08:05:00,25.6233333333,17.9761369238,751.786821864,  ,  ,0.0,1.10000546897,62.7333333333,0.0,  ,  ,0.0,  ,  
2019-06-21 08:10:00,25.81,17.9818620313,751.786821864,  ,  ,0.0,0.600002983073,62.0666666667,0.0,  ,  ,0.0,  ,  
2019-06-21 08:15:00,25.84,17.9758557654,751.72225393,  ,  ,0.0,1.30000646332,61.9333333333,0.0,  ,  ,0.0,  ,  
2019-06-21 08:20:00,26.0,18.0662822667,751.711815696,  ,  ,0.0,1.30000646332,61.7,0.0,  ,  ,0.0,  ,  
2019-06-21 08:25:00,26.23,18.1180542109,751.711815696,  ,  ,0.0,2.30001143511,61.0666666667,0.0,  ,  ,0.0,  ,  
2019-06-21 08:30:00,26.3,18.2359805493,751.647215655,  ,  ,0.66000328138,0.80000397743,61.2666666667,0.0,  ,  ,0.0,  ,  
2019-06-21 08:35:00,26.37,18.3278083049,751.636809528,  ,  ,0.80000397743,0.80000397743,61.3666666667,0.0,  ,  ,0.0,  ,  
2019-06-21 08:40:00,26.4566666667,18.348420595,751.636809528,  ,  ,0.14000069605,2.10001044075,61.1333333333,0.0,  ,  ,0.0,  ,  
2019-06-21 08:45:00,26.7,18.3488038532,751.507594698,  ,  ,0.0,2.30001143511,60.2666666667,0.0,  ,  ,0.0,  ,  
2019-06-21 08:50:00,26.7733333333,18.3378605087,751.486797192,  ,  ,0.495002461035,2.90001441819,59.9666666667,0.0,  ,  ,0.0,  ,  
2019-06-21 08:55:00,26.9,18.3853552089,751.486797192,  ,  ,0.600002983073,2.60001292665,59.7,0.0,  ,  ,0.0,  ,  
2019-06-21 09:00:00,27.15,18.6552266849,751.422227318,  ,  ,0.765003803418,1.80000894922,59.8333333333,0.0,  ,  ,0.0,  ,  
2019-06-21 09:05:00,27.37,18.7358444089,751.411791024,  ,  ,0.80000397743,2.60001292665,59.3666666667,0.0,  ,  ,0.0,  ,  
2019-06-21 09:10:00,27.6533333333,18.6919784447,751.411791024,  ,  ,0.80000397743,2.40001193229,58.2333333333,0.0,  ,  ,0.0,  ,  
2019-06-21 09:15:00,27.8666666667,18.9644382608,751.411791024,  ,  ,0.80000397743,2.40001193229,58.5,0.0,  ,  ,0.0,  ,  
2019-06-21 09:20:00,28.1166666667,19.2345568134,751.411791024,  ,  ,0.80000397743,2.80001392101,58.6333333333,0.0,  ,  ,0.0,  ,  
2019-06-21 09:25:00,28.27,19.1290175922,751.411791024,  ,  ,0.80000397743,3.3000164069,57.7333333333,0.0,  ,  ,0.0,  ,  
2019-06-21 09:30:00,28.3266666667,19.1353917207,751.411791024,  ,  ,1.04750520795,2.40001193229,57.5666666667,0.0,  ,  ,0.0,  ,  
2019-06-21 09:35:00,28.5366666667,19.3124790343,751.411791024,  ,  ,1.10000546897,2.90001441819,57.5,0.0,  ,  ,0.0,  ,  
2019-06-21 09:40:00,28.5033333333,19.2253743426,751.411791024,  ,  ,0.852504238449,3.90001938997,57.3,0.0,  ,  ,0.0,  ,  
2019-06-21 09:45:00,28.51,19.184750445,751.411791024,  ,  ,0.80000397743,3.40001690408,57.1333333333,0.0,  ,  ,0.0,  ,  
2019-06-21 09:50:00,28.4333333333,19.0476280089,751.411791024,  ,  ,1.46000725881,4.30002137869,56.9,0.0,  ,  ,0.0,  ,  
2019-06-21 09:55:00,28.2566666667,18.8549917499,751.411791024,  ,  ,1.60000795486,3.10001541254,56.8,0.0,  ,  ,0.0,  ,  
2019-06-21 10:00:00,28.13,18.802808758,751.411791024,  ,  ,1.35250672434,1.60000795486,57.0333333333,0.0,  ,  ,0.0,  ,  
2019-06-21 10:05:00,28.1033333333,18.8993285228,751.411791024,  ,  ,1.30000646332,1.9000094464,57.4666666667,0.0,  ,  ,0.0,  ,  
2019-06-21 10:10:00,28.1,19.0629233044,751.411791024,  ,  ,0.722503592117,2.40001193229,58.0666666667,0.0,  ,  ,0.0,  ,  
2019-06-21 10:15:00,28.24,19.1750964139,751.34722309,  ,  ,0.600002983073,2.80001392101,58.0,0.0,  ,  ,0.0,  ,  
2019-06-21 10:20:00,28.4866666667,19.1254761868,751.336784856,  ,  ,0.765003803418,2.30001143511,57.0,0.0,  ,  ,0.0,  ,  
2019-06-21 10:25:00,28.7233333333,19.2230117339,751.336784856,  ,  ,0.80000397743,2.60001292665,56.5666666667,0.0,  ,  ,0.0,  ,  
2019-06-21 10:30:00,29.05,19.1622770114,751.272182648,  ,  ,0.80000397743,1.60000795486,55.3,0.0,  ,  ,0.0,  ,  
2019-06-21 10:35:00,29.3633333333,19.2182738279,751.261778688,  ,  ,0.80000397743,2.40001193229,54.5,0.0,  ,  ,0.0,  ,  
2019-06-21 10:40:00,29.69,19.2824635084,751.261778688,  ,  ,0.14000069605,1.9000094464,53.7,0.0,  ,  ,0.0,  ,  
2019-06-21 10:45:00,29.8766666667,19.1828942079,751.197166071,  ,  ,0.0,1.30000646332,52.8,0.0,  ,  ,0.0,  ,  
2019-06-21 10:50:00,29.9066666667,19.1800673467,751.18677252,  ,  ,0.0,2.60001292665,52.7,0.0,  ,  ,0.0,  ,  
2019-06-21 10:55:00,30.1433333333,19.0277831428,751.18677252,  ,  ,0.0,3.10001541254,51.5,0.0,  ,  ,0.0,  ,  
2019-06-21 11:00:00,30.1266666667,19.012471072,751.18677252,  ,  ,0.66000328138,1.30000646332,51.5,0.0,  ,  ,0.0,  ,  
2019-06-21 11:05:00,29.8433333333,18.9686316354,751.18677252,  ,  ,0.80000397743,2.60001292665,52.2,0.0,  ,  ,0.0,  ,  
2019-06-21 11:10:00,29.8733333333,18.7589624081,751.18677252,  ,  ,0.80000397743,2.40001193229,51.4333333333,0.0,  ,  ,0.0,  ,  
2019-06-21 11:15:00,29.85,18.8822996527,751.122172479,  ,  ,0.80000397743,4.10002038433,51.9,0.0,  ,  ,0.0,  ,  
2019-06-21 11:20:00,29.8,18.5979513315,751.111766352,  ,  ,0.635003157085,1.10000546897,51.1333333333,0.0,  ,  ,0.0,  ,  
2019-06-21 11:25:00,29.81,18.5234829159,751.111766352,  ,  ,0.600002983073,1.30000646332,50.8666666667,0.0,  ,  ,0.0,  ,  
2019-06-21 11:30:00,29.5933333333,18.574125143,751.111766352,  ,  ,0.105000522038,3.40001690408,51.6666666667,0.0,  ,  ,0.0,  ,  
2019-06-21 11:35:00,29.4,18.6013938002,751.111766352,  ,  ,0.0,5.50002734483,52.3333333333,0.0,  ,  ,0.0,  ,  
2019-06-21 11:40:00,29.5833333333,18.3782022148,751.111766352,  ,  ,0.66000328138,3.3000164069,51.0666666667,0.0,  ,  ,0.0,  ,  
2019-06-21 11:45:00,29.7666666667,18.3575728296,751.047166311,  ,  ,0.80000397743,1.4000069605,50.4666666667,0.0,  ,  ,0.0,  ,  
2019-06-21 11:50:00,29.8733333333,18.455331943,751.036760184,  ,  ,0.635003157085,3.80001889279,50.4666666667,0.0,  ,  ,0.0,  ,  
2019-06-21 11:55:00,30.05,18.9004474895,751.036760184,  ,  ,0.600002983073,4.80002386458,51.3666666667,0.0,  ,  ,0.0,  ,  
2019-06-21 12:00:00,30.1666666667,18.8085943637,751.036760184,  ,  ,1.59000790514,3.10001541254,50.7333333333,0.0,  ,  ,0.0,  ,  
2019-06-21 12:05:00,30.2,18.7229245305,751.036760184,  ,  ,1.80000894922,3.60001789844,50.3666666667,0.0,  ,  ,0.0,  ,  
2019-06-21 12:10:00,30.2,18.9232352235,751.036760184,  ,  ,1.63500812887,4.50002237305,51.0,0.0,  ,  ,0.0,  ,  
2019-06-21 12:15:00,30.2,18.9232352235,751.101328118,  ,  ,1.60000795486,2.90001441819,51.0,0.0,  ,  ,0.0,  ,  
2019-06-21 12:20:00,30.2,19.0798435922,751.111766352,  ,  ,1.84750918538,5.50002734483,51.5,0.0,  ,  ,0.0,  ,  
2019-06-21 12:25:00,29.9866666667,19.0182959106,751.111766352,  ,  ,1.9000094464,5.80002883637,51.9333333333,0.0,  ,  ,0.0,  ,  
2019-06-21 12:30:00,29.8,18.8671779337,751.047164144,  ,  ,1.81750903622,4.10002038433,52.0,0.0,  ,  ,0.0,  ,  
2019-06-21 12:35:00,29.7233333333,18.9704711635,751.036760184,  ,  ,1.80000894922,3.90001938997,52.5666666667,0.0,  ,  ,0.0,  ,  
2019-06-21 12:40:00,29.6733333333,19.41623404,751.036760184,  ,  ,1.38750689836,2.60001292665,54.2,0.0,  ,  ,0.0,  ,  
2019-06-21 12:45:00,29.7,19.6673357246,751.101333303,  ,  ,1.30000646332,5.30002635048,54.9666666667,0.0,  ,  ,0.0,  ,  
2019-06-21 12:50:00,29.64,19.8643191724,751.111766352,  ,  ,1.13500564298,2.10001044075,55.8333333333,0.0,  ,  ,0.0,  ,  
2019-06-21 12:55:00,29.5966666667,19.6788529682,751.111766352,  ,  ,1.10000546897,4.30002137869,55.3333333333,0.0,  ,  ,0.0,  ,  
2019-06-21 13:00:00,29.4133333333,19.4407841447,751.111766352,  ,  ,0.852504238449,2.40001193229,55.1,0.0,  ,  ,0.0,  ,  
2019-06-21 13:05:00,29.4,19.660795346,751.111766352,  ,  ,0.80000397743,4.80002386458,55.9,0.0,  ,  ,0.0,  ,  
2019-06-21 13:10:00,29.5766666667,19.8633032536,751.111766352,  ,  ,1.04750520795,5.00002485894,56.0333333333,0.0,  ,  ,0.0,  ,  
2019-06-21 13:15:00,29.5733333333,20.0609909684,751.176334286,  ,  ,1.10000546897,4.30002137869,56.7333333333,0.0,  ,  ,0.0,  ,  
2019-06-21 13:20:00,28.9066666667,19.2219158712,751.18677252,  ,  ,1.26500628931,5.10002535612,55.9666666667,0.0,  ,  ,0.0,  ,  
2019-06-21 13:25:00,28.53,19.1846039765,751.18677252,  ,  ,1.30000646332,3.90001938997,57.0666666667,0.0,  ,  ,0.0,  ,  
2019-06-21 13:30:00,28.4366666667,19.1258355116,751.315844237,  ,  ,1.13500564298,4.60002287023,57.1666666667,0.0,  ,  ,0.0,  ,  
2019-06-21 13:35:00,28.06,18.9886935271,751.336784856,  ,  ,1.10000546897,5.10002535612,57.9333333333,0.0,  ,  ,0.0,  ,  
2019-06-21 13:40:00,27.8766666667,19.074094835,751.336784856,  ,  ,1.51250751983,3.3000164069,58.8666666667,0.0,  ,  ,0.0,  ,  
2019-06-21 13:45:00,27.82,19.5144443277,751.401387064,  ,  ,1.60000795486,3.40001690408,60.7,0.0,  ,  ,0.0,  ,  
2019-06-21 13:50:00,27.8666666667,19.4160361523,751.411791024,  ,  ,0.775003853136,5.10002535612,60.1666666667,0.0,  ,  ,0.0,  ,  
2019-06-21 13:55:00,27.7133333333,19.5816087186,751.411791024,  ,  ,0.600002983073,4.50002237305,61.3333333333,0.0,  ,  ,0.0,  ,  
2019-06-21 14:00:00,27.3566666667,19.6356355971,751.347131822,  ,  ,1.26000626445,5.10002535612,62.8333333333,0.0,  ,  ,0.0,  ,  
2019-06-21 14:05:00,27.1333333333,19.6628082135,751.336784856,  ,  ,1.4000069605,4.10002038433,63.7666666667,0.0,  ,  ,0.0,  ,  
2019-06-21 14:10:00,26.7533333333,19.4880456328,751.336784856,  ,  ,1.15250572999,3.60001789844,64.5,0.0,  ,  ,0.0,  ,  
2019-06-21 14:15:00,26.5166666667,19.0887973319,751.465856573,  ,  ,1.10000546897,2.90001441819,63.8,0.0,  ,  ,0.0,  ,  
2019-06-21 14:20:00,26.31,19.1763027627,751.486797192,  ,  ,0.935004648622,3.3000164069,64.9333333333,0.0,  ,  ,0.0,  ,  
2019-06-21 14:25:00,25.9266666667,19.5709992935,751.486797192,  ,  ,0.900004474609,1.9000094464,68.0666666667,0.0,  ,  ,0.0,  ,  
2019-06-21 14:30:00,25.6166666667,19.580457511,751.61593306,  ,  ,0.652503244092,1.30000646332,69.3666666667,0.0,  ,  ,0.0,  ,  
2019-06-21 14:35:00,25.3166666667,19.1543538594,751.636809528,  ,  ,0.600002983073,2.60001292665,68.7666666667,0.0,  ,  ,0.0,  ,  
2019-06-21 14:40:00,25.1233333333,19.0088249007,751.636809528,  ,  ,0.600002983073,1.4000069605,68.9333333333,0.0,  ,  ,0.0,  ,  
2019-06-21 14:45:00,25.0033333333,19.1408613074,751.636809528,  ,  ,0.600002983073,2.40001193229,70.0,0.0,  ,  ,0.0,  ,  
2019-06-21 14:50:00,24.8333333333,19.100236718,751.636809528,  ,  ,0.600002983073,1.30000646332,70.5333333333,0.0,  ,  ,0.0,  ,  
2019-06-21 14:55:00,24.8033333333,19.3726616659,751.636809528,  ,  ,0.600002983073,2.80001392101,71.8666666667,0.0,  ,  ,0.0,  ,  
2019-06-21 15:00:00,24.8,19.4291019832,751.701377462,  ,  ,0.600002983073,2.60001292665,72.1333333333,0.0,  ,  ,0.0,  ,  
2019-06-21 15:05:00,24.76,19.5241637692,751.711815696,  ,  ,0.600002983073,2.80001392101,72.7333333333,0.0,  ,  ,0.0,  ,  
2019-06-21 15:10:00,24.6366666667,19.2128175708,751.711815696,  ,  ,0.105000522038,2.40001193229,71.8666666667,0.0,  ,  ,0.0,  ,  
2019-06-21 15:15:00,24.4466666667,18.8359373078,751.711815696,  ,  ,0.0,2.30001143511,71.0,0.0,  ,  ,0.0,  ,  
2019-06-21 15:20:00,24.3633333333,18.8910278823,751.711815696,  ,  ,0.495002461035,2.10001044075,71.6,0.0,  ,  ,0.0,  ,  
2019-06-21 15:25:00,24.26,18.970156774,751.711815696,  ,  ,0.600002983073,1.30000646332,72.4,0.0,  ,  ,0.0,  ,  
2019-06-21 15:30:00,24.2,19.0816378732,751.647279838,  ,  ,0.105000522038,1.4000069605,73.1666666667,0.0,  ,  ,0.0,  ,  
2019-06-21 15:35:00,24.2,18.9568142248,751.636809528,  ,  ,0.0,0.0,72.6,0.0,  ,  ,0.0,  ,  
2019-06-21 15:40:00,24.2,18.8755909593,751.636809528,  ,  ,0.0,0.0,72.2333333333,0.0,  ,  ,0.0,  ,  
2019-06-21 15:45:00,24.26,18.9479771982,751.57220732,  ,  ,0.0,0.0,72.3,0.0,  ,  ,0.0,  ,  
2019-06-21 15:50:00,24.3566666667,19.2102472106,751.56180336,  ,  ,0.0,0.0,73.0666666667,0.0,  ,  ,0.0,  ,  
2019-06-21 15:55:00,24.4333333333,18.9357091619,751.56180336,  ,  ,0.0,0.0,71.5,0.0,  ,  ,0.0,  ,  
2019-06-21 16:00:00,24.4066666667,18.8577267479,751.432667492,  ,  ,0.0,0.0,71.2666666667,0.0,  ,  ,0.0,  ,  
2019-06-21 16:05:00,24.3366666667,19.0067558718,751.411791024,  ,  ,0.0,0.0,72.2333333333,0.0,  ,  ,0.0,  ,  
2019-06-21 16:10:00,24.2766666667,19.3519713065,751.411791024,  ,  ,0.0,0.0,74.0666666667,0.0,  ,  ,0.0,  ,  
2019-06-21 16:15:00,24.2,19.3287684745,751.218183449,  ,  ,0.0,0.0,74.3,0.0,  ,  ,0.0,  ,  
2019-06-21 16:20:00,24.14,19.514724495,751.18677252,  ,  ,0.0,0.0,75.4333333333,0.0,  ,  ,0.0,  ,  
2019-06-21 16:25:00,24.2,19.5083869927,751.18677252,  ,  ,0.0,0.0,75.1333333333,0.0,  ,  ,0.0,  ,  
2019-06-21 16:30:00,24.2,19.4152040915,750.993068718,  ,  ,0.0,0.0,74.7,0.0,  ,  ,0.0,  ,  
2019-06-21 16:35:00,24.1966666667,19.3832253697,750.961754016,  ,  ,0.0,0.0,74.5666666667,0.0,  ,  ,0.0,  ,  
2019-06-21 16:40:00,24.2,19.2564272842,750.961754016,  ,  ,0.0,0.0,73.9666666667,0.0,  ,  ,0.0,  ,  
2019-06-21 16:45:00,24.2,19.2491774885,750.897136202,  ,  ,0.0,0.900004474609,73.9333333333,0.0,  ,  ,0.0,  ,  
2019-06-21 16:50:00,24.2,19.2636742224,750.886747848,  ,  ,0.0,1.80000894922,74.0,0.0,  ,  ,0.0,  ,  
2019-06-21 16:55:00,24.2,19.2636742224,750.886747848,  ,  ,0.0,1.4000069605,74.0,0.0,  ,  ,0.0,  ,  
2019-06-21 17:00:00,24.2,19.2636742224,750.693252055,  ,  ,0.0,1.30000646332,74.0,0.0,  ,  ,0.0,  ,  
2019-06-21 17:05:00,24.2,19.4654380755,750.661729344,  ,  ,0.0,0.900004474609,74.9333333333,0.0,  ,  ,0.0,  ,  
2019-06-21 17:10:00,24.2433333333,19.5430280552,750.661729344,  ,  ,0.0,1.30000646332,75.1,0.0,  ,  ,0.0,  ,  
2019-06-21 17:15:00,24.3366666667,19.6043793668,750.597198689,  ,  ,0.0,1.9000094464,74.9666666667,0.0,  ,  ,0.0,  ,  
2019-06-21 17:20:00,24.4,19.6582696756,750.586723176,  ,  ,0.0,1.9000094464,74.9333333333,0.0,  ,  ,0.0,  ,  
2019-06-21 17:25:00,24.4333333333,19.7047602721,750.586723176,  ,  ,0.0,1.9000094464,75.0,0.0,  ,  ,0.0,  ,  
2019-06-21 17:30:00,24.5966666667,19.8981286999,750.522261245,  ,  ,0.0,1.60000795486,75.1666666667,0.0,  ,  ,0.0,  ,  
2019-06-21 17:35:00,24.6333333333,19.9693101476,750.511717008,  ,  ,0.0,1.9000094464,75.3333333333,0.0,  ,  ,0.0,  ,  
2019-06-21 17:40:00,24.6666666667,20.1440818012,750.511717008,  ,  ,0.0,1.9000094464,76.0,0.0,  ,  ,0.0,  ,  
2019-06-21 17:45:00,24.7,20.1975786551,750.447186354,  ,  ,0.0,0.0,76.1,0.0,  ,  ,0.0,  ,  
2019-06-21 17:50:00,24.7333333333,20.3852940901,750.43671084,  ,  ,0.0,1.60000795486,76.8333333333,0.0,  ,  ,0.0,  ,  
2019-06-21 17:55:00,24.7033333333,20.3984586701,750.43671084,  ,  ,0.0,0.900004474609,77.0333333333,0.0,  ,  ,0.0,  ,  
2019-06-21 18:00:00,24.6566666667,20.4373522211,750.372180185,  ,  ,0.0,0.600002983073,77.4333333333,0.0,  ,  ,0.0,  ,  
2019-06-21 18:05:00,24.6,20.0299285393,750.361704672,  ,  ,0.0,1.9000094464,75.7666666667,0.0,  ,  ,0.0,  ,  
2019-06-21 18:10:00,24.6,19.502806037,750.361704672,  ,  ,0.0,2.10001044075,73.3333333333,0.0,  ,  ,0.0,  ,  
2019-06-21 18:15:00,24.6,19.3999695844,750.232707477,  ,  ,0.0,1.60000795486,72.8666666667,0.0,  ,  ,0.0,  ,  
2019-06-21 18:20:00,24.6,19.9299954596,750.211692336,  ,  ,0.495002461035,0.600002983073,75.3,0.0,  ,  ,0.0,  ,  
2019-06-21 18:25:00,24.58,20.0603767654,750.211692336,  ,  ,0.600002983073,1.9000094464,76.0,0.0,  ,  ,0.0,  ,  
2019-06-21 18:30:00,24.44,20.0100582307,750.082563039,  ,  ,0.105000522038,1.60000795486,76.4,0.0,  ,  ,0.0,  ,  
2019-06-21 18:35:00,24.4033333333,20.080170469,750.06168,  ,  ,0.0,1.30000646332,76.9,0.0,  ,  ,0.0,  ,  
2019-06-21 18:40:00,24.3733333333,19.9315096784,750.06168,  ,  ,0.0,2.40001193229,76.3333333333,0.0,  ,  ,0.0,  ,  
2019-06-21 18:45:00,24.2633333333,19.6408650225,750.06168,  ,  ,0.0,2.60001292665,75.4666666667,0.0,  ,  ,0.0,  ,  
2019-06-21 18:50:00,24.2,19.4797655105,750.06168,  ,  ,0.495002461035,2.30001143511,75.0,0.0,  ,  ,0.0,  ,  
2019-06-21 18:55:00,24.2066666667,19.493353931,750.06168,  ,  ,0.600002983073,2.60001292665,75.0333333333,0.0,  ,  ,0.0,  ,  
2019-06-21 19:00:00,24.21,19.6178659709,749.932618691,  ,  ,0.600002983073,2.80001392101,75.6,0.0,  ,  ,0.0,  ,  
2019-06-21 19:05:00,24.1733333333,19.6675942514,749.911667664,  ,  ,0.600002983073,3.10001541254,76.0,0.0,  ,  ,0.0,  ,  
2019-06-21 19:10:00,24.07,19.553636991,749.911667664,  ,  ,0.765003803418,2.90001441819,75.9333333333,0.0,  ,  ,0.0,  ,  
2019-06-21 19:15:00,23.9166666667,19.2065478714,749.782606355,  ,  ,0.80000397743,3.60001789844,75.0,0.0,  ,  ,0.0,  ,  
2019-06-21 19:20:00,23.9,19.1403939004,749.761655328,  ,  ,1.04750520795,2.80001392101,74.7666666667,0.0,  ,  ,0.0,  ,  
2019-06-21 19:25:00,23.89,19.1164212824,749.761655328,  ,  ,1.10000546897,2.30001143511,74.7,0.0,  ,  ,0.0,  ,  
2019-06-21 19:30:00,23.7833333333,19.0779711781,749.761655328,  ,  ,0.935004648622,3.40001690408,75.0,0.0,  ,  ,0.0,  ,  
2019-06-21 19:35:00,23.62,19.0625064504,749.761655328,  ,  ,0.900004474609,3.10001541254,75.6666666667,0.0,  ,  ,0.0,  ,  
2019-06-21 19:40:00,23.5066666667,19.0236430799,749.761655328,  ,  ,1.06500529495,1.9000094464,76.0,0.0,  ,  ,0.0,  ,  
2019-06-21 19:45:00,23.5966666667,18.9974891937,749.761655328,  ,  ,1.10000546897,3.40001690408,75.4666666667,0.0,  ,  ,0.0,  ,  
2019-06-21 19:50:00,23.6366666667,18.93653409,749.761655328,  ,  ,0.852504238449,3.60001789844,75.0,0.0,  ,  ,0.0,  ,  
2019-06-21 19:55:00,23.7,18.8615581058,749.761655328,  ,  ,0.80000397743,2.10001044075,74.3666666667,0.0,  ,  ,0.0,  ,  
2019-06-21 20:00:00,23.73,18.9048298199,749.761655328,  ,  ,0.80000397743,1.9000094464,74.4333333333,0.0,  ,  ,0.0,  ,  
2019-06-21 20:05:00,23.7966666667,18.9906057832,749.761655328,  ,  ,0.80000397743,2.60001292665,74.5333333333,0.0,  ,  ,0.0,  ,  
2019-06-21 20:10:00,23.7866666667,19.0811856242,749.761655328,  ,  ,0.80000397743,2.90001441819,75.0,0.0,  ,  ,0.0,  ,  
2019-06-21 20:15:00,23.6233333333,19.0303153729,749.697161953,  ,  ,0.80000397743,2.40001193229,75.5,0.0,  ,  ,0.0,  ,  
2019-06-21 20:20:00,23.43,19.0128143972,749.68664916,  ,  ,0.882504387603,2.80001392101,76.3,0.0,  ,  ,0.0,  ,  
2019-06-21 20:25:00,23.3,19.0337240167,749.68664916,  ,  ,0.900004474609,2.40001193229,77.0,0.0,  ,  ,0.0,  ,  
2019-06-21 20:30:00,23.3,19.0337240167,749.68664916,  ,  ,0.817504064437,1.9000094464,77.0,0.0,  ,  ,0.0,  ,  
2019-06-21 20:35:00,23.2433333333,19.0205340104,749.68664916,  ,  ,0.80000397743,2.60001292665,77.2,0.0,  ,  ,0.0,  ,  
2019-06-21 20:40:00,23.13,19.0694512336,749.68664916,  ,  ,0.80000397743,2.10001044075,77.9666666667,0.0,  ,  ,0.0,  ,  
2019-06-21 20:45:00,23.0533333333,19.002013945,749.68664916,  ,  ,0.80000397743,2.40001193229,78.0,0.0,  ,  ,0.0,  ,  
2019-06-21 20:50:00,22.9966666667,18.9470942715,749.68664916,  ,  ,0.635003157085,2.90001441819,78.0,0.0,  ,  ,0.0,  ,  
2019-06-21 20:55:00,22.9566666667,18.9083272198,749.68664916,  ,  ,0.600002983073,2.80001392101,78.0,0.0,  ,  ,0.0,  ,  
2019-06-21 21:00:00,22.8566666667,18.9614874943,749.622230344,  ,  ,0.765003803418,2.60001292665,78.7333333333,0.0,  ,  ,0.0,  ,  
2019-06-21 21:05:00,22.75,18.9122127493,749.611642992,  ,  ,0.80000397743,2.10001044075,79.0,0.0,  ,  ,0.0,  ,  
2019-06-21 21:10:00,22.7,18.8636752774,749.611642992,  ,  ,0.80000397743,2.10001044075,79.0,0.0,  ,  ,0.0,  ,  
2019-06-21 21:15:00,22.7466666667,18.9089769264,749.5472877,  ,  ,0.80000397743,2.80001392101,79.0,0.0,  ,  ,0.0,  ,  
2019-06-21 21:20:00,22.8,18.9607499467,749.536636824,  ,  ,0.80000397743,2.40001193229,79.0,0.0,  ,  ,0.0,  ,  
2019-06-21 21:25:00,22.7366666667,18.8992694503,749.536636824,  ,  ,0.80000397743,2.30001143511,79.0,0.0,  ,  ,0.0,  ,  
2019-06-21 21:30:00,22.7,18.8636752774,749.536636824,  ,  ,0.635003157085,2.40001193229,79.0,0.0,  ,  ,0.0,  ,  
2019-06-21 21:35:00,22.7,18.8636752774,749.536636824,  ,  ,0.600002983073,2.60001292665,79.0,0.0,  ,  ,0.0,  ,  
2019-06-21 21:40:00,22.7033333333,18.8669111174,749.536636824,  ,  ,0.600002983073,2.60001292665,79.0,0.0,  ,  ,0.0,  ,  
2019-06-21 21:45:00,22.7566666667,18.8100636125,749.536636824,  ,  ,0.600002983073,2.60001292665,78.4666666667,0.0,  ,  ,0.0,  ,  
2019-06-21 21:50:00,22.7033333333,18.6627982677,749.536636824,  ,  ,0.765003803418,2.60001292665,78.0,0.0,  ,  ,0.0,  ,  
2019-06-21 21:55:00,22.6433333333,18.6046455881,749.536636824,  ,  ,0.80000397743,2.60001292665,78.0,0.0,  ,  ,0.0,  ,  
2019-06-21 22:00:00,22.6,18.562646172,749.60105564,  ,  ,0.635003157085,2.80001392101,78.0,0.0,  ,  ,0.0,  ,  
2019-06-21 22:05:00,22.6933333333,18.5914304495,749.611642992,  ,  ,0.600002983073,3.10001541254,77.7,0.0,  ,  ,0.0,  ,  
2019-06-21 22:10:00,22.8,18.5499211579,749.611642992,  ,  ,0.765003803418,2.40001193229,77.0,0.0,  ,  ,0.0,  ,  
2019-06-21 22:15:00,22.7466666667,18.4983137313,749.611642992,  ,  ,0.80000397743,2.60001292665,77.0,0.0,  ,  ,0.0,  ,  
2019-06-21 22:20:00,22.6666666667,18.4209019448,749.611642992,  ,  ,0.80000397743,2.60001292665,77.0,0.0,  ,  ,0.0,  ,  
2019-06-21 22:25:00,22.6,18.3563915302,749.611642992,  ,  ,0.80000397743,3.3000164069,77.0,0.0,  ,  ,0.0,  ,  
2019-06-21 22:30:00,22.6,18.3563915302,749.547224176,  ,  ,0.882504387603,2.60001292665,77.0,0.0,  ,  ,0.0,  ,  
2019-06-21 22:35:00,22.6766666667,18.3543198627,749.536636824,  ,  ,0.900004474609,3.3000164069,76.6333333333,0.0,  ,  ,0.0,  ,  
2019-06-21 22:40:00,22.7,18.2443867287,749.536636824,  ,  ,1.06500529495,3.80001889279,76.0,0.0,  ,  ,0.0,  ,  
2019-06-21 22:45:00,22.7766666667,18.2482867152,749.536636824,  ,  ,1.10000546897,5.00002485894,75.6666666667,0.0,  ,  ,0.0,  ,  
2019-06-21 22:50:00,22.85,18.1707782574,749.536636824,  ,  ,1.26500628931,4.80002386458,74.9666666667,0.0,  ,  ,0.0,  ,  
2019-06-21 22:55:00,22.9233333333,18.0345666534,749.536636824,  ,  ,1.30000646332,4.50002237305,74.0,0.0,  ,  ,0.0,  ,  
2019-06-21 23:00:00,23.02,18.1276401434,749.472223272,  ,  ,1.71250851419,3.90001938997,74.0,0.0,  ,  ,0.0,  ,  
2019-06-21 23:05:00,23.1,18.002340411,749.461630656,  ,  ,1.80000894922,3.60001789844,73.0666666667,0.0,  ,  ,0.0,  ,  
2019-06-21 23:10:00,23.1,17.9878022042,749.461630656,  ,  ,1.63500812887,3.10001541254,73.0,0.0,  ,  ,0.0,  ,  
2019-06-21 23:15:00,23.1,17.9003280801,749.719051825,  ,  ,1.60000795486,6.10003032791,72.6,0.0,  ,  ,0.0,  ,  
2019-06-21 23:20:00,23.15,17.8162988238,749.761655328,  ,  ,1.76500877521,4.10002038433,72.0,0.0,  ,  ,0.0,  ,  
2019-06-21 23:25:00,23.1733333333,17.8386876603,749.761655328,  ,  ,1.80000894922,3.60001789844,72.0,0.0,  ,  ,0.0,  ,  
2019-06-21 23:30:00,23.1066666667,17.7673571215,749.697241776,  ,  ,1.47000730853,3.10001541254,71.9666666667,0.0,  ,  ,0.0,  ,  
2019-06-21 23:35:00,23.1633333333,17.6737892372,749.68664916,  ,  ,1.4000069605,3.10001541254,71.3,0.0,  ,  ,0.0,  ,  
2019-06-21 23:40:00,23.1933333333,17.6802397596,749.68664916,  ,  ,1.31750655033,3.3000164069,71.2,0.0,  ,  ,0.0,  ,  
2019-06-21 23:45:00,23.15,17.7720662822,749.81542279,  ,  ,1.30000646332,1.80000894922,71.8,0.0,  ,  ,0.0,  ,  
2019-06-21 23:50:00,23.1,17.7683224698,749.836661496,  ,  ,0.887504412462,1.4000069605,72.0,0.0,  ,  ,0.0,  ,  
  

    

