Time,TemperatureC,DewpointC,PressurehPa,WindDirection,WindDirectionDegrees,WindSpeedKMH,WindSpeedGustKMH,Humidity,HourlyPrecipMM,Conditions,Clouds,dailyrainMM,SoftwareType,DateUTC
                
2020-01-22 00:00:00,1.4,-0.367096442473,740.010853488,  ,  ,3.3000164069,6.50003231662,88.0,0.0,  ,  ,0.0,  ,  
2020-01-22 00:05:00,1.4,-0.367096442473,739.959817979,  ,  ,3.3000164069,7.80003877995,88.0,0.0,  ,  ,0.0,  ,  
2020-01-22 00:10:00,1.4,-0.367096442473,739.93584732,  ,  ,3.3000164069,7.50003728841,88.0,0.0,  ,  ,0.0,  ,  
2020-01-22 00:15:00,1.4,-0.367096442473,739.93584732,  ,  ,3.31876650012,6.30003132226,88.0,0.0,  ,  ,0.0,  ,  
2020-01-22 00:20:00,1.4,-0.367096442473,740.037965946,  ,  ,3.60001789844,5.80002883637,88.0,0.0,  ,  ,0.0,  ,  
2020-01-22 00:25:00,1.4,-0.367096442473,740.085859656,  ,  ,3.5375175877,5.10002535612,88.0,0.0,  ,  ,0.0,  ,  
2020-01-22 00:30:00,1.4,-0.367096442473,740.085859656,  ,  ,2.60001292665,4.50002237305,88.0,0.0,  ,  ,0.0,  ,  
2020-01-22 00:35:00,1.4,-0.367096442473,740.136895165,  ,  ,2.58126283343,6.30003132226,88.0,0.0,  ,  ,0.0,  ,  
2020-01-22 00:40:00,1.4,-0.367096442473,740.160865824,  ,  ,2.30001143511,5.60002784201,88.0,0.0,  ,  ,0.0,  ,  
2020-01-22 00:45:00,1.4,-0.367096442473,740.160865824,  ,  ,2.30626146619,5.60002784201,88.0,0.0,  ,  ,0.0,  ,  
2020-01-22 00:50:00,1.4,-0.367096442473,740.211925137,  ,  ,2.40001193229,5.60002784201,88.0,0.0,  ,  ,0.0,  ,  
2020-01-22 00:55:00,1.4,-0.367096442473,740.235871992,  ,  ,2.43126208766,7.50003728841,88.0,0.0,  ,  ,0.0,  ,  
2020-01-22 01:00:00,1.4,-0.367096442473,740.235871992,  ,  ,2.90001441819,7.50003728841,88.0,0.0,  ,  ,0.0,  ,  
2020-01-22 01:05:00,1.4,-0.367096442473,740.184791177,  ,  ,2.90001441819,8.0000397743,88.0,0.0,  ,  ,0.0,  ,  
2020-01-22 01:10:00,1.4,-0.367096442473,740.160865824,  ,  ,2.90001441819,7.1000352997,88.0,0.0,  ,  ,0.0,  ,  
2020-01-22 01:15:00,1.4,-0.367096442473,740.160865824,  ,  ,2.95626469785,8.0000397743,88.0,0.0,  ,  ,0.0,  ,  
2020-01-22 01:20:00,1.4,-0.367096442473,740.21190908,  ,  ,3.80001889279,8.30004126584,88.0,0.0,  ,  ,0.0,  ,  
2020-01-22 01:25:00,1.4,-0.367096442473,740.235871992,  ,  ,3.7750187685,6.10003032791,88.0,0.0,  ,  ,0.0,  ,  
2020-01-22 01:30:00,1.4,-0.367096442473,740.235871992,  ,  ,3.40001690408,7.80003877995,88.0,0.0,  ,  ,0.0,  ,  
2020-01-22 01:35:00,1.4,-0.367096442473,740.133648553,  ,  ,3.40001690408,6.10003032791,88.0,0.0,  ,  ,0.0,  ,  
2020-01-22 01:40:00,1.4,-0.367096442473,740.085859656,  ,  ,3.40001690408,8.5000422602,88.0,0.0,  ,  ,0.0,  ,  
2020-01-22 01:45:00,1.4,-0.367096442473,740.085859656,  ,  ,3.41251696623,6.80003380816,88.0,0.0,  ,  ,0.0,  ,  
2020-01-22 01:50:00,1.4,-0.367096442473,740.085859656,  ,  ,3.60001789844,6.6000328138,88.0,0.0,  ,  ,0.0,  ,  
2020-01-22 01:55:00,1.4,-0.367096442473,740.085859656,  ,  ,3.5375175877,6.50003231662,88.0,0.0,  ,  ,0.0,  ,  
2020-01-22 02:00:00,1.4,-0.367096442473,740.085859656,  ,  ,2.60001292665,7.1000352997,88.0,0.0,  ,  ,0.0,  ,  
2020-01-22 02:05:00,1.4,-0.367096442473,739.983764822,  ,  ,2.6125129888,6.6000328138,88.0,0.0,  ,  ,0.0,  ,  
2020-01-22 02:10:00,1.4,-0.367096442473,739.93584732,  ,  ,2.80001392101,7.30003629405,88.0,0.0,  ,  ,0.0,  ,  
2020-01-22 02:15:00,1.4,-0.367096442473,739.93584732,  ,  ,2.83751410745,5.30002635048,88.0,0.0,  ,  ,0.0,  ,  
2020-01-22 02:20:00,1.4,-0.367096442473,739.884774532,  ,  ,3.40001690408,6.00002983073,88.0,0.0,  ,  ,0.0,  ,  
2020-01-22 02:25:00,1.4,-0.367096442473,739.860841152,  ,  ,3.33751659334,5.30002635048,88.0,0.0,  ,  ,0.0,  ,  
2020-01-22 02:30:00,1.4,-0.367096442473,739.860841152,  ,  ,2.40001193229,5.10002535612,88.0,0.0,  ,  ,0.0,  ,  
2020-01-22 02:35:00,1.4,-0.367096442473,739.809805643,  ,  ,2.43126208766,7.80003877995,88.0,0.0,  ,  ,0.0,  ,  
2020-01-22 02:40:00,1.4,-0.367096442473,739.785834984,  ,  ,2.90001441819,6.10003032791,88.0,0.0,  ,  ,0.0,  ,  
2020-01-22 02:45:00,1.4,-0.367096442473,739.785834984,  ,  ,2.90001441819,7.60003778559,88.0,0.0,  ,  ,0.0,  ,  
2020-01-22 02:50:00,1.4,-0.367096442473,739.887929818,  ,  ,2.90001441819,5.50002734483,88.0,0.0,  ,  ,0.0,  ,  
2020-01-22 02:55:00,1.4,-0.367096442473,739.93584732,  ,  ,2.86251423174,5.30002635048,88.0,0.0,  ,  ,0.0,  ,  
2020-01-22 03:00:00,1.4,-0.367096442473,739.93584732,  ,  ,2.30001143511,6.00002983073,88.0,0.0,  ,  ,0.0,  ,  
2020-01-22 03:05:00,1.4,-0.367096442473,739.884774532,  ,  ,2.3500116837,9.00004474609,88.0,0.0,  ,  ,0.0,  ,  
2020-01-22 03:10:00,1.4,-0.367096442473,739.860841152,  ,  ,3.10001541254,6.10003032791,88.0,0.0,  ,  ,0.0,  ,  
2020-01-22 03:15:00,1.4,-0.367096442473,739.860841152,  ,  ,3.13126556791,8.10004027148,88.0,0.0,  ,  ,0.0,  ,  
2020-01-22 03:20:00,1.4,-0.367096442473,739.707734625,  ,  ,3.60001789844,6.50003231662,88.0,0.0,  ,  ,0.0,  ,  
2020-01-22 03:25:00,1.4,-0.367096442473,739.635822648,  ,  ,3.55626768092,6.80003380816,88.0,0.0,  ,  ,0.0,  ,  
2020-01-22 03:30:00,1.4,-0.367096442473,739.635822648,  ,  ,2.90001441819,6.80003380816,88.0,0.0,  ,  ,0.0,  ,  
2020-01-22 03:35:00,1.4,-0.367096442473,739.533739253,  ,  ,2.90001441819,6.10003032791,88.0,0.0,  ,  ,0.0,  ,  
2020-01-22 03:40:00,1.4,-0.367096442473,739.485810312,  ,  ,2.90001441819,6.10003032791,88.0,0.0,  ,  ,0.0,  ,  
2020-01-22 03:45:00,1.4,-0.367096442473,739.485810312,  ,  ,2.90001441819,6.30003132226,88.0,0.0,  ,  ,0.0,  ,  
2020-01-22 03:50:00,1.4,-0.367096442473,739.3837238,  ,  ,2.90001441819,6.00002983073,88.0,0.0,  ,  ,0.0,  ,  
2020-01-22 03:55:00,1.4,-0.367096442473,739.335797976,  ,  ,2.9437646357,10.600052701,88.0,0.0,  ,  ,0.0,  ,  
2020-01-22 04:00:00,1.4,-0.367096442473,739.335797976,  ,  ,3.60001789844,5.50002734483,88.0,0.0,  ,  ,0.0,  ,  
2020-01-22 04:05:00,1.4,-0.367096442473,739.284742727,  ,  ,3.5375175877,6.6000328138,88.0,0.0,  ,  ,0.0,  ,  
2020-01-22 04:10:00,1.4,-0.367096442473,739.260791808,  ,  ,2.60001292665,7.00003480252,88.0,0.0,  ,  ,0.0,  ,  
2020-01-22 04:15:00,1.4,-0.367096442473,739.260791808,  ,  ,2.63126308202,7.1000352997,88.0,0.0,  ,  ,0.0,  ,  
2020-01-22 04:20:00,1.4,-0.367096442473,739.158646231,  ,  ,3.10001541254,8.0000397743,88.0,0.0,  ,  ,0.0,  ,  
2020-01-22 04:25:00,1.4,-0.367096442473,739.110779472,  ,  ,3.11876550576,7.30003629405,88.0,0.0,  ,  ,0.0,  ,  
2020-01-22 04:30:00,1.4,-0.367096442473,739.110779472,  ,  ,3.40001690408,8.0000397743,88.0,0.0,  ,  ,0.0,  ,  
2020-01-22 04:35:00,1.4,-0.367096442473,739.059743963,  ,  ,3.4437671216,7.50003728841,88.0,0.0,  ,  ,0.0,  ,  
2020-01-22 04:40:00,1.4,-0.367096442473,739.035773304,  ,  ,4.10002038433,9.00004474609,88.0,0.0,  ,  ,0.0,  ,  
2020-01-22 04:45:00,1.4,-0.367096442473,739.035773304,  ,  ,4.08752032218,6.6000328138,88.0,0.0,  ,  ,0.0,  ,  
2020-01-22 04:50:00,1.4,-0.367096442473,738.984725887,  ,  ,3.90001938997,7.50003728841,88.0,0.0,  ,  ,0.0,  ,  
2020-01-22 04:55:00,1.4,-0.367096442473,738.960767136,  ,  ,3.92501951427,10.1000502151,88.0,0.0,  ,  ,0.0,  ,  
2020-01-22 05:00:00,1.4,-0.367096442473,738.960767136,  ,  ,4.30002137869,6.80003380816,88.0,0.0,  ,  ,0.0,  ,  
2020-01-22 05:05:00,1.4,-0.367096442473,738.960767136,  ,  ,4.25627116117,7.60003778559,88.0,0.0,  ,  ,0.0,  ,  
2020-01-22 05:10:00,1.4,-0.367096442473,738.960767136,  ,  ,3.60001789844,7.00003480252,88.0,0.0,  ,  ,0.0,  ,  
2020-01-22 05:15:00,1.4,-0.367096442473,738.960767136,  ,  ,3.60001789844,8.10004027148,88.0,0.0,  ,  ,0.0,  ,  
2020-01-22 05:20:00,1.4,-0.367096442473,738.807660609,  ,  ,3.60001789844,9.60004772917,88.0,0.0,  ,  ,0.0,  ,  
2020-01-22 05:25:00,1.4,-0.367096442473,738.735748632,  ,  ,3.58751783629,6.10003032791,88.0,0.0,  ,  ,0.0,  ,  
2020-01-22 05:30:00,1.4,-0.367096442473,738.735748632,  ,  ,3.40001690408,7.80003877995,88.0,0.0,  ,  ,0.0,  ,  
2020-01-22 05:35:00,1.4,-0.367096442473,738.633653798,  ,  ,3.42501702837,8.60004275738,88.0,0.0,  ,  ,0.0,  ,  
2020-01-22 05:40:00,1.4,-0.367096442473,738.585736296,  ,  ,3.80001889279,5.80002883637,88.0,0.0,  ,  ,0.0,  ,  
2020-01-22 05:45:00,1.4,-0.367096442473,738.585736296,  ,  ,3.7750187685,7.00003480252,88.0,0.0,  ,  ,0.0,  ,  
2020-01-22 05:50:00,1.4,-0.367096442473,738.534700787,  ,  ,3.40001690408,8.30004126584,88.0,0.0,  ,  ,0.0,  ,  
2020-01-22 05:55:00,1.4,-0.367096442473,738.510730128,  ,  ,3.40001690408,7.1000352997,88.0,0.0,  ,  ,0.0,  ,  
2020-01-22 06:00:00,1.4,-0.367096442473,738.510730128,  ,  ,3.40001690408,7.1000352997,88.0,0.0,  ,  ,0.0,  ,  
2020-01-22 06:05:00,1.4,-0.367096442473,738.510730128,  ,  ,3.40001690408,8.0000397743,88.0,0.0,  ,  ,0.0,  ,  
2020-01-22 06:10:00,1.4,-0.367096442473,738.510730128,  ,  ,3.40001690408,6.30003132226,88.0,0.0,  ,  ,0.0,  ,  
2020-01-22 06:15:00,1.4,-0.367096442473,738.510730128,  ,  ,3.35001665549,5.60002784201,88.0,0.0,  ,  ,0.0,  ,  
2020-01-22 06:20:00,1.4,-0.367096442473,738.408568497,  ,  ,2.60001292665,5.60002784201,88.0,0.0,  ,  ,0.0,  ,  
2020-01-22 06:25:00,1.4,-0.367096442473,738.360717792,  ,  ,2.60001292665,5.00002485894,88.0,0.0,  ,  ,0.0,  ,  
2020-01-22 06:30:00,1.4,-0.367096442473,738.360717792,  ,  ,2.60001292665,4.10002038433,88.0,0.0,  ,  ,0.0,  ,  
2020-01-22 06:35:00,1.4,-0.367096442473,738.207588024,  ,  ,2.58126283343,4.30002137869,88.0,0.0,  ,  ,0.0,  ,  
2020-01-22 06:40:00,1.4,-0.367096442473,738.135699288,  ,  ,2.30001143511,4.80002386458,88.0,0.0,  ,  ,0.0,  ,  
2020-01-22 06:45:00,1.4,-0.367096442473,738.135699288,  ,  ,2.27501131082,5.00002485894,88.0,0.0,  ,  ,0.0,  ,  
2020-01-22 06:50:00,1.4,-0.367096442473,738.084651871,  ,  ,1.9000094464,4.50002237305,88.0,0.0,  ,  ,0.0,  ,  
2020-01-22 06:55:00,1.4,-0.367096442473,738.06069312,  ,  ,1.91250950854,4.80002386458,88.0,0.0,  ,  ,0.0,  ,  
2020-01-22 07:00:00,1.4,-0.367096442473,738.06069312,  ,  ,2.10001044075,5.00002485894,88.0,0.0,  ,  ,0.0,  ,  
2020-01-22 07:05:00,1.4,-0.367096442473,738.009620332,  ,  ,2.08126034753,3.90001938997,88.0,0.0,  ,  ,0.0,  ,  
2020-01-22 07:10:00,1.4,-0.367096442473,737.985686952,  ,  ,1.80000894922,4.50002237305,88.0,0.0,  ,  ,0.0,  ,  
2020-01-22 07:15:00,1.4,-0.367096442473,737.985686952,  ,  ,1.81875904244,3.90001938997,88.0,0.0,  ,  ,0.0,  ,  
2020-01-22 07:20:00,1.4,-0.367096442473,737.883592118,  ,  ,2.10001044075,4.60002287023,88.0,0.0,  ,  ,0.0,  ,  
2020-01-22 07:25:00,1.4,-0.367096442473,737.835674616,  ,  ,2.10001044075,6.50003231662,88.0,0.0,  ,  ,0.0,  ,  
2020-01-22 07:30:00,1.4,-0.367096442473,737.835674616,  ,  ,2.10001044075,4.10002038433,88.0,0.0,  ,  ,0.0,  ,  
2020-01-22 07:35:00,1.4,-0.367096442473,737.631484949,  ,  ,2.1125105029,6.30003132226,88.0,0.0,  ,  ,0.0,  ,  
2020-01-22 07:40:00,1.4,-0.367096442473,737.535649944,  ,  ,2.30001143511,5.60002784201,88.0,0.0,  ,  ,0.0,  ,  
2020-01-22 07:45:00,1.4,-0.367096442473,737.535649944,  ,  ,2.27501131082,4.30002137869,88.0,0.0,  ,  ,0.0,  ,  
2020-01-22 07:50:00,1.4,-0.367096442473,737.433578926,  ,  ,1.9000094464,6.50003231662,88.0,0.0,  ,  ,0.0,  ,  
2020-01-22 07:55:00,1.4,-0.367096442473,737.385637608,  ,  ,1.9000094464,5.30002635048,88.0,0.0,  ,  ,0.0,  ,  
2020-01-22 08:00:00,1.4,-0.367096442473,737.385637608,  ,  ,1.9000094464,5.60002784201,88.0,0.0,  ,  ,0.0,  ,  
2020-01-22 08:05:00,1.4,-0.367096442473,737.232495357,  ,  ,1.88125935318,4.80002386458,88.0,0.0,  ,  ,0.0,  ,  
2020-01-22 08:10:00,1.4,-0.367096442473,737.160619104,  ,  ,1.60000795486,4.30002137869,88.0,0.0,  ,  ,0.0,  ,  
2020-01-22 08:15:00,1.4,-0.367096442473,737.160619104,  ,  ,1.61250801701,5.50002734483,88.0,0.0,  ,  ,0.0,  ,  
2020-01-22 08:20:00,1.4,-0.367096442473,737.109567002,  ,  ,1.80000894922,6.00002983073,88.0,0.0,  ,  ,0.0,  ,  
2020-01-22 08:25:00,1.4,-0.367096442473,737.085612936,  ,  ,1.81875904244,5.10002535612,88.0,0.0,  ,  ,0.0,  ,  
2020-01-22 08:30:00,1.4,-0.367096442473,737.085612936,  ,  ,2.10001044075,4.50002237305,88.0,0.0,  ,  ,0.0,  ,  
2020-01-22 08:35:00,1.4,-0.367096442473,736.983577518,  ,  ,2.10001044075,5.80002883637,88.0,0.0,  ,  ,0.0,  ,  
2020-01-22 08:40:00,1.4,-0.367096442473,736.9356006,  ,  ,2.10001044075,5.80002883637,88.0,0.0,  ,  ,0.0,  ,  
2020-01-22 08:45:00,1.4,-0.367096442473,736.9356006,  ,  ,2.1125105029,6.00002983073,88.0,0.0,  ,  ,0.0,  ,  
2020-01-22 08:50:00,1.4,-0.367096442473,736.833505766,  ,  ,2.30001143511,5.00002485894,88.0,0.0,  ,  ,0.0,  ,  
2020-01-22 08:55:00,1.4,-0.367096442473,736.785588264,  ,  ,2.28751137297,6.10003032791,88.0,0.0,  ,  ,0.0,  ,  
2020-01-22 09:00:00,1.4,-0.367096442473,736.785588264,  ,  ,2.10001044075,6.6000328138,88.0,0.0,  ,  ,0.0,  ,  
2020-01-22 09:05:00,1.4,-0.367096442473,736.734515476,  ,  ,2.10001044075,5.80002883637,88.0,0.0,  ,  ,0.0,  ,  
2020-01-22 09:10:00,1.4,-0.367096442473,736.710582096,  ,  ,2.10001044075,6.30003132226,88.0,0.0,  ,  ,0.0,  ,  
2020-01-22 09:15:00,1.4,-0.367096442473,736.710582096,  ,  ,2.14376065827,6.10003032791,88.0,0.0,  ,  ,0.0,  ,  
2020-01-22 09:20:00,1.4,-0.367096442473,736.710582096,  ,  ,2.80001392101,5.00002485894,88.0,0.0,  ,  ,0.0,  ,  
2020-01-22 09:25:00,1.4,-0.367096442473,736.710582096,  ,  ,2.76876376564,5.50002734483,88.0,0.0,  ,  ,0.0,  ,  
2020-01-22 09:30:00,1.4,-0.367096442473,736.710582096,  ,  ,2.30001143511,6.00002983073,88.0,0.0,  ,  ,0.0,  ,  
2020-01-22 09:35:00,1.4,-0.367096442473,736.710582096,  ,  ,2.30626146619,6.00002983073,88.0,0.0,  ,  ,0.0,  ,  
2020-01-22 09:40:00,1.4,-0.367096442473,736.710582096,  ,  ,2.40001193229,5.00002485894,88.0,0.0,  ,  ,0.0,  ,  
2020-01-22 09:45:00,1.4,-0.367096442473,736.710582096,  ,  ,2.40001193229,6.00002983073,88.0,0.0,  ,  ,0.0,  ,  
2020-01-22 09:50:00,1.4,-0.367096442473,736.659546587,  ,  ,2.40001193229,5.10002535612,88.0,0.0,  ,  ,0.0,  ,  
2020-01-22 09:55:00,1.4,-0.367096442473,736.635575928,  ,  ,2.38126183907,3.60001789844,88.0,0.0,  ,  ,0.0,  ,  
2020-01-22 10:00:00,1.4,-0.367096442473,736.635575928,  ,  ,2.10001044075,4.80002386458,88.0,0.0,  ,  ,0.0,  ,  
2020-01-22 10:05:00,1.4,-0.367096442473,736.584528511,  ,  ,2.08751037861,4.60002287023,88.0,0.0,  ,  ,0.0,  ,  
2020-01-22 10:10:00,1.4,-0.367096442473,736.56056976,  ,  ,1.9000094464,5.10002535612,88.0,0.0,  ,  ,0.0,  ,  
2020-01-22 10:15:00,1.4,-0.367096442473,736.56056976,  ,  ,1.91250950854,5.00002485894,88.0,0.0,  ,  ,0.0,  ,  
2020-01-22 10:20:00,1.4,-0.367096442473,736.458537382,  ,  ,2.10001044075,3.40001690408,88.0,0.0,  ,  ,0.0,  ,  
2020-01-22 10:25:00,1.4,-0.367096442473,736.410557424,  ,  ,2.08751037861,5.60002784201,88.0,0.0,  ,  ,0.0,  ,  
2020-01-22 10:30:00,1.4,-0.367096442473,736.410557424,  ,  ,1.9000094464,5.60002784201,88.0,0.0,  ,  ,0.0,  ,  
2020-01-22 10:35:00,1.4,-0.367096442473,736.359476609,  ,  ,1.9000094464,5.10002535612,88.0,0.0,  ,  ,0.0,  ,  
2020-01-22 10:40:00,1.4,-0.367096442473,736.335551256,  ,  ,1.9000094464,6.30003132226,88.0,0.0,  ,  ,0.0,  ,  
2020-01-22 10:45:00,1.4,-0.367096442473,736.335551256,  ,  ,1.93125960177,6.30003132226,88.0,0.0,  ,  ,0.0,  ,  
2020-01-22 10:50:00,1.4,-0.367096442473,736.284398772,  ,  ,2.40001193229,5.60002784201,88.0,0.0,  ,  ,0.0,  ,  
2020-01-22 10:55:00,1.4,-0.367096442473,736.260545088,  ,  ,2.40001193229,5.60002784201,88.0,0.0,  ,  ,0.0,  ,  
2020-01-22 11:00:00,1.4,-0.367096442473,736.260545088,  ,  ,2.40001193229,5.80002883637,88.0,0.0,  ,  ,0.0,  ,  
2020-01-22 11:05:00,1.4,-0.367096442473,736.158324952,  ,  ,2.39376190122,7.30003629405,88.0,0.0,  ,  ,0.0,  ,  
2020-01-22 11:10:00,1.4,-0.367096442473,736.110532752,  ,  ,2.30001143511,5.30002635048,88.0,0.0,  ,  ,0.0,  ,  
2020-01-22 11:15:00,1.4,-0.367096442473,736.110532752,  ,  ,2.28751137297,5.30002635048,88.0,0.0,  ,  ,0.0,  ,  
2020-01-22 11:20:00,1.4,-0.367096442473,736.059448074,  ,  ,2.10001044075,4.60002287023,88.0,0.0,  ,  ,0.0,  ,  
2020-01-22 11:25:00,1.4,-0.367096442473,736.035526584,  ,  ,2.10001044075,4.80002386458,88.0,0.0,  ,  ,0.0,  ,  
2020-01-22 11:30:00,1.4,-0.367096442473,736.035526584,  ,  ,2.10001044075,6.10003032791,88.0,0.0,  ,  ,0.0,  ,  
2020-01-22 11:35:00,1.4,-0.367096442473,735.984453796,  ,  ,2.1125105029,7.80003877995,88.0,0.0,  ,  ,0.0,  ,  
2020-01-22 11:40:00,1.4,-0.367096442473,735.960520416,  ,  ,2.30001143511,4.80002386458,88.0,0.0,  ,  ,0.0,  ,  
2020-01-22 11:45:00,1.4,-0.367096442473,735.960520416,  ,  ,2.28751137297,5.50002734483,88.0,0.0,  ,  ,0.0,  ,  
2020-01-22 11:50:00,1.4,-0.367096442473,735.858425582,  ,  ,2.10001044075,5.10002535612,88.0,0.0,  ,  ,0.0,  ,  
2020-01-22 11:55:00,1.4,-0.367096442473,735.81050808,  ,  ,2.1125105029,4.60002287023,88.0,0.0,  ,  ,0.0,  ,  
2020-01-22 12:00:00,1.4,-0.367096442473,735.81050808,  ,  ,2.30001143511,5.00002485894,88.0,0.0,  ,  ,0.0,  ,  
2020-01-22 12:05:00,1.4,-0.367096442473,735.759460663,  ,  ,2.28751137297,4.10002038433,88.0,0.0,  ,  ,0.0,  ,  
2020-01-22 12:10:00,1.4,-0.367096442473,735.735501912,  ,  ,2.10001044075,5.30002635048,88.0,0.0,  ,  ,0.0,  ,  
2020-01-22 12:15:00,1.4,-0.367096442473,735.735501912,  ,  ,2.08126034753,5.80002883637,88.0,0.0,  ,  ,0.0,  ,  
2020-01-22 12:20:00,1.4,-0.367096442473,735.633332556,  ,  ,1.80000894922,4.30002137869,88.0,0.0,  ,  ,0.0,  ,  
2020-01-22 12:25:00,1.4,-0.367096442473,735.585489576,  ,  ,1.80625898029,5.10002535612,88.0,0.0,  ,  ,0.0,  ,  
2020-01-22 12:30:00,1.4,-0.367096442473,735.585489576,  ,  ,1.9000094464,5.60002784201,88.0,0.0,  ,  ,0.0,  ,  
2020-01-22 12:35:00,1.4,-0.367096442473,735.483394742,  ,  ,1.9000094464,4.50002237305,88.0,0.0,  ,  ,0.0,  ,  
2020-01-22 12:40:00,1.4,-0.367096442473,735.43547724,  ,  ,1.9000094464,6.10003032791,88.0,0.0,  ,  ,0.0,  ,  
2020-01-22 12:45:00,1.4,-0.367096442473,735.43547724,  ,  ,1.93125960177,6.30003132226,88.0,0.0,  ,  ,0.0,  ,  
2020-01-22 12:50:00,1.4,-0.367096442473,735.384396425,  ,  ,2.40001193229,5.50002734483,88.0,0.0,  ,  ,0.0,  ,  
2020-01-22 12:55:00,1.4,-0.367096442473,735.360471072,  ,  ,2.38126183907,5.30002635048,88.0,0.0,  ,  ,0.0,  ,  
2020-01-22 13:00:00,1.4,-0.367096442473,735.360471072,  ,  ,2.10001044075,5.00002485894,88.0,0.0,  ,  ,0.0,  ,  
2020-01-22 13:05:00,1.4,-0.367096442473,735.360471072,  ,  ,2.13126059612,5.10002535612,88.0,0.0,  ,  ,0.0,  ,  
2020-01-22 13:10:00,1.4,-0.367096442473,735.360471072,  ,  ,2.60001292665,5.60002784201,88.0,0.0,  ,  ,0.0,  ,  
2020-01-22 13:15:00,1.4,-0.367096442473,735.360471072,  ,  ,2.63126308202,8.10004027148,88.0,0.0,  ,  ,0.0,  ,  
2020-01-22 13:20:00,1.4,-0.367096442473,735.360471072,  ,  ,3.10001541254,5.60002784201,88.0,0.0,  ,  ,0.0,  ,  
2020-01-22 13:25:00,1.4,-0.367096442473,735.360471072,  ,  ,3.06876525717,6.50003231662,88.0,0.0,  ,  ,0.0,  ,  
2020-01-22 13:30:00,1.4,-0.367096442473,735.360471072,  ,  ,2.60001292665,5.50002734483,88.0,0.0,  ,  ,0.0,  ,  
2020-01-22 13:35:00,1.4,-0.367096442473,735.309398284,  ,  ,2.60001292665,5.00002485894,88.0,0.0,  ,  ,0.0,  ,  
2020-01-22 13:40:00,1.4,-0.367096442473,735.285464904,  ,  ,2.60001292665,5.60002784201,88.0,0.0,  ,  ,0.0,  ,  
2020-01-22 13:45:00,1.4,-0.367096442473,735.285464904,  ,  ,2.61876301987,6.10003032791,88.0,0.0,  ,  ,0.0,  ,  
2020-01-22 13:50:00,1.4,-0.367096442473,735.183319327,  ,  ,2.90001441819,6.30003132226,88.0,0.0,  ,  ,0.0,  ,  
2020-01-22 13:55:00,1.4,-0.367096442473,735.135452568,  ,  ,2.88126432496,5.50002734483,88.0,0.0,  ,  ,0.0,  ,  
2020-01-22 14:00:00,1.4,-0.367096442473,735.135452568,  ,  ,2.60001292665,5.30002635048,88.0,0.0,  ,  ,0.0,  ,  
2020-01-22 14:05:00,1.4,-0.367096442473,735.08437978,  ,  ,2.60001292665,7.30003629405,88.0,0.0,  ,  ,0.0,  ,  
2020-01-22 14:10:00,1.4,-0.367096442473,735.0604464,  ,  ,2.60001292665,5.60002784201,88.0,0.0,  ,  ,0.0,  ,  
2020-01-22 14:15:00,1.4,-0.367096442473,735.0604464,  ,  ,2.5875128645,5.30002635048,88.0,0.0,  ,  ,0.0,  ,  
2020-01-22 14:20:00,1.4,-0.367096442473,735.009361722,  ,  ,2.40001193229,5.30002635048,88.0,0.0,  ,  ,0.0,  ,  
2020-01-22 14:25:00,1.4,-0.367096442473,734.985440232,  ,  ,2.42501205659,6.00002983073,88.0,0.0,  ,  ,0.0,  ,  
2020-01-22 14:30:00,1.4,-0.367096442473,734.985440232,  ,  ,2.80001392101,6.10003032791,88.0,0.0,  ,  ,0.0,  ,  
2020-01-22 14:35:00,1.4,-0.367096442473,734.883294655,  ,  ,2.81876401423,7.30003629405,88.0,0.0,  ,  ,0.0,  ,  
2020-01-22 14:40:00,1.4,-0.367096442473,734.835427896,  ,  ,3.10001541254,6.00002983073,88.0,0.0,  ,  ,0.0,  ,  
2020-01-22 14:45:00,1.4,-0.367096442473,734.835427896,  ,  ,3.0875153504,5.50002734483,88.0,0.0,  ,  ,0.0,  ,  
2020-01-22 14:50:00,1.4,-0.367096442473,734.835427896,  ,  ,2.90001441819,5.30002635048,88.0,0.0,  ,  ,0.0,  ,  
2020-01-22 14:55:00,1.4,-0.367096442473,734.835427896,  ,  ,2.86251423174,5.10002535612,88.0,0.0,  ,  ,0.0,  ,  
2020-01-22 15:00:00,1.4,-0.367096442473,734.835427896,  ,  ,2.30001143511,7.00003480252,88.0,0.0,  ,  ,0.0,  ,  
2020-01-22 15:05:00,1.4,-0.367096442473,734.784380479,  ,  ,2.36251174585,6.6000328138,88.0,0.0,  ,  ,0.0,  ,  
2020-01-22 15:10:00,1.4,-0.367096442473,734.760421728,  ,  ,3.3000164069,4.80002386458,88.0,0.0,  ,  ,0.0,  ,  
2020-01-22 15:15:00,1.4,-0.367096442473,734.760421728,  ,  ,3.21251597187,4.30002137869,88.0,0.0,  ,  ,0.0,  ,  
2020-01-22 15:20:00,1.4,-0.367096442473,734.811469145,  ,  ,1.9000094464,5.30002635048,88.0,0.0,  ,  ,0.0,  ,  
2020-01-22 15:25:00,1.4,-0.367096442473,734.835427896,  ,  ,1.92500957069,3.90001938997,88.0,0.0,  ,  ,0.0,  ,  
2020-01-22 15:30:00,1.4,-0.367096442473,734.835427896,  ,  ,2.30001143511,4.50002237305,88.0,0.0,  ,  ,0.0,  ,  
2020-01-22 15:35:00,1.4,-0.367096442473,734.835427896,  ,  ,2.30626146619,5.10002535612,88.0,0.0,  ,  ,0.0,  ,  
2020-01-22 15:40:00,1.4,-0.367096442473,734.835427896,  ,  ,2.40001193229,5.10002535612,88.0,0.0,  ,  ,0.0,  ,  
2020-01-22 15:45:00,1.4,-0.367096442473,734.835427896,  ,  ,2.39376190122,4.30002137869,88.0,0.0,  ,  ,0.0,  ,  
2020-01-22 15:50:00,1.4,-0.367096442473,734.835427896,  ,  ,2.30001143511,5.60002784201,88.0,0.0,  ,  ,0.0,  ,  
2020-01-22 15:55:00,1.4,-0.367096442473,734.835427896,  ,  ,2.30001143511,5.10002535612,88.0,0.0,  ,  ,0.0,  ,  
2020-01-22 16:00:00,1.4,-0.367096442473,734.835427896,  ,  ,2.30001143511,9.30004623763,88.0,0.0,  ,  ,0.0,  ,  
2020-01-22 16:05:00,1.4,-0.367096442473,735.090831973,  ,  ,2.39376190122,7.1000352997,88.0,0.0,  ,  ,0.0,  ,  
2020-01-22 16:10:00,1.4,-0.367096442473,735.210458736,  ,  ,3.80001889279,8.5000422602,88.0,0.0,  ,  ,0.0,  ,  
2020-01-22 16:15:00,1.4,-0.367096442473,735.210458736,  ,  ,3.76876873743,6.30003132226,88.0,0.0,  ,  ,0.0,  ,  
2020-01-22 16:20:00,1.4,-0.367096442473,735.159323253,  ,  ,3.3000164069,5.00002485894,88.0,0.0,  ,  ,0.0,  ,  
2020-01-22 16:25:00,1.4,-0.367096442473,735.135452568,  ,  ,3.25626618938,5.00002485894,88.0,0.0,  ,  ,0.0,  ,  
2020-01-22 16:30:00,1.4,-0.367096442473,735.135452568,  ,  ,2.60001292665,4.50002237305,88.0,0.0,  ,  ,0.0,  ,  
2020-01-22 16:35:00,1.4,-0.367096442473,735.237547402,  ,  ,2.56876277128,3.80001889279,88.0,0.0,  ,  ,0.0,  ,  
2020-01-22 16:40:00,1.4,-0.367096442473,735.285464904,  ,  ,2.10001044075,6.50003231662,88.0,0.0,  ,  ,0.0,  ,  
2020-01-22 16:45:00,1.4,-0.367096442473,735.285464904,  ,  ,2.11876053398,4.60002287023,88.0,0.0,  ,  ,0.0,  ,  
2020-01-22 16:50:00,1.4,-0.367096442473,735.336537692,  ,  ,2.40001193229,4.30002137869,88.0,0.0,  ,  ,0.0,  ,  
2020-01-22 16:55:00,1.4,-0.367096442473,735.360471072,  ,  ,2.39376190122,4.10002038433,88.0,0.0,  ,  ,0.0,  ,  
2020-01-22 17:00:00,1.4,-0.367096442473,735.360471072,  ,  ,2.30001143511,4.60002287023,88.0,0.0,  ,  ,0.0,  ,  
2020-01-22 17:05:00,1.4,-0.367096442473,735.411457363,  ,  ,2.30001143511,5.10002535612,88.0,0.0,  ,  ,0.0,  ,  
2020-01-22 17:10:00,1.4,-0.367096442473,735.43547724,  ,  ,2.30001143511,5.50002734483,88.0,0.0,  ,  ,0.0,  ,  
2020-01-22 17:15:00,1.4,-0.367096442473,735.43547724,  ,  ,2.30001143511,5.50002734483,88.0,0.0,  ,  ,0.0,  ,  
2020-01-22 17:20:00,1.4,-0.367096442473,735.537324581,  ,  ,2.30001143511,5.30002635048,88.0,0.0,  ,  ,0.0,  ,  
2020-01-22 17:25:00,1.4,-0.367096442473,735.585489576,  ,  ,2.32917824679,6.10003032791,88.0,0.0,  ,  ,0.0,  ,  
2020-01-22 17:30:00,1.4,-0.367096442473,735.585489576,  ,  ,2.80001392101,5.60002784201,88.0,0.0,  ,  ,0.0,  ,  
2020-01-22 17:35:00,1.4,-0.367096442473,735.687216925,  ,  ,2.82918073268,8.0000397743,88.0,0.0,  ,  ,0.0,  ,  
2020-01-22 17:40:00,1.4,-0.367096442473,735.735501912,  ,  ,3.3000164069,6.10003032791,88.0,0.0,  ,  ,0.0,  ,  
2020-01-22 17:45:00,1.4,-0.367096442473,735.735501912,  ,  ,3.28834968223,6.80003380816,88.0,0.0,  ,  ,0.0,  ,  
2020-01-22 17:50:00,1.4,-0.367096442473,735.786406999,  ,  ,3.10001541254,7.1000352997,88.0,0.0,  ,  ,0.0,  ,  
2020-01-22 17:55:00,1.4,-0.367096442473,735.81050808,  ,  ,3.10001541254,5.30002635048,88.0,0.0,  ,  ,0.0,  ,  
2020-01-22 18:00:00,1.4,-0.367096442473,735.81050808,  ,  ,3.10001541254,6.6000328138,88.0,0.0,  ,  ,0.0,  ,  
2020-01-22 18:05:00,1.4,-0.367096442473,735.861498787,  ,  ,3.0591818762,4.60002287023,88.0,0.0,  ,  ,0.0,  ,  
2020-01-22 18:10:00,1.4,-0.367096442473,735.885514248,  ,  ,2.40001193229,5.10002535612,88.0,0.0,  ,  ,0.0,  ,  
2020-01-22 18:15:00,1.4,-0.367096442473,735.885514248,  ,  ,2.42917874397,6.50003231662,88.0,0.0,  ,  ,0.0,  ,  
2020-01-22 18:20:00,1.4,-0.367096442473,735.987385516,  ,  ,2.90001441819,5.80002883637,88.0,0.0,  ,  ,0.0,  ,  
2020-01-22 18:25:00,1.4,-0.367096442473,736.035526584,  ,  ,2.91168114286,6.6000328138,88.0,0.0,  ,  ,0.0,  ,  
2020-01-22 18:30:00,1.4,-0.367096442473,736.035526584,  ,  ,3.10001541254,8.5000422602,88.0,0.0,  ,  ,0.0,  ,  
2020-01-22 18:35:00,1.4,-0.367096442473,736.137373925,  ,  ,3.14084894889,6.10003032791,88.0,0.0,  ,  ,0.0,  ,  
2020-01-22 18:40:00,1.4,-0.367096442473,736.18553892,  ,  ,3.80001889279,6.00002983073,88.0,0.0,  ,  ,0.0,  ,  
2020-01-22 18:45:00,1.4,-0.367096442473,736.18553892,  ,  ,3.77085208112,6.80003380816,88.0,0.0,  ,  ,0.0,  ,  
2020-01-22 18:50:00,1.4,-0.367096442473,736.338309932,  ,  ,3.3000164069,5.30002635048,88.0,0.0,  ,  ,0.0,  ,  
2020-01-22 18:55:00,1.4,-0.367096442473,736.410557424,  ,  ,3.25918287055,6.30003132226,88.0,0.0,  ,  ,0.0,  ,  
2020-01-22 19:00:00,1.4,-0.367096442473,736.410557424,  ,  ,2.60001292665,6.00002983073,88.0,0.0,  ,  ,0.0,  ,  
2020-01-22 19:05:00,1.4,-0.367096442473,736.512354171,  ,  ,2.58251283964,5.00002485894,88.0,0.0,  ,  ,0.0,  ,  
2020-01-22 19:10:00,1.4,-0.367096442473,736.56056976,  ,  ,2.30001143511,4.80002386458,88.0,0.0,  ,  ,0.0,  ,  
2020-01-22 19:15:00,1.4,-0.367096442473,736.56056976,  ,  ,2.28834471044,4.30002137869,88.0,0.0,  ,  ,0.0,  ,  
2020-01-22 19:20:00,1.4,-0.367096442473,736.611449382,  ,  ,2.10001044075,5.10002535612,88.0,0.0,  ,  ,0.0,  ,  
2020-01-22 19:25:00,1.4,-0.367096442473,736.635575928,  ,  ,2.11167716543,4.80002386458,88.0,0.0,  ,  ,0.0,  ,  
2020-01-22 19:30:00,1.4,-0.367096442473,736.635575928,  ,  ,2.30001143511,5.60002784201,88.0,0.0,  ,  ,0.0,  ,  
2020-01-22 19:35:00,1.4,-0.367096442473,736.737437084,  ,  ,2.28834471044,4.10002038433,88.0,0.0,  ,  ,0.0,  ,  
2020-01-22 19:40:00,1.4,-0.367096442473,736.785588264,  ,  ,2.10001044075,5.00002485894,88.0,0.0,  ,  ,0.0,  ,  
2020-01-22 19:45:00,1.4,-0.367096442473,736.785588264,  ,  ,2.10001044075,5.80002883637,88.0,0.0,  ,  ,0.0,  ,  
2020-01-22 19:50:00,1.4,-0.367096442473,736.836486637,  ,  ,2.10001044075,5.80002883637,88.0,0.0,  ,  ,0.0,  ,  
2020-01-22 19:55:00,1.4,-0.367096442473,736.860594432,  ,  ,2.11751052776,6.80003380816,88.0,0.0,  ,  ,0.0,  ,  
2020-01-22 20:00:00,1.4,-0.367096442473,736.860594432,  ,  ,2.40001193229,6.80003380816,88.0,0.0,  ,  ,0.0,  ,  
2020-01-22 20:05:00,1.4,-0.367096442473,736.911518103,  ,  ,2.42334538163,5.50002734483,88.0,0.0,  ,  ,0.0,  ,  
2020-01-22 20:10:00,1.4,-0.367096442473,736.9356006,  ,  ,2.80001392101,6.80003380816,88.0,0.0,  ,  ,0.0,  ,  
2020-01-22 20:15:00,1.4,-0.367096442473,736.9356006,  ,  ,2.80001392101,5.00002485894,88.0,0.0,  ,  ,0.0,  ,  
2020-01-22 20:20:00,1.4,-0.367096442473,737.088407503,  ,  ,2.80001392101,5.30002635048,88.0,0.0,  ,  ,0.0,  ,  
2020-01-22 20:25:00,1.4,-0.367096442473,737.160619104,  ,  ,2.78834719634,4.60002287023,88.0,0.0,  ,  ,0.0,  ,  
2020-01-22 20:30:00,1.4,-0.367096442473,737.160619104,  ,  ,2.60001292665,7.30003629405,88.0,0.0,  ,  ,0.0,  ,  
2020-01-22 20:35:00,1.4,-0.367096442473,737.211542775,  ,  ,2.58834620198,4.60002287023,88.0,0.0,  ,  ,0.0,  ,  
2020-01-22 20:40:00,1.4,-0.367096442473,737.235625272,  ,  ,2.40001193229,4.10002038433,88.0,0.0,  ,  ,0.0,  ,  
2020-01-22 20:45:00,1.4,-0.367096442473,737.235625272,  ,  ,2.37084512061,4.30002137869,88.0,0.0,  ,  ,0.0,  ,  
2020-01-22 20:50:00,1.4,-0.367096442473,737.337472613,  ,  ,1.9000094464,3.90001938997,88.0,0.0,  ,  ,0.0,  ,  
2020-01-22 20:55:00,1.4,-0.367096442473,737.385637608,  ,  ,1.9000094464,5.00002485894,88.0,0.0,  ,  ,0.0,  ,  
2020-01-22 21:00:00,1.4,-0.367096442473,737.385637608,  ,  ,1.9000094464,5.80002883637,88.0,0.0,  ,  ,0.0,  ,  
2020-01-22 21:05:00,1.4,-0.367096442473,737.436542695,  ,  ,1.89417608406,4.30002137869,88.0,0.0,  ,  ,0.0,  ,  
2020-01-22 21:10:00,1.4,-0.367096442473,737.460643776,  ,  ,1.80000894922,3.80001889279,88.0,0.0,  ,  ,0.0,  ,  
2020-01-22 21:15:00,1.4,-0.367096442473,737.460643776,  ,  ,1.80584231155,4.60002287023,88.0,0.0,  ,  ,0.0,  ,  
2020-01-22 21:20:00,1.4,-0.367096442473,737.562652164,  ,  ,1.9000094464,4.50002237305,88.0,0.0,  ,  ,0.0,  ,  
2020-01-22 21:25:00,1.4,-0.367096442473,737.610656112,  ,  ,1.92334289574,4.50002237305,88.0,0.0,  ,  ,0.0,  ,  
2020-01-22 21:30:00,1.4,-0.367096442473,737.610656112,  ,  ,2.30001143511,5.00002485894,88.0,0.0,  ,  ,0.0,  ,  
2020-01-22 21:35:00,1.4,-0.367096442473,737.610656112,  ,  ,2.32917824679,7.30003629405,88.0,0.0,  ,  ,0.0,  ,  
2020-01-22 21:40:00,1.4,-0.367096442473,737.610656112,  ,  ,2.80001392101,6.6000328138,88.0,0.0,  ,  ,0.0,  ,  
2020-01-22 21:45:00,1.4,-0.367096442473,737.610656112,  ,  ,2.80001392101,5.80002883637,88.0,0.0,  ,  ,0.0,  ,  
2020-01-22 21:50:00,1.4,-0.367096442473,737.712452859,  ,  ,2.80001392101,5.80002883637,88.0,0.0,  ,  ,0.0,  ,  
2020-01-22 21:55:00,1.4,-0.367096442473,737.760668448,  ,  ,2.78834719634,5.50002734483,88.0,0.0,  ,  ,0.0,  ,  
2020-01-22 22:00:00,1.4,-0.367096442473,737.760668448,  ,  ,2.60001292665,5.10002535612,88.0,0.0,  ,  ,0.0,  ,  
2020-01-22 22:05:00,1.4,-0.367096442473,737.862515789,  ,  ,2.58834620198,5.30002635048,88.0,0.0,  ,  ,0.0,  ,  
2020-01-22 22:10:00,1.4,-0.367096442473,737.910680784,  ,  ,2.40001193229,6.00002983073,88.0,0.0,  ,  ,0.0,  ,  
2020-01-22 22:15:00,1.4,-0.367096442473,737.910680784,  ,  ,2.40001193229,4.50002237305,88.0,0.0,  ,  ,0.0,  ,  
2020-01-22 22:20:00,1.4,-0.367096442473,738.012626574,  ,  ,2.40001193229,4.30002137869,88.0,0.0,  ,  ,0.0,  ,  
2020-01-22 22:25:00,1.4,-0.367096442473,738.06069312,  ,  ,2.36501175828,4.30002137869,88.0,0.0,  ,  ,0.0,  ,  
2020-01-22 22:30:00,1.4,-0.367096442473,738.06069312,  ,  ,1.80000894922,3.60001789844,88.0,0.0,  ,  ,0.0,  ,  
2020-01-22 22:35:00,1.4,-0.367096442473,738.06069312,  ,  ,1.77667549988,4.30002137869,88.0,0.0,  ,  ,0.0,  ,  
2020-01-22 22:40:00,1.4,-0.367096442473,738.06069312,  ,  ,1.4000069605,3.3000164069,88.0,0.0,  ,  ,0.0,  ,  
2020-01-22 22:45:00,1.4,-0.367096442473,738.06069312,  ,  ,1.41167368517,3.40001690408,88.0,0.0,  ,  ,0.0,  ,  
2020-01-22 22:50:00,1.4,-0.367096442473,738.06069312,  ,  ,1.60000795486,4.10002038433,88.0,0.0,  ,  ,0.0,  ,  
2020-01-22 22:55:00,1.4,-0.367096442473,738.06069312,  ,  ,1.60000795486,3.90001938997,88.0,0.0,  ,  ,0.0,  ,  
2020-01-22 23:00:00,1.4,-0.367096442473,738.06069312,  ,  ,1.60000795486,4.80002386458,88.0,0.0,  ,  ,0.0,  ,  
2020-01-22 23:05:00,1.4,-0.367096442473,738.162564388,  ,  ,1.61750804187,4.50002237305,88.0,0.0,  ,  ,0.0,  ,  
2020-01-22 23:10:00,1.4,-0.367096442473,738.210705456,  ,  ,1.9000094464,3.60001789844,88.0,0.0,  ,  ,0.0,  ,  
2020-01-22 23:15:00,1.4,-0.367096442473,738.210705456,  ,  ,1.9000094464,5.10002535612,88.0,0.0,  ,  ,0.0,  ,  
2020-01-22 23:20:00,1.4,-0.367096442473,738.159744506,  ,  ,1.9000094464,5.30002635048,88.0,0.0,  ,  ,0.0,  ,  
2020-01-22 23:25:00,1.4,-0.367096442473,738.135699288,  ,  ,1.89417608406,3.90001938997,88.0,0.0,  ,  ,0.0,  ,  
2020-01-22 23:30:00,1.4,-0.367096442473,738.135699288,  ,  ,1.80000894922,4.30002137869,88.0,0.0,  ,  ,0.0,  ,  
2020-01-22 23:35:00,1.4,-0.367096442473,738.186672183,  ,  ,1.80584231155,3.90001938997,88.0,0.0,  ,  ,0.0,  ,  
2020-01-22 23:40:00,1.4,-0.367096442473,738.210705456,  ,  ,1.9000094464,4.50002237305,88.0,0.0,  ,  ,0.0,  ,  
2020-01-22 23:45:00,1.4,-0.367096442473,738.210705456,  ,  ,1.91167617107,5.10002535612,88.0,0.0,  ,  ,0.0,  ,  
2020-01-22 23:50:00,1.4,-0.367096442473,738.26164109,  ,  ,2.10001044075,3.40001690408,88.0,0.0,  ,  ,0.0,  ,  
  

    

