Time,TemperatureC,DewpointC,PressurehPa,WindDirection,WindDirectionDegrees,WindSpeedKMH,WindSpeedGustKMH,Humidity,HourlyPrecipMM,Conditions,Clouds,dailyrainMM,SoftwareType,DateUTC
                
2019-03-22 00:00:00,0.93625,-0.824023525971,1001.8,  ,  ,0.634169819609,2.30001143511,88.0,0.0,  ,  ,0.0,  ,  
2019-03-22 00:05:00,0.842916666667,-0.863692854318,1001.8,  ,  ,0.600002983073,2.40001193229,88.3375,0.0,  ,  ,0.0,  ,  
2019-03-22 00:10:00,0.732916666667,-0.870082236729,1001.77793241,  ,  ,0.765837140894,1.10000546897,89.0,0.0,  ,  ,0.0,  ,  
2019-03-22 00:15:00,0.679583333333,-0.92270093339,1001.5,  ,  ,0.80000397743,1.10000546897,89.0,0.0,  ,  ,0.0,  ,  
2019-03-22 00:20:00,0.592916666667,-1.008206653,1001.5,  ,  ,0.136667346144,2.30001143511,89.0,0.0,  ,  ,0.0,  ,  
2019-03-22 00:25:00,0.452916666667,-1.08455364018,1001.49259811,  ,  ,0.0,2.30001143511,89.4041666667,0.0,  ,  ,0.0,  ,  
2019-03-22 00:30:00,0.4,-1.0462029418,1001.4,  ,  ,0.663336631286,3.10001541254,90.0,0.0,  ,  ,0.0,  ,  
2019-03-22 00:35:00,0.393333333333,-1.0527888698,1001.4,  ,  ,0.80000397743,2.40001193229,90.0,0.0,  ,  ,0.0,  ,  
2019-03-22 00:40:00,0.309583333333,-1.13552478104,1001.37793241,  ,  ,1.21458937198,2.40001193229,90.0,0.0,  ,  ,0.0,  ,  
2019-03-22 00:45:00,0.3,-1.09395867476,1001.1,  ,  ,1.30000646332,2.60001292665,90.3375,0.0,  ,  ,0.0,  ,  
2019-03-22 00:50:00,0.29,-1.00416212247,1001.1,  ,  ,1.1341723055,1.9000094464,91.0,0.0,  ,  ,0.0,  ,  
2019-03-22 00:55:00,0.212916666667,-1.08040952897,1001.08519622,  ,  ,1.10000546897,2.40001193229,91.0,0.0,  ,  ,0.0,  ,  
2019-03-22 01:00:00,0.20375,-1.08947680599,1000.9,  ,  ,0.934171311145,2.90001441819,91.0,0.0,  ,  ,0.0,  ,  
2019-03-22 01:05:00,0.293333333333,-0.98587432943,1000.9,  ,  ,0.900004474609,1.80000894922,91.1,0.0,  ,  ,0.0,  ,  
2019-03-22 01:10:00,0.3,-0.994270586709,1000.88528095,  ,  ,0.817087395699,3.3000164069,91.0,0.0,  ,  ,0.0,  ,  
2019-03-22 01:15:00,0.3,-0.994270586709,1000.7,  ,  ,0.80000397743,2.90001441819,91.0,0.0,  ,  ,0.0,  ,  
2019-03-22 01:20:00,0.3,-0.994270586709,1000.7,  ,  ,0.882921056341,1.9000094464,91.0,0.0,  ,  ,0.0,  ,  
2019-03-22 01:25:00,0.3,-0.994270586709,1000.6780671,  ,  ,0.900004474609,1.60000795486,91.0,0.0,  ,  ,0.0,  ,  
2019-03-22 01:30:00,0.3,-0.994270586709,1000.4,  ,  ,0.651253237877,1.60000795486,91.0,0.0,  ,  ,0.0,  ,  
2019-03-22 01:35:00,0.3,-0.994270586709,1000.4,  ,  ,0.600002983073,3.10001541254,91.0,0.0,  ,  ,0.0,  ,  
2019-03-22 01:40:00,0.24625,-1.04743764455,1000.37771685,  ,  ,1.01458837763,2.80001392101,91.0,0.0,  ,  ,0.0,  ,  
2019-03-22 01:45:00,0.2,-1.07259387995,1000.1,  ,  ,1.10000546897,2.10001044075,91.1375,0.0,  ,  ,0.0,  ,  
2019-03-22 01:50:00,0.2,-1.0134661913,1000.1,  ,  ,0.851254232235,2.80001392101,91.5333333333,0.0,  ,  ,0.0,  ,  
2019-03-22 01:55:00,0.2,-0.944047615861,1000.08518887,  ,  ,0.80000397743,2.60001292665,92.0,0.0,  ,  ,0.0,  ,  
2019-03-22 02:00:00,0.2,-0.944047615861,999.9,  ,  ,0.80000397743,3.80001889279,92.0,0.0,  ,  ,0.0,  ,  
2019-03-22 02:05:00,0.297083333333,-0.847895962572,999.9,  ,  ,0.80000397743,3.40001690408,92.0,0.0,  ,  ,0.0,  ,  
2019-03-22 02:10:00,0.330416666667,-0.814882606415,999.88528827,  ,  ,1.21458937198,2.80001392101,92.0,0.0,  ,  ,0.0,  ,  
2019-03-22 02:15:00,0.4,-0.745967368806,999.7,  ,  ,1.30000646332,3.60001789844,92.0,0.0,  ,  ,0.0,  ,  
2019-03-22 02:20:00,0.4,-0.865986345826,999.7,  ,  ,1.1341723055,3.60001789844,91.1958333333,0.0,  ,  ,0.0,  ,  
2019-03-22 02:25:00,0.4,-0.895355477758,999.677794337,  ,  ,1.10000546897,3.10001541254,91.0,0.0,  ,  ,0.0,  ,  
2019-03-22 02:30:00,0.4,-0.879726646507,999.4,  ,  ,1.3487567057,2.40001193229,91.1041666667,0.0,  ,  ,0.0,  ,  
2019-03-22 02:35:00,0.4,-0.805549422608,999.4,  ,  ,1.4000069605,2.40001193229,91.6,0.0,  ,  ,0.0,  ,  
2019-03-22 02:40:00,0.4,-0.84581616339,999.385380408,  ,  ,1.15125572377,3.60001789844,91.3305439331,0.0,  ,  ,0.0,  ,  
2019-03-22 02:45:00,0.4,-0.895355477758,999.2,  ,  ,1.10000546897,4.50002237305,91.0,0.0,  ,  ,0.0,  ,  
2019-03-22 02:50:00,0.4,-0.895355477758,999.2,  ,  ,1.34854226949,4.30002137869,91.0,0.0,  ,  ,0.0,  ,  
2019-03-22 02:55:00,0.453333333333,-0.842600937812,999.171115538,  ,  ,1.4000069605,3.60001789844,91.0,0.0,  ,  ,0.0,  ,  
2019-03-22 03:00:00,0.596666666667,-0.700823748807,998.8,  ,  ,1.73000860119,2.90001441819,91.0,0.0,  ,  ,0.0,  ,  
2019-03-22 03:05:00,0.6,-0.697526615926,998.8,  ,  ,1.80000894922,1.9000094464,91.0,0.0,  ,  ,0.0,  ,  
2019-03-22 03:10:00,0.6,-0.697526615926,998.785578368,  ,  ,1.05750525767,3.60001789844,91.0,0.0,  ,  ,0.0,  ,  
2019-03-22 03:15:00,0.583333333333,-0.714012285354,998.6,  ,  ,0.900004474609,1.80000894922,91.0,0.0,  ,  ,0.0,  ,  
2019-03-22 03:20:00,0.516666666667,-0.779955088624,998.6,  ,  ,0.900004474609,2.40001193229,91.0,0.0,  ,  ,0.0,  ,  
2019-03-22 03:25:00,0.5,-0.796440820832,998.578528827,  ,  ,0.900004474609,3.10001541254,91.0,0.0,  ,  ,0.0,  ,  
2019-03-22 03:30:00,0.44,-0.855789560745,998.3,  ,  ,0.900004474609,3.60001789844,91.0,0.0,  ,  ,0.0,  ,  
2019-03-22 03:35:00,0.4,-0.895355477758,998.3,  ,  ,0.900004474609,1.9000094464,91.0,0.0,  ,  ,0.0,  ,  
2019-03-22 03:40:00,0.4,-0.895355477758,998.263984103,  ,  ,0.900004474609,3.3000164069,91.0,0.0,  ,  ,0.0,  ,  
2019-03-22 03:45:00,0.4,-0.895355477758,997.8,  ,  ,0.900004474609,3.10001541254,91.0,0.0,  ,  ,0.0,  ,  
2019-03-22 03:50:00,0.4,-0.895355477758,997.8,  ,  ,1.06500529495,4.50002237305,91.0,0.0,  ,  ,0.0,  ,  
2019-03-22 03:55:00,0.386666666667,-0.908544132835,997.771172962,  ,  ,1.10000546897,2.10001044075,91.0,0.0,  ,  ,0.0,  ,  
2019-03-22 04:00:00,0.3,-0.994270586709,997.4,  ,  ,0.935004648622,3.10001541254,91.0,0.0,  ,  ,0.0,  ,  
2019-03-22 04:05:00,0.3,-0.994270586709,997.4,  ,  ,0.900004474609,3.60001789844,91.0,0.0,  ,  ,0.0,  ,  
2019-03-22 04:10:00,0.3,-0.994270586709,997.378528827,  ,  ,1.2300061153,3.60001789844,91.0,0.0,  ,  ,0.0,  ,  
2019-03-22 04:15:00,0.35,-0.94481297573,997.1,  ,  ,1.30000646332,3.80001889279,91.0,0.0,  ,  ,0.0,  ,  
2019-03-22 04:20:00,0.4,-0.895355477758,997.1,  ,  ,1.71250851419,4.50002237305,91.0,0.0,  ,  ,0.0,  ,  
2019-03-22 04:25:00,0.423333333333,-0.872275350711,997.071187283,  ,  ,1.80000894922,3.90001938997,91.0,0.0,  ,  ,0.0,  ,  
2019-03-22 04:30:00,0.5,-0.796440820832,996.7,  ,  ,1.80000894922,6.00002983073,91.0,0.0,  ,  ,0.0,  ,  
2019-03-22 04:35:00,0.54,-0.756875084627,996.7,  ,  ,1.80000894922,5.50002734483,91.0,0.0,  ,  ,0.0,  ,  
2019-03-22 04:40:00,0.593333333333,-0.70412088219,996.671513944,  ,  ,2.29501141025,4.50002237305,91.0,0.0,  ,  ,0.0,  ,  
2019-03-22 04:45:00,0.6,-0.697526615926,996.3,  ,  ,2.40001193229,3.10001541254,91.0,0.0,  ,  ,0.0,  ,  
2019-03-22 04:50:00,0.6,-0.697526615926,996.3,  ,  ,1.74000865091,4.50002237305,91.0,0.0,  ,  ,0.0,  ,  
2019-03-22 04:55:00,0.6,-0.697526615926,996.278378378,  ,  ,1.60000795486,3.80001889279,91.0,0.0,  ,  ,0.0,  ,  
2019-03-22 05:00:00,0.68,-0.69381105657,996.0,  ,  ,1.84750918538,4.60002287023,90.5,0.0,  ,  ,0.0,  ,  
2019-03-22 05:05:00,0.7,-0.749838500615,996.0,  ,  ,1.9000094464,6.00002983073,90.0,0.0,  ,  ,0.0,  ,  
2019-03-22 05:10:00,0.7,-0.749838500615,995.971101146,  ,  ,1.9000094464,5.30002635048,90.0,0.0,  ,  ,0.0,  ,  
2019-03-22 05:15:00,0.766666666667,-0.683980351922,995.6,  ,  ,1.9000094464,6.30003132226,90.0,0.0,  ,  ,0.0,  ,  
2019-03-22 05:20:00,0.8,-0.651051361576,995.6,  ,  ,2.31251149726,4.80002386458,90.0,0.0,  ,  ,0.0,  ,  
2019-03-22 05:25:00,0.81,-0.641172675393,995.564214712,  ,  ,2.40001193229,5.30002635048,90.0,0.0,  ,  ,0.0,  ,  
2019-03-22 05:30:00,0.896666666667,-0.555557606258,995.1,  ,  ,2.40001193229,5.00002485894,90.0,0.0,  ,  ,0.0,  ,  
2019-03-22 05:35:00,0.9,-0.552264726543,995.1,  ,  ,2.40001193229,3.90001938997,90.0,0.0,  ,  ,0.0,  ,  
2019-03-22 05:40:00,0.9,-0.552264726543,995.085593641,  ,  ,1.98750988143,5.50002734483,90.0,0.0,  ,  ,0.0,  ,  
2019-03-22 05:45:00,0.9,-0.552264726543,994.9,  ,  ,1.9000094464,4.50002237305,90.0,0.0,  ,  ,0.0,  ,  
2019-03-22 05:50:00,0.913333333333,-0.539093213286,994.9,  ,  ,2.23001108709,3.3000164069,90.0,0.0,  ,  ,0.0,  ,  
2019-03-22 05:55:00,1.0,-0.545157783315,994.871172962,  ,  ,2.30001143511,5.50002734483,89.4,0.0,  ,  ,0.0,  ,  
2019-03-22 06:00:00,1.08333333333,-0.524364892142,994.5,  ,  ,2.13501061477,4.80002386458,89.0,0.0,  ,  ,0.0,  ,  
2019-03-22 06:05:00,1.1,-0.507921906827,994.5,  ,  ,2.10001044075,4.10002038433,89.0,0.0,  ,  ,0.0,  ,  
2019-03-22 06:10:00,1.1,-0.507921906827,994.478390462,  ,  ,2.10001044075,3.80001889279,89.0,0.0,  ,  ,0.0,  ,  
2019-03-22 06:15:00,1.1,-0.507921906827,994.2,  ,  ,2.10001044075,4.30002137869,89.0,0.0,  ,  ,0.0,  ,  
2019-03-22 06:20:00,1.16333333333,-0.445438703576,994.2,  ,  ,1.85250921024,5.00002485894,89.0,0.0,  ,  ,0.0,  ,  
2019-03-22 06:25:00,1.18333333333,-0.415437582458,994.185593641,  ,  ,1.80000894922,4.10002038433,89.0666666667,0.0,  ,  ,0.0,  ,  
2019-03-22 06:30:00,1.18333333333,-0.272371997613,994.0,  ,  ,1.88250935939,3.40001690408,90.0,0.0,  ,  ,0.0,  ,  
2019-03-22 06:35:00,1.12333333333,-0.316400135284,994.0,  ,  ,1.9000094464,4.30002137869,90.1,0.0,  ,  ,0.0,  ,  
2019-03-22 06:40:00,1.1,-0.202962371609,993.964179104,  ,  ,1.48750739553,5.00002485894,91.0,0.0,  ,  ,0.0,  ,  
2019-03-22 06:45:00,1.03333333333,-0.143653225185,993.5,  ,  ,1.4000069605,4.80002386458,91.8333333333,0.0,  ,  ,0.0,  ,  
2019-03-22 06:50:00,0.92,-0.171354562751,993.5,  ,  ,1.97750983171,5.10002535612,92.4,0.0,  ,  ,0.0,  ,  
2019-03-22 06:55:00,0.886666666667,-0.115417440671,993.463963964,  ,  ,2.10001044075,2.60001292665,93.0,0.0,  ,  ,0.0,  ,  
2019-03-22 07:00:00,0.8,-0.0543087493535,993.0,  ,  ,1.44000715937,3.3000164069,94.0,0.0,  ,  ,0.0,  ,  
2019-03-22 07:05:00,0.713333333333,-0.0916820108681,993.0,  ,  ,1.30000646332,3.80001889279,94.3333333333,0.0,  ,  ,0.0,  ,  
2019-03-22 07:10:00,0.7,-0.0080432889543,992.963945919,  ,  ,1.54750769384,3.10001541254,95.0,0.0,  ,  ,0.0,  ,  
2019-03-22 07:15:00,0.623333333333,-0.0842553077019,992.5,  ,  ,1.60000795486,3.3000164069,95.0,0.0,  ,  ,0.0,  ,  
2019-03-22 07:20:00,0.6,-0.0352428332361,992.5,  ,  ,1.43500713452,4.60002287023,95.5,0.0,  ,  ,0.0,  ,  
2019-03-22 07:25:00,0.6,0.0366311277108,992.464214712,  ,  ,1.4000069605,3.40001690408,96.0,0.0,  ,  ,0.0,  ,  
2019-03-22 07:30:00,0.583333333333,0.0200431690215,992.0,  ,  ,1.56500778085,3.80001889279,96.0,0.0,  ,  ,0.0,  ,  
2019-03-22 07:35:00,0.55,-0.0131327648138,992.0,  ,  ,1.60000795486,5.50002734483,96.0,0.0,  ,  ,0.0,  ,  
2019-03-22 07:40:00,0.6,0.0366311277108,991.963984103,  ,  ,2.01251000572,4.80002386458,96.0,0.0,  ,  ,0.0,  ,  
2019-03-22 07:45:00,0.6,0.0414109477484,991.5,  ,  ,2.10001044075,4.10002038433,96.0333333333,0.0,  ,  ,0.0,  ,  
2019-03-22 07:50:00,0.6,0.0891286386614,991.5,  ,  ,2.34751167127,5.60002784201,96.3666666667,0.0,  ,  ,0.0,  ,  
2019-03-22 07:55:00,0.646666666667,0.121289857519,991.463966203,  ,  ,2.40001193229,6.10003032791,96.2666666667,0.0,  ,  ,0.0,  ,  
2019-03-22 08:00:00,0.7,0.140942587678,991.0,  ,  ,2.9775148035,6.10003032791,96.0333333333,0.0,  ,  ,0.0,  ,  
2019-03-22 08:05:00,0.7,0.136158764652,991.0,  ,  ,3.10001541254,6.10003032791,96.0,0.0,  ,  ,0.0,  ,  
2019-03-22 08:10:00,0.74,0.175969764134,990.978390462,  ,  ,2.85251418203,6.30003132226,96.0,0.0,  ,  ,0.0,  ,  
2019-03-22 08:15:00,0.743333333333,0.179287345998,990.7,  ,  ,2.80001392101,7.00003480252,96.0,0.0,  ,  ,0.0,  ,  
2019-03-22 08:20:00,0.776666666667,0.21246315257,990.7,  ,  ,3.29501638204,8.0000397743,96.0,0.0,  ,  ,0.0,  ,  
2019-03-22 08:25:00,0.8,0.235686204115,990.678390462,  ,  ,3.40001690408,4.80002386458,96.0,0.0,  ,  ,0.0,  ,  
2019-03-22 08:30:00,0.8,0.235686204115,990.4,  ,  ,2.32751157184,6.80003380816,96.0,0.0,  ,  ,0.0,  ,  
2019-03-22 08:35:00,0.8,0.235686204115,990.4,  ,  ,2.10001044075,5.30002635048,96.0,0.0,  ,  ,0.0,  ,  
2019-03-22 08:40:00,0.796666666667,0.232368625981,990.385678767,  ,  ,2.76001372214,5.30002635048,96.0,0.0,  ,  ,0.0,  ,  
2019-03-22 08:45:00,0.743333333333,0.179287345998,990.2,  ,  ,2.90001441819,5.60002784201,96.0,0.0,  ,  ,0.0,  ,  
2019-03-22 08:50:00,0.7,0.136158764652,990.2,  ,  ,2.65251318767,5.80002883637,96.0,0.0,  ,  ,0.0,  ,  
2019-03-22 08:55:00,0.7,0.169614734917,990.192792793,  ,  ,2.60001292665,5.30002635048,96.2333333333,0.0,  ,  ,0.0,  ,  
2019-03-22 09:00:00,0.7,0.279038830603,990.1,  ,  ,2.84751415717,6.50003231662,97.0,0.0,  ,  ,0.0,  ,  
2019-03-22 09:05:00,0.72,0.298968258941,990.1,  ,  ,2.90001441819,7.60003778559,97.0,0.0,  ,  ,0.0,  ,  
2019-03-22 09:10:00,0.79,0.368721211628,990.085485486,  ,  ,2.48751236732,3.90001938997,97.0,0.0,  ,  ,0.0,  ,  
2019-03-22 09:15:00,0.8,0.321643131209,989.9,  ,  ,2.40001193229,4.10002038433,96.6,0.0,  ,  ,0.254,  ,  
2019-03-22 09:20:00,0.8,0.37868591325,989.9,  ,  ,1.49250742039,3.3000164069,97.0,1.98119999596,  ,  ,0.508,  ,  
2019-03-22 09:25:00,0.81,0.388650613396,989.892842942,  ,  ,1.30000646332,3.3000164069,97.0,2.67969999453,  ,  ,0.762,  ,  
2019-03-22 09:30:00,0.883333333333,0.461725036029,989.8,  ,  ,1.13500564298,2.30001143511,97.0,2.28599999534,  ,  ,0.762,  ,  
2019-03-22 09:35:00,0.9,0.478332848284,989.8,  ,  ,1.10000546897,3.80001889279,97.0,1.93322221828,  ,  ,1.016,  ,  
2019-03-22 09:40:00,0.896666666667,0.422687727421,989.792796821,  ,  ,0.935004648622,3.3000164069,96.6333333333,1.82033332962,  ,  ,1.016,  ,  
2019-03-22 09:45:00,0.896666666667,0.475011286161,989.7,  ,  ,0.900004474609,4.10002038433,97.0,1.61854444114,  ,  ,1.27,  ,  
2019-03-22 09:50:00,0.896666666667,0.475011286161,989.7,  ,  ,1.2300061153,5.00002485894,97.0,1.64112221887,  ,  ,1.524,  ,  
2019-03-22 09:55:00,0.9,0.478332848284,989.714413519,  ,  ,1.30000646332,3.90001938997,97.0,1.94592221825,  ,  ,1.524,  ,  
2019-03-22 10:00:00,0.853333333333,0.346150212767,989.9,  ,  ,1.30000646332,4.60002287023,96.4,2.03199999585,  ,  ,1.778,  ,  
2019-03-22 10:05:00,0.71,0.203425525061,989.9,  ,  ,1.30000646332,3.90001938997,96.4,1.96849999598,  ,  ,2.032,  ,  
2019-03-22 10:10:00,0.626666666667,0.205964209512,989.892796821,  ,  ,1.30000646332,3.10001541254,97.0,1.77799999637,  ,  ,2.032,  ,  
2019-03-22 10:15:00,0.593333333333,0.172748446411,989.8,  ,  ,1.30000646332,3.60001789844,97.0,1.66934444104,  ,  ,2.032,  ,  
2019-03-22 10:20:00,0.59,0.169426869198,989.8,  ,  ,1.13500564298,4.60002287023,97.0,1.52399999689,  ,  ,2.286,  ,  
2019-03-22 10:25:00,0.6,0.203058398231,989.807203179,  ,  ,1.10000546897,4.60002287023,97.1666666667,1.52399999689,  ,  ,2.54,  ,  
2019-03-22 10:30:00,0.65,0.370739680606,989.9,  ,  ,1.34750669948,5.60002784201,98.0,1.59314444119,  ,  ,2.54,  ,  
2019-03-22 10:35:00,0.706666666667,0.427273623482,989.9,  ,  ,1.4000069605,5.30002635048,98.0,1.64394444109,  ,  ,2.794,  ,  
2019-03-22 10:40:00,0.833333333333,0.553643499557,989.9,  ,  ,1.81250901137,5.10002535612,98.0,1.60725555228,  ,  ,3.048,  ,  
2019-03-22 10:45:00,1.00666666667,0.688843357255,989.9,  ,  ,1.9000094464,6.00002983073,97.7333333333,1.85984444065,  ,  ,3.048,  ,  
2019-03-22 10:50:00,1.15,0.727449540067,989.9,  ,  ,1.48750739553,4.50002237305,97.0,2.04187777361,  ,  ,3.302,  ,  
2019-03-22 10:55:00,1.24,0.817131323263,989.907171315,  ,  ,1.4000069605,3.90001938997,97.0,2.24971428112,  ,  ,3.556,  ,  
2019-03-22 11:00:00,1.36666666667,0.943349926687,990.0,  ,  ,1.4000069605,5.30002635048,97.0,2.2542499954,  ,  ,3.81,  ,  
2019-03-22 11:05:00,1.44666666667,0.970502208602,990.0,  ,  ,1.4000069605,3.90001938997,96.6333333333,2.03199999585,  ,  ,3.81,  ,  
2019-03-22 11:10:00,1.58,1.01199345457,990.021632449,  ,  ,1.15250572999,3.90001938997,96.0,1.79493332967,  ,  ,4.064,  ,  
2019-03-22 11:15:00,1.62,1.05180375894,990.3,  ,  ,1.10000546897,4.50002237305,96.0,1.94733332936,  ,  ,4.318,  ,  
2019-03-22 11:20:00,1.69666666667,1.128106754,990.3,  ,  ,0.935004648622,2.90001441819,96.0,1.77799999637,  ,  ,4.318,  ,  
2019-03-22 11:25:00,1.71666666667,1.14801186406,990.307160741,  ,  ,0.900004474609,4.10002038433,96.0,1.6687030269,  ,  ,4.572,  ,  
2019-03-22 11:30:00,1.81,1.24090227323,990.4,  ,  ,1.06500529495,4.50002237305,96.0,1.52399999689,  ,  ,4.572,  ,  
2019-03-22 11:35:00,1.81333333333,1.15705244055,990.4,  ,  ,1.10000546897,6.10003032791,95.4,1.58249696647,  ,  ,4.572,  ,  
2019-03-22 11:40:00,1.86,1.14505992522,990.407228315,  ,  ,1.67750834017,6.10003032791,95.0,1.52399999689,  ,  ,4.826,  ,  
2019-03-22 11:45:00,1.93666666667,1.22126959572,990.5,  ,  ,1.80000894922,6.10003032791,95.0,1.52399999689,  ,  ,4.826,  ,  
2019-03-22 11:50:00,2.06,1.28024521435,990.5,  ,  ,1.88250935939,5.30002635048,94.5666666667,1.27141110852,  ,  ,5.08,  ,  
2019-03-22 11:55:00,2.10333333333,1.23967887831,990.514314115,  ,  ,1.9000094464,5.00002485894,94.0,1.26999999741,  ,  ,5.08,  ,  
2019-03-22 12:00:00,2.15666666667,1.29262869979,990.7,  ,  ,1.81750903622,5.80002883637,94.0,1.30405586326,  ,  ,5.08,  ,  
2019-03-22 12:05:00,2.20333333333,1.3093164227,990.7,  ,  ,1.80000894922,6.6000328138,93.8,0.509411110072,  ,  ,5.08,  ,  
2019-03-22 12:10:00,2.28666666667,1.27281280654,990.707203179,  ,  ,2.21251100008,6.80003380816,93.0,0.0,  ,  ,5.334,  ,  
2019-03-22 12:15:00,2.42333333333,1.27800065142,990.8,  ,  ,2.30001143511,6.10003032791,92.1333333333,0.0,  ,  ,5.334,  ,  
2019-03-22 12:20:00,2.42,1.25455335231,990.8,  ,  ,2.71251348598,6.50003231662,92.0,0.0,  ,  ,5.334,  ,  
2019-03-22 12:25:00,2.37666666667,1.29705066155,990.814406359,  ,  ,2.80001392101,8.5000422602,92.5666666667,0.0,  ,  ,5.334,  ,  
2019-03-22 12:30:00,2.22,1.2067081559,991.0,  ,  ,2.63501310066,7.50003728841,93.0,0.0,  ,  ,5.842,  ,  
2019-03-22 12:35:00,1.94333333333,0.932372197696,991.0,  ,  ,2.60001292665,9.30004623763,93.0,0.464255554608,  ,  ,6.096,  ,  
2019-03-22 12:40:00,1.7,0.676193561614,991.028628231,  ,  ,3.83751907924,9.00004474609,92.9,1.77799999637,  ,  ,6.096,  ,  
2019-03-22 12:45:00,1.68,0.521708287389,991.4,  ,  ,4.10002038433,9.30004623763,92.0,1.70321110764,  ,  ,6.096,  ,  
2019-03-22 12:50:00,1.68666666667,0.598280704171,991.4,  ,  ,4.43002202502,6.30003132226,92.4666666667,1.38147777496,  ,  ,6.096,  ,  
2019-03-22 12:55:00,1.74666666667,0.697599076145,991.414406359,  ,  ,4.50002237305,7.1000352997,92.7333333333,0.176388888529,  ,  ,6.096,  ,  
2019-03-22 13:00:00,1.86666666667,0.681469278836,991.6,  ,  ,3.09751540011,9.30004623763,91.8333333333,0.0,  ,  ,6.096,  ,  
2019-03-22 13:05:00,2.01333333333,0.831717821811,991.6,  ,  ,2.80001392101,7.80003877995,91.8666666667,0.0,  ,  ,6.096,  ,  
2019-03-22 13:10:00,1.90333333333,0.677513244843,991.621620278,  ,  ,3.21251597187,8.80004375174,91.5666666667,0.0,  ,  ,6.096,  ,  
2019-03-22 13:15:00,1.82,0.660356332538,991.9,  ,  ,3.3000164069,6.00002983073,92.0,0.0,  ,  ,6.096,  ,  
2019-03-22 13:20:00,1.89333333333,0.73298118587,991.9,  ,  ,3.13501558656,5.60002784201,92.0,0.0,  ,  ,6.096,  ,  
2019-03-22 13:25:00,2.01,0.681894313324,991.921471173,  ,  ,3.10001541254,6.6000328138,90.9,0.0,  ,  ,6.096,  ,  
2019-03-22 13:30:00,2.16,0.682145479436,992.2,  ,  ,2.68751336168,8.30004126584,89.9333333333,0.0,  ,  ,6.096,  ,  
2019-03-22 13:35:00,2.26666666667,0.471071638874,992.2,  ,  ,2.60001292665,7.60003778559,87.9,0.0,  ,  ,6.096,  ,  
2019-03-22 13:40:00,2.3,0.324668735598,992.214406359,  ,  ,3.26001620803,9.00004474609,86.7666666667,0.0,  ,  ,6.096,  ,  
2019-03-22 13:45:00,2.30333333333,0.365019131537,992.4,  ,  ,3.40001690408,5.80002883637,87.0,0.0,  ,  ,6.096,  ,  
2019-03-22 13:50:00,2.3,0.467173449825,992.4,  ,  ,3.40001690408,5.50002734483,87.6666666667,0.0,  ,  ,6.096,  ,  
2019-03-22 13:55:00,2.24333333333,0.305984242488,992.435785288,  ,  ,3.40001690408,6.00002983073,87.0,0.0,  ,  ,6.096,  ,  
2019-03-22 14:00:00,2.18333333333,0.19931658176,992.9,  ,  ,2.90501444304,8.60004275738,86.7,0.0,  ,  ,6.096,  ,  
2019-03-22 14:05:00,1.86333333333,-0.131283323511,992.9,  ,  ,2.80001392101,9.00004474609,86.6,0.0,  ,  ,6.096,  ,  
2019-03-22 14:10:00,1.78666666667,-0.106518546554,992.914420686,  ,  ,3.62501802273,11.0000546897,87.2333333333,0.0,  ,  ,6.096,  ,  
2019-03-22 14:15:00,1.7,-0.0715171670216,993.1,  ,  ,3.80001889279,6.30003132226,88.0,0.0,  ,  ,6.096,  ,  
2019-03-22 14:20:00,1.74333333333,-0.122927873955,993.1,  ,  ,3.05751520124,5.80002883637,87.4,0.0,  ,  ,6.096,  ,  
2019-03-22 14:25:00,1.85333333333,-0.130538024387,993.114414414,  ,  ,2.90001441819,7.50003728841,86.6666666667,0.0,  ,  ,6.096,  ,  
2019-03-22 14:30:00,2.22666666667,0.0283803093567,993.3,  ,  ,2.65251318767,8.0000397743,85.3666666667,0.0,  ,  ,6.096,  ,  
2019-03-22 14:35:00,2.44666666667,-0.22025529364,993.3,  ,  ,2.60001292665,11.5000571756,82.5333333333,0.0,  ,  ,6.096,  ,  
2019-03-22 14:40:00,2.35666666667,-0.308267789737,993.321482223,  ,  ,4.16752071993,8.80004375174,82.5333333333,0.0,  ,  ,6.096,  ,  
2019-03-22 14:45:00,2.45333333333,-0.381100754905,993.6,  ,  ,4.50002237305,9.00004474609,81.5333333333,0.0,  ,  ,6.096,  ,  
2019-03-22 14:50:00,2.67,-0.435885877389,993.6,  ,  ,3.75751868149,8.10004027148,79.9666666667,0.0,  ,  ,6.35,  ,  
2019-03-22 14:55:00,2.56,-0.651955092771,993.614414414,  ,  ,3.60001789844,10.0000497179,79.3333333333,0.0,  ,  ,6.35,  ,  
2019-03-22 15:00:00,2.50333333333,-0.298642686069,993.8,  ,  ,3.43501707809,8.60004275738,81.7333333333,0.0,  ,  ,6.35,  ,  
2019-03-22 15:05:00,2.61666666667,-0.300432993453,993.8,  ,  ,3.40001690408,10.1000502151,81.0666666667,0.0,  ,  ,6.35,  ,  
2019-03-22 15:10:00,2.35,-0.459608997068,993.814421632,  ,  ,3.56501772442,7.1000352997,81.6666666667,0.0,  ,  ,6.35,  ,  
2019-03-22 15:15:00,2.24333333333,-0.681657441889,994.0,  ,  ,3.60001789844,10.0000497179,80.9666666667,0.0,  ,  ,6.35,  ,  
2019-03-22 15:20:00,2.15,-0.868731085282,994.0,  ,  ,3.35251666792,9.10004524327,80.4,0.0,  ,  ,6.35,  ,  
2019-03-22 15:25:00,2.10333333333,-1.09077583249,994.014321482,  ,  ,3.3000164069,10.8000536953,79.3666666667,0.0,  ,  ,6.35,  ,  
2019-03-22 15:30:00,2.1,-1.13416619856,994.2,  ,  ,3.71251845776,11.1000551868,79.1333333333,0.0,  ,  ,6.35,  ,  
2019-03-22 15:35:00,2.1,-1.22632147514,994.2,  ,  ,3.80001889279,8.10004027148,78.6,0.0,  ,  ,6.35,  ,  
2019-03-22 15:40:00,2.07,-1.01481230214,994.221621622,  ,  ,4.377521764,7.50003728841,80.0,0.0,  ,  ,6.35,  ,  
2019-03-22 15:45:00,1.91333333333,-1.0599556079,994.5,  ,  ,4.50002237305,9.30004623763,80.6333333333,0.0,  ,  ,6.35,  ,  
2019-03-22 15:50:00,1.9,-1.27729874715,994.5,  ,  ,3.51001745098,9.80004872352,79.4333333333,0.0,  ,  ,6.35,  ,  
2019-03-22 15:55:00,1.85333333333,-1.10157595864,994.521471173,  ,  ,3.3000164069,10.3000512094,80.7333333333,0.0,  ,  ,6.35,  ,  
2019-03-22 16:00:00,1.36666666667,-0.85336838667,994.8,  ,  ,4.29002132897,10.600052701,85.1333333333,0.0,  ,  ,6.35,  ,  
2019-03-22 16:05:00,0.913333333333,-0.903649767505,994.8,  ,  ,4.50002237305,8.0000397743,87.6333333333,0.0,  ,  ,6.35,  ,  
2019-03-22 16:10:00,1.11666666667,-1.08807411555,994.8,  ,  ,4.50002237305,10.1000502151,85.2,0.0,  ,  ,6.35,  ,  
2019-03-22 16:15:00,1.34,-1.13302918068,994.8,  ,  ,4.50002237305,8.80004375174,83.5666666667,0.0,  ,  ,6.35,  ,  
2019-03-22 16:20:00,1.60666666667,-1.14678558354,994.8,  ,  ,3.92251950184,10.1000502151,81.9,0.0,  ,  ,6.35,  ,  
2019-03-22 16:25:00,1.76666666667,-1.53895973917,994.807206759,  ,  ,3.80001889279,9.10004524327,78.6666666667,0.0,  ,  ,6.35,  ,  
2019-03-22 16:30:00,1.78,-1.45132684312,994.9,  ,  ,3.63501807245,8.80004375174,79.1,0.0,  ,  ,6.35,  ,  
2019-03-22 16:35:00,1.7,-1.35270188655,994.9,  ,  ,3.60001789844,7.50003728841,80.1333333333,0.0,  ,  ,6.35,  ,  
2019-03-22 16:40:00,1.60666666667,-1.26373502874,994.921471173,  ,  ,2.61001297637,8.10004027148,81.2,0.0,  ,  ,6.35,  ,  
2019-03-22 16:45:00,1.15333333333,-0.840052191733,995.2,  ,  ,2.40001193229,8.5000422602,86.5333333333,0.0,  ,  ,6.35,  ,  
2019-03-22 16:50:00,0.676666666667,-0.869416933447,995.2,  ,  ,3.39001685436,9.00004474609,89.3666666667,0.0,  ,  ,6.35,  ,  
2019-03-22 16:55:00,0.76,-1.02355491367,995.214406359,  ,  ,3.60001789844,9.30004623763,87.8333333333,0.0,  ,  ,6.35,  ,  
2019-03-22 17:00:00,0.89,-1.15690240893,995.4,  ,  ,3.43501707809,8.80004375174,86.1666666667,0.0,  ,  ,6.35,  ,  
2019-03-22 17:05:00,0.9,-1.1998957632,995.4,  ,  ,3.40001690408,8.30004126584,85.8333333333,0.0,  ,  ,6.35,  ,  
2019-03-22 17:10:00,0.996666666667,-1.20586922419,995.414413519,  ,  ,4.14252059563,10.8000536953,85.2,0.0,  ,  ,6.35,  ,  
2019-03-22 17:15:00,1.09333333333,-1.32585704447,995.6,  ,  ,4.30002137869,9.80004872352,83.8666666667,0.0,  ,  ,6.35,  ,  
2019-03-22 17:20:00,1.1,-1.44971439826,995.6,  ,  ,4.46502219903,9.30004623763,83.0666666667,0.0,  ,  ,6.35,  ,  
2019-03-22 17:25:00,1.10333333333,-1.4682920233,995.607157058,  ,  ,4.50002237305,8.60004275738,82.9333333333,0.0,  ,  ,6.35,  ,  
2019-03-22 17:30:00,1.04,-1.51935060242,995.7,  ,  ,4.50002237305,8.0000397743,83.0,0.0,  ,  ,6.35,  ,  
2019-03-22 17:35:00,0.946666666667,-1.59434378811,995.7,  ,  ,4.50002237305,7.1000352997,83.1,0.0,  ,  ,6.35,  ,  
2019-03-22 17:40:00,0.906666666667,-1.64984130893,995.714406359,  ,  ,3.34501663063,6.30003132226,83.0,0.0,  ,  ,6.35,  ,  
2019-03-22 17:45:00,1.04333333333,-1.58171631537,995.9,  ,  ,3.10001541254,6.80003380816,82.6,0.0,  ,  ,6.35,  ,  
2019-03-22 17:50:00,1.1,-1.67505628571,995.9,  ,  ,3.10001541254,8.10004027148,81.7,0.0,  ,  ,6.35,  ,  
2019-03-22 17:55:00,1.1,-1.68613368572,995.9,  ,  ,3.10001541254,8.30004126584,81.6333333333,0.0,  ,  ,6.35,  ,  
2019-03-22 18:00:00,1.1,-1.68059398535,995.9,  ,  ,3.34751664306,7.00003480252,81.6666666667,0.0,  ,  ,6.35,  ,  
2019-03-22 18:05:00,1.09665271967,-1.65631167417,995.9,  ,  ,3.40001690408,8.10004027148,81.8326359833,0.0,  ,  ,6.35,  ,  
2019-03-22 18:10:00,1.01041666667,-1.81730206127,995.914307154,  ,  ,3.40001690408,9.50004723199,81.3708333333,0.0,  ,  ,6.35,  ,  
2019-03-22 18:15:00,1.04,-1.85032602671,996.1,  ,  ,3.40001690408,8.60004275738,81.0,0.0,  ,  ,6.35,  ,  
2019-03-22 18:20:00,0.953333333333,-1.89595112497,996.1,  ,  ,3.97460309412,8.0000397743,81.2333333333,0.0,  ,  ,6.35,  ,  
2019-03-22 18:25:00,0.973333333333,-1.97052286658,996.1143,  ,  ,4.10002038433,8.10004027148,80.6708333333,0.0,  ,  ,6.35,  ,  
2019-03-22 18:30:00,1.01625,-2.04168029495,996.3,  ,  ,3.52543419429,8.30004126584,80.0,0.0,  ,  ,6.35,  ,  
2019-03-22 18:35:00,1.02708333333,-1.98117332971,996.3,  ,  ,3.40001690408,6.10003032791,80.2958333333,0.0,  ,  ,6.35,  ,  
2019-03-22 18:40:00,0.937083333333,-1.87920084019,996.307057654,  ,  ,2.57917948974,6.80003380816,81.4291666667,0.0,  ,  ,6.35,  ,  
2019-03-22 18:45:00,0.88375,-1.78783766939,996.4,  ,  ,2.40001193229,8.30004126584,82.2958333333,0.0,  ,  ,6.35,  ,  
2019-03-22 18:50:00,0.803333333333,-1.8650918898,996.4,  ,  ,3.1387656052,9.30004623763,82.3041666667,0.0,  ,  ,6.35,  ,  
2019-03-22 18:55:00,0.8,-1.90268364574,996.41420765,  ,  ,3.3000164069,10.0000497179,82.0958333333,0.0,  ,  ,6.35,  ,  
2019-03-22 19:00:00,0.8,-1.81973069816,996.6,  ,  ,3.79251885551,9.50004723199,82.6,0.0,  ,  ,6.35,  ,  
2019-03-22 19:05:00,0.747083333333,-1.92009040253,996.6,  ,  ,3.90001938997,9.00004474609,82.3041666667,0.0,  ,  ,6.35,  ,  
2019-03-22 19:10:00,0.713333333333,-1.90997093906,996.614214712,  ,  ,3.65376816567,9.00004474609,82.5666666667,0.0,  ,  ,6.35,  ,  
2019-03-22 19:15:00,0.7,-2.00523927632,996.8,  ,  ,3.60001789844,8.5000422602,82.0666666667,0.0,  ,  ,6.35,  ,  
2019-03-22 19:20:00,0.703333333333,-2.01297852528,996.8,  ,  ,3.60001789844,8.30004126584,82.0,0.0,  ,  ,6.35,  ,  
2019-03-22 19:25:00,0.706666666667,-2.00972071818,996.821172962,  ,  ,3.60001789844,8.80004375174,82.0,0.0,  ,  ,6.35,  ,  
2019-03-22 19:30:00,0.7,-2.00523927632,997.1,  ,  ,3.84626912274,9.60004772917,82.0666666667,0.0,  ,  ,6.35,  ,  
2019-03-22 19:35:00,0.7,-1.97846704189,997.1,  ,  ,3.90001938997,7.50003728841,82.2291666667,0.0,  ,  ,6.35,  ,  
2019-03-22 19:40:00,0.7,-2.01004951543,997.107103825,  ,  ,3.65376816567,10.0000497179,82.0375,0.0,  ,  ,6.35,  ,  
2019-03-22 19:45:00,0.7,-1.97229548504,997.2,  ,  ,3.60001789844,8.5000422602,82.2666666667,0.0,  ,  ,6.35,  ,  
2019-03-22 19:50:00,0.7,-1.94010664333,997.2,  ,  ,3.60001789844,7.1000352997,82.4625,0.0,  ,  ,6.35,  ,  
2019-03-22 19:55:00,0.7,-1.85210499202,997.207060591,  ,  ,3.60001789844,7.50003728841,83.0,0.0,  ,  ,6.35,  ,  
2019-03-22 20:00:00,0.620416666667,-1.7953126058,997.3,  ,  ,3.60001789844,7.50003728841,83.8291666667,0.0,  ,  ,6.35,  ,  
2019-03-22 20:05:00,0.6,-1.82542643421,997.3,  ,  ,3.60001789844,7.1000352997,83.7666666667,0.0,  ,  ,6.35,  ,  
2019-03-22 20:10:00,0.570416666667,-1.8167138414,997.314214214,  ,  ,3.35376667413,6.80003380816,84.0,0.0,  ,  ,6.35,  ,  
2019-03-22 20:15:00,0.5,-1.88572683067,997.5,  ,  ,3.3000164069,8.0000397743,84.0,0.0,  ,  ,6.35,  ,  
2019-03-22 20:20:00,0.437083333333,-1.93128011601,997.5,  ,  ,2.97168144116,6.80003380816,84.1,0.0,  ,  ,6.35,  ,  
2019-03-22 20:25:00,0.4,-1.91473808236,997.514221332,  ,  ,2.90001441819,6.80003380816,84.4291666667,0.0,  ,  ,6.35,  ,  
2019-03-22 20:30:00,0.4,-1.8234460869,997.7,  ,  ,2.65376319388,5.60002784201,85.0,0.0,  ,  ,6.35,  ,  
2019-03-22 20:35:00,0.4,-1.8234460869,997.7,  ,  ,2.60001292665,5.50002734483,85.0,0.0,  ,  ,6.35,  ,  
2019-03-22 20:40:00,0.4,-1.92409793294,997.7,  ,  ,2.02542673661,6.6000328138,84.3708333333,0.0,  ,  ,6.35,  ,  
2019-03-22 20:45:00,0.4,-1.98373414492,997.7,  ,  ,1.9000094464,6.6000328138,84.0,0.0,  ,  ,6.35,  ,  
2019-03-22 20:50:00,0.4,-1.98373414492,997.7,  ,  ,2.22834441213,7.00003480252,84.0,0.0,  ,  ,6.35,  ,  
2019-03-22 20:55:00,0.465833333333,-2.08060844146,997.7,  ,  ,2.30001143511,7.30003629405,83.0041666667,0.0,  ,  ,6.35,  ,  
2019-03-22 21:00:00,0.540416666667,-2.00285737321,997.7,  ,  ,2.95668136659,6.00002983073,83.0333333333,0.0,  ,  ,6.35,  ,  
2019-03-22 21:05:00,0.47375,-1.96596564328,997.7,  ,  ,3.10001541254,5.00002485894,83.6625,0.0,  ,  ,6.35,  ,  
2019-03-22 21:10:00,0.4,-1.99985571118,997.714214712,  ,  ,2.11501051533,6.30003132226,83.9,0.0,  ,  ,6.35,  ,  
2019-03-22 21:15:00,0.4,-1.98373414492,997.9,  ,  ,1.9000094464,6.10003032791,84.0,0.0,  ,  ,6.35,  ,  
2019-03-22 21:20:00,0.42625,-1.95800714515,997.9,  ,  ,2.22834441213,6.6000328138,84.0,0.0,  ,  ,6.35,  ,  
2019-03-22 21:25:00,0.5,-1.88572683067,997.907107356,  ,  ,2.30001143511,6.50003231662,84.0,0.0,  ,  ,6.35,  ,  
2019-03-22 21:30:00,0.5,-1.88572683067,998.0,  ,  ,2.30001143511,5.10002535612,84.0,0.0,  ,  ,6.35,  ,  
2019-03-22 21:35:00,0.5,-1.82737971228,998.0,  ,  ,2.30001143511,5.80002883637,84.3625,0.0,  ,  ,6.35,  ,  
2019-03-22 21:40:00,0.447083333333,-1.8038468789,998.007103825,  ,  ,2.13584395224,5.80002883637,84.8333333333,0.0,  ,  ,6.35,  ,  
2019-03-22 21:45:00,0.406666666667,-1.81690335108,998.1,  ,  ,2.10001044075,6.80003380816,85.0,0.0,  ,  ,6.35,  ,  
2019-03-22 21:50:00,0.423333333333,-1.80054652649,998.1,  ,  ,2.51042914793,6.00002983073,85.0,0.0,  ,  ,6.35,  ,  
2019-03-22 21:55:00,0.4,-1.79158890789,998.107071713,  ,  ,2.60001292665,6.10003032791,85.2,0.0,  ,  ,6.35,  ,  
2019-03-22 22:00:00,0.4,-1.78628581416,998.2,  ,  ,2.60001292665,6.00002983073,85.2333333333,0.0,  ,  ,6.35,  ,  
2019-03-22 22:05:00,0.4,-1.76509177828,998.2,  ,  ,2.60001292665,7.30003629405,85.3666666667,0.0,  ,  ,6.35,  ,  
2019-03-22 22:10:00,0.419583333333,-1.67783194585,998.207107107,  ,  ,2.43584544378,7.30003629405,85.7958333333,0.0,  ,  ,6.35,  ,  
2019-03-22 22:15:00,0.48,-1.60199980999,998.3,  ,  ,2.40001193229,7.30003629405,85.9,0.0,  ,  ,6.35,  ,  
2019-03-22 22:20:00,0.443333333333,-1.62223351237,998.3,  ,  ,2.81043063946,6.6000328138,86.0,0.0,  ,  ,6.35,  ,  
2019-03-22 22:25:00,0.5,-1.56654570875,998.3,  ,  ,2.90001441819,5.50002734483,86.0,0.0,  ,  ,6.35,  ,  
2019-03-22 22:30:00,0.496666666667,-1.56982145554,998.3,  ,  ,2.40751196958,4.30002137869,86.0,0.0,  ,  ,6.35,  ,  
2019-03-22 22:35:00,0.5,-1.56654570875,998.3,  ,  ,2.30001143511,6.00002983073,86.0,0.0,  ,  ,6.35,  ,  
2019-03-22 22:40:00,0.57,-1.49775520987,998.307061164,  ,  ,1.88959272794,4.30002137869,86.0,0.0,  ,  ,6.35,  ,  
2019-03-22 22:45:00,0.529583333333,-1.53747349083,998.4,  ,  ,1.80000894922,4.30002137869,86.0,0.0,  ,  ,6.35,  ,  
2019-03-22 22:50:00,0.586666666667,-1.48137657136,998.4,  ,  ,1.47167398348,4.50002237305,86.0,0.0,  ,  ,6.35,  ,  
2019-03-22 22:55:00,0.6,-1.37372163033,998.4,  ,  ,1.4000069605,6.10003032791,86.6,0.0,  ,  ,6.35,  ,  
2019-03-22 23:00:00,0.6,-1.46827367488,998.4,  ,  ,1.81042566767,6.00002983073,86.0,0.0,  ,  ,6.35,  ,  
2019-03-22 23:05:00,0.6,-1.41632936282,998.4,  ,  ,1.9000094464,6.00002983073,86.3291666667,0.0,  ,  ,6.35,  ,  
2019-03-22 23:10:00,0.6,-1.3266627936,998.407107356,  ,  ,1.81792570496,5.60002784201,86.9,0.0,  ,  ,6.35,  ,  
2019-03-22 23:15:00,0.6,-1.31100845667,998.5,  ,  ,1.80000894922,7.1000352997,87.0,0.0,  ,  ,6.35,  ,  
2019-03-22 23:20:00,0.613333333333,-1.2978881208,998.5,  ,  ,2.21042765639,4.50002237305,87.0,0.0,  ,  ,6.35,  ,  
2019-03-22 23:25:00,0.6,-1.31100845667,998.507103825,  ,  ,2.30001143511,4.60002287023,87.0,0.0,  ,  ,6.35,  ,  
2019-03-22 23:30:00,0.632916666667,-1.27861764883,998.6,  ,  ,1.72542524507,6.6000328138,87.0,0.0,  ,  ,6.35,  ,  
2019-03-22 23:35:00,0.7,-1.21260622462,998.6,  ,  ,1.60000795486,6.6000328138,87.0,0.0,  ,  ,6.35,  ,  
2019-03-22 23:40:00,0.7,-1.21260622462,998.6,  ,  ,2.1745941449,7.00003480252,87.0,0.0,  ,  ,6.35,  ,  
2019-03-22 23:45:00,0.7,-1.14554749036,998.6,  ,  ,2.30001143511,6.00002983073,87.4291666667,0.0,  ,  ,6.35,  ,  
2019-03-22 23:50:00,0.7,-1.05680273725,998.6,  ,  ,2.30001143511,5.50002734483,88.0,0.0,  ,  ,6.35,  ,  
  

    

