Time,TemperatureC,DewpointC,PressurehPa,WindDirection,WindDirectionDegrees,WindSpeedKMH,WindSpeedGustKMH,Humidity,HourlyPrecipMM,Conditions,Clouds,dailyrainMM,SoftwareType,DateUTC
                
2018-11-22 00:00:00,-2.8,-4.35600182268,1006.2,  ,  ,1.80000894922,4.80002386458,89.0,0.0,  ,  ,0.0,  ,  
2018-11-22 00:05:00,-2.8,-4.35600182268,1006.18866799,  ,  ,1.85167587276,3.90001938997,89.0,0.0,  ,  ,0.0,  ,  
2018-11-22 00:10:00,-2.8025,-4.35846881203,1006.0,  ,  ,1.9000094464,3.40001690408,89.0,0.0,  ,  ,0.0,  ,  
2018-11-22 00:15:00,-2.86416666667,-4.32651484509,1006.0,  ,  ,1.84834252285,4.50002237305,89.625,0.0,  ,  ,0.0,  ,  
2018-11-22 00:20:00,-2.80666666667,-4.2142929238,1005.99434717,  ,  ,1.80000894922,4.10002038433,90.0,0.0,  ,  ,0.0,  ,  
2018-11-22 00:25:00,-2.8,-4.20770592043,1005.9,  ,  ,1.69667510213,4.30002137869,90.0,0.0,  ,  ,0.0,  ,  
2018-11-22 00:30:00,-2.8,-4.20770592043,1005.9,  ,  ,1.60000795486,3.60001789844,90.0,0.0,  ,  ,0.0,  ,  
2018-11-22 00:35:00,-2.8,-4.22246961326,1005.89436409,  ,  ,1.49667410778,4.30002137869,89.9,0.0,  ,  ,0.0,  ,  
2018-11-22 00:40:00,-2.79666666667,-4.20441241959,1005.8,  ,  ,1.4000069605,3.80001889279,90.0,0.0,  ,  ,0.0,  ,  
2018-11-22 00:45:00,-2.71083333333,-4.11960496577,1005.8,  ,  ,1.50334080759,4.30002137869,90.0,0.0,  ,  ,0.0,  ,  
2018-11-22 00:50:00,-2.7,-4.10890113877,1005.79433681,  ,  ,1.60000795486,3.80001889279,90.0,0.0,  ,  ,0.0,  ,  
2018-11-22 00:55:00,-2.7,-4.10890113877,1005.7,  ,  ,1.60000795486,3.90001938997,90.0,0.0,  ,  ,0.0,  ,  
2018-11-22 01:00:00,-2.7,-4.10890113877,1005.7,  ,  ,1.60000795486,4.30002137869,90.0,0.0,  ,  ,0.0,  ,  
2018-11-22 01:05:00,-2.69083333333,-4.11338939388,1005.68330849,  ,  ,1.70334180195,4.80002386458,89.9083333333,0.0,  ,  ,0.0,  ,  
2018-11-22 01:10:00,-2.61,-4.03106648163,1005.4,  ,  ,1.80000894922,4.10002038433,89.925,0.0,  ,  ,0.0,  ,  
2018-11-22 01:15:00,-2.6,-4.0199543704,1005.4,  ,  ,1.80000894922,4.30002137869,89.9333333333,0.0,  ,  ,0.0,  ,  
2018-11-22 01:20:00,-2.6,-4.14745160748,1005.3833002,  ,  ,1.80000894922,3.60001789844,89.075,0.0,  ,  ,0.0,  ,  
2018-11-22 01:25:00,-2.59083333333,-4.08628111032,1005.1,  ,  ,1.69667510213,3.80001889279,89.425,0.0,  ,  ,0.0,  ,  
2018-11-22 01:30:00,-2.50333333333,-4.01229413907,1005.1,  ,  ,1.60000795486,4.80002386458,89.3416666667,0.0,  ,  ,0.0,  ,  
2018-11-22 01:35:00,-2.43416666667,-3.99002048194,1005.08335832,  ,  ,1.70334180195,4.80002386458,89.0333333333,0.0,  ,  ,0.0,  ,  
2018-11-22 01:40:00,-2.4,-3.96128800599,1004.8,  ,  ,1.80000894922,5.10002535612,89.0,0.0,  ,  ,0.0,  ,  
2018-11-22 01:45:00,-2.3375,-3.8996147765,1004.8,  ,  ,1.95500971985,4.30002137869,89.0,0.0,  ,  ,0.0,  ,  
2018-11-22 01:50:00,-2.3,-3.86261094315,1004.8,  ,  ,2.10001044075,5.50002734483,89.0,0.0,  ,  ,0.0,  ,  
2018-11-22 01:55:00,-2.26416666667,-3.82725179774,1004.8,  ,  ,1.99667659367,5.30002635048,89.0,0.0,  ,  ,0.0,  ,  
2018-11-22 02:00:00,-2.2,-3.76393443684,1004.8,  ,  ,1.9000094464,5.00002485894,89.0,0.0,  ,  ,0.0,  ,  
2018-11-22 02:05:00,-2.2,-3.76393443684,1004.7888668,  ,  ,1.74500867577,4.80002386458,89.0,0.0,  ,  ,0.0,  ,  
2018-11-22 02:10:00,-2.13416666667,-3.82816684608,1004.6,  ,  ,1.60000795486,5.10002535612,88.1416666667,0.0,  ,  ,0.0,  ,  
2018-11-22 02:15:00,-2.1,-3.8159264136,1004.6,  ,  ,1.75500872549,5.60002784201,88.0,0.0,  ,  ,0.0,  ,  
2018-11-22 02:20:00,-2.04416666667,-3.76090350634,1004.58887233,  ,  ,1.9000094464,6.10003032791,88.0,0.0,  ,  ,0.0,  ,  
2018-11-22 02:25:00,-2.0,-3.73127678213,1004.4,  ,  ,2.10667714057,6.50003231662,87.9083333333,0.0,  ,  ,0.0,  ,  
2018-11-22 02:30:00,-2.0,-3.86969897495,1004.4,  ,  ,2.30001143511,6.50003231662,87.0,0.0,  ,  ,0.0,  ,  
2018-11-22 02:35:00,-1.9175,-3.78850287768,1004.4111332,  ,  ,2.35167835865,5.30002635048,87.0,0.0,  ,  ,0.0,  ,  
2018-11-22 02:40:00,-1.9,-3.77127952107,1004.6,  ,  ,2.40001193229,5.60002784201,87.0,0.0,  ,  ,0.0,  ,  
2018-11-22 02:45:00,-1.9,-3.77127952107,1004.6,  ,  ,2.50334577938,5.50002734483,87.0,0.0,  ,  ,0.0,  ,  
2018-11-22 02:50:00,-1.87416666667,-3.74585460316,1004.57771144,  ,  ,2.60001292665,5.00002485894,87.0,0.0,  ,  ,0.0,  ,  
2018-11-22 02:55:00,-1.80666666667,-3.70500104205,1004.2,  ,  ,2.44501215602,6.00002983073,86.8333333333,0.0,  ,  ,0.0,  ,  
2018-11-22 03:00:00,-1.80666666667,-3.69988174818,1004.2,  ,  ,2.30001143511,4.50002237305,86.8666666667,0.0,  ,  ,0.0,  ,  
2018-11-22 03:05:00,-1.8825,-3.81932728815,1004.19444166,  ,  ,2.0416768174,4.60002287023,86.575,0.0,  ,  ,0.0,  ,  
2018-11-22 03:10:00,-1.8175,-3.8442006399,1004.1,  ,  ,1.80000894922,5.50002734483,86.0,0.0,  ,  ,0.0,  ,  
2018-11-22 03:15:00,-1.8,-3.8270000787,1004.1,  ,  ,1.95500971985,5.80002883637,86.0,0.0,  ,  ,0.0,  ,  
2018-11-22 03:20:00,-1.8,-3.8270000787,1004.0833002,  ,  ,2.10001044075,5.80002883637,86.0,0.0,  ,  ,0.0,  ,  
2018-11-22 03:25:00,-1.8,-3.8270000787,1003.8,  ,  ,2.46167890555,6.10003032791,86.0,0.0,  ,  ,0.0,  ,  
2018-11-22 03:30:00,-1.8,-3.8270000787,1003.8,  ,  ,2.80001392101,5.30002635048,86.0,0.0,  ,  ,0.0,  ,  
2018-11-22 03:35:00,-1.8,-3.8270000787,1003.78330849,  ,  ,2.43834545621,5.10002535612,86.0,0.0,  ,  ,0.0,  ,  
2018-11-22 03:40:00,-1.8,-3.8270000787,1003.5,  ,  ,2.10001044075,6.10003032791,86.0,0.0,  ,  ,0.0,  ,  
2018-11-22 03:45:00,-1.8,-3.83216535473,1003.5,  ,  ,2.25501121138,6.00002983073,85.9666666667,0.0,  ,  ,0.0,  ,  
2018-11-22 03:50:00,-1.8,-3.84767183758,1003.4944334,  ,  ,2.40001193229,6.30003132226,85.8666666667,0.0,  ,  ,0.0,  ,  
2018-11-22 03:55:00,-1.8,-3.90336845223,1003.4,  ,  ,2.76168039709,6.50003231662,85.5083333333,0.0,  ,  ,0.0,  ,  
2018-11-22 04:00:00,-1.8,-3.98273578515,1003.4,  ,  ,3.10001541254,6.6000328138,85.0,0.0,  ,  ,0.0,  ,  
2018-11-22 04:05:00,-1.8,-3.98273578515,1003.3777336,  ,  ,2.99668156546,7.60003778559,85.0,0.0,  ,  ,0.0,  ,  
2018-11-22 04:10:00,-1.8,-3.98273578515,1003.0,  ,  ,2.90001441819,7.1000352997,85.0,0.0,  ,  ,0.0,  ,  
2018-11-22 04:15:00,-1.8625,-4.0440846863,1003.0,  ,  ,3.00334826527,5.80002883637,85.0,0.0,  ,  ,0.0,  ,  
2018-11-22 04:20:00,-1.9,-4.08089417137,1002.97777778,  ,  ,3.10001541254,6.50003231662,85.0,0.0,  ,  ,0.0,  ,  
2018-11-22 04:25:00,-1.9,-4.10568022297,1002.6,  ,  ,2.84168079483,8.30004126584,84.8416666667,0.0,  ,  ,0.0,  ,  
2018-11-22 04:30:00,-1.9,-4.23812987117,1002.6,  ,  ,2.60001292665,6.80003380816,84.0,0.0,  ,  ,0.0,  ,  
2018-11-22 04:35:00,-1.9,-4.23812987117,1002.59443063,  ,  ,2.85834754436,6.6000328138,84.0,0.0,  ,  ,0.0,  ,  
2018-11-22 04:40:00,-1.9,-4.23812987117,1002.5,  ,  ,3.10001541254,5.00002485894,84.0,0.0,  ,  ,0.0,  ,  
2018-11-22 04:45:00,-1.9425,-4.27979128698,1002.5,  ,  ,2.84168079483,6.6000328138,84.0,0.0,  ,  ,0.0,  ,  
2018-11-22 04:50:00,-2.00666666667,-4.3426921381,1002.49438649,  ,  ,2.60001292665,8.0000397743,84.0,0.0,  ,  ,0.0,  ,  
2018-11-22 04:55:00,-2.09583333333,-4.43010037793,1002.4,  ,  ,2.85834754436,6.10003032791,84.0,0.0,  ,  ,0.0,  ,  
2018-11-22 05:00:00,-2.1,-4.43418489115,1002.4,  ,  ,3.10001541254,7.00003480252,84.0,0.0,  ,  ,0.0,  ,  
2018-11-22 05:05:00,-2.1725,-4.50525565029,1002.3888668,  ,  ,2.73834694775,7.50003728841,84.0,0.0,  ,  ,0.0,  ,  
2018-11-22 05:10:00,-2.2,-4.53221363781,1002.2,  ,  ,2.40001193229,7.1000352997,84.0,0.0,  ,  ,0.0,  ,  
2018-11-22 05:15:00,-2.2,-4.53221363781,1002.2,  ,  ,2.65834655,5.10002535612,84.0,0.0,  ,  ,0.0,  ,  
2018-11-22 05:20:00,-2.22916666667,-4.56080551089,1002.1833002,  ,  ,2.90001441819,7.80003877995,84.0,0.0,  ,  ,0.0,  ,  
2018-11-22 05:25:00,-2.3,-4.63024320895,1001.9,  ,  ,2.84834749464,7.30003629405,84.0,0.0,  ,  ,0.0,  ,  
2018-11-22 05:30:00,-2.3,-4.63024320895,1001.9,  ,  ,2.80001392101,5.10002535612,84.0,0.0,  ,  ,0.0,  ,  
2018-11-22 05:35:00,-2.3,-4.63024320895,1001.89444444,  ,  ,2.80001392101,6.50003231662,84.0,0.0,  ,  ,0.0,  ,  
2018-11-22 05:40:00,-2.3,-4.63024320895,1001.8,  ,  ,2.80001392101,6.6000328138,84.0,0.0,  ,  ,0.0,  ,  
2018-11-22 05:45:00,-2.33333333333,-4.53355389893,1001.8,  ,  ,2.95501469163,9.00004474609,84.825,0.0,  ,  ,0.0,  ,  
2018-11-22 05:50:00,-2.38916666667,-4.56106337358,1001.79441397,  ,  ,3.10001541254,6.6000328138,85.0,0.0,  ,  ,0.0,  ,  
2018-11-22 05:55:00,-2.44916666667,-4.61996103503,1001.7,  ,  ,2.6866800242,5.00002485894,85.0,0.0,  ,  ,0.0,  ,  
2018-11-22 06:00:00,-2.5225,-4.64663383727,1001.7,  ,  ,2.30001143511,6.00002983073,85.2916666667,0.0,  ,  ,0.0,  ,  
2018-11-22 06:05:00,-2.6,-4.61333386001,1001.6944334,  ,  ,2.30001143511,6.50003231662,86.0,0.0,  ,  ,0.0,  ,  
2018-11-22 06:10:00,-2.6,-4.75766167282,1001.6,  ,  ,2.30001143511,6.30003132226,85.0666666667,0.0,  ,  ,0.0,  ,  
2018-11-22 06:15:00,-2.6,-4.61333386001,1001.6,  ,  ,2.55834605282,6.6000328138,86.0,0.0,  ,  ,0.0,  ,  
2018-11-22 06:20:00,-2.6,-4.61333386001,1001.58887233,  ,  ,2.80001392101,7.00003480252,86.0,0.0,  ,  ,0.0,  ,  
2018-11-22 06:25:00,-2.5675,-4.58138815707,1001.4,  ,  ,2.85168084455,7.30003629405,86.0,0.0,  ,  ,0.0,  ,  
2018-11-22 06:30:00,-2.5,-4.5150396311,1001.4,  ,  ,2.90001441819,5.10002535612,86.0,0.0,  ,  ,0.0,  ,  
2018-11-22 06:35:00,-2.5,-4.5150396311,1001.3888668,  ,  ,2.84834749464,5.10002535612,86.0,0.0,  ,  ,0.0,  ,  
2018-11-22 06:40:00,-2.50333333333,-4.51831609386,1001.2,  ,  ,2.80001392101,7.60003778559,86.0,0.0,  ,  ,0.0,  ,  
2018-11-22 06:45:00,-2.5,-4.5150396311,1001.2,  ,  ,3.05834853872,7.00003480252,86.0,0.0,  ,  ,0.0,  ,  
2018-11-22 06:50:00,-2.51666666667,-4.53142195286,1001.18878879,  ,  ,3.3000164069,7.50003728841,86.0,0.0,  ,  ,0.0,  ,  
2018-11-22 06:55:00,-2.50333333333,-4.51831609386,1001.0,  ,  ,3.35168333044,7.60003778559,86.0,0.0,  ,  ,0.0,  ,  
2018-11-22 07:00:00,-2.5,-4.49067278296,1001.0,  ,  ,3.40001690408,6.80003380816,86.1583333333,0.0,  ,  ,0.0,  ,  
2018-11-22 07:05:00,-2.5,-4.50862344984,1000.98884462,  ,  ,3.34834998054,8.10004027148,86.0416666667,0.0,  ,  ,0.0,  ,  
2018-11-22 07:10:00,-2.4975,-4.37078405715,1000.8,  ,  ,3.3000164069,6.30003132226,86.925,0.0,  ,  ,0.0,  ,  
2018-11-22 07:15:00,-2.41333333333,-4.27650641244,1000.8,  ,  ,2.9383479421,6.10003032791,87.0,0.0,  ,  ,0.0,  ,  
2018-11-22 07:20:00,-2.4,-4.26338341521,1000.8,  ,  ,2.60001292665,7.00003480252,87.0,0.0,  ,  ,0.0,  ,  
2018-11-22 07:25:00,-2.39416666667,-4.27672768204,1000.8,  ,  ,3.01334831499,7.80003877995,86.875,0.0,  ,  ,0.0,  ,  
2018-11-22 07:30:00,-2.32666666667,-4.26390345129,1000.8,  ,  ,3.40001690408,6.00002983073,86.525,0.0,  ,  ,0.0,  ,  
2018-11-22 07:35:00,-2.3,-4.18533629077,1000.78345753,  ,  ,2.98668151574,8.0000397743,86.8666666667,0.0,  ,  ,0.0,  ,  
2018-11-22 07:40:00,-2.3,-4.16496131142,1000.5,  ,  ,2.60001292665,7.50003728841,87.0,0.0,  ,  ,0.0,  ,  
2018-11-22 07:45:00,-2.3,-4.16496131142,1000.5,  ,  ,2.60001292665,6.50003231662,87.0,0.0,  ,  ,0.0,  ,  
2018-11-22 07:50:00,-2.23416666667,-4.10016712139,1000.4944831,  ,  ,2.60001292665,7.60003778559,87.0,0.0,  ,  ,0.0,  ,  
2018-11-22 07:55:00,-2.2,-4.07673248355,1000.4,  ,  ,3.01334831499,8.0000397743,86.9333333333,0.0,  ,  ,0.0,  ,  
2018-11-22 08:00:00,-2.17083333333,-4.07865583858,1000.4,  ,  ,3.40001690408,7.80003877995,86.7333333333,0.0,  ,  ,0.0,  ,  
2018-11-22 08:05:00,-2.1,-3.9681190913,1000.39445277,  ,  ,3.24501613345,6.6000328138,87.0,0.0,  ,  ,0.0,  ,  
2018-11-22 08:10:00,-2.1,-3.9681190913,1000.3,  ,  ,3.10001541254,6.30003132226,87.0,0.0,  ,  ,0.0,  ,  
2018-11-22 08:15:00,-2.05791666667,-3.92670054493,1000.3,  ,  ,3.25440948559,8.0000397743,87.0,0.0,  ,  ,0.0,  ,  
2018-11-22 08:20:00,-1.99458333333,-3.9084492813,1000.29459459,  ,  ,3.40001690408,5.80002883637,86.7125,0.0,  ,  ,0.0,  ,  
2018-11-22 08:25:00,-1.91,-3.80859680661,1000.2,  ,  ,2.88751435604,6.6000328138,86.8208333333,0.0,  ,  ,0.0,  ,  
2018-11-22 08:30:00,-1.9,-3.91303917397,1000.2,  ,  ,2.40001193229,6.00002983073,86.0791666667,0.0,  ,  ,0.0,  ,  
2018-11-22 08:35:00,-1.86125,-3.83053006712,1000.1945825,  ,  ,2.60501295151,7.1000352997,86.3666666667,0.0,  ,  ,0.0,  ,  
2018-11-22 08:40:00,-1.8,-3.82183657629,1000.1,  ,  ,2.80001392101,6.00002983073,86.0333333333,0.0,  ,  ,0.0,  ,  
2018-11-22 08:45:00,-1.78125,-3.80857093033,1000.1,  ,  ,2.85126417581,7.50003728841,86.0,0.0,  ,  ,0.0,  ,  
2018-11-22 08:50:00,-1.7,-3.72871157826,1000.08375559,  ,  ,2.90001441819,7.1000352997,86.0,0.0,  ,  ,0.0,  ,  
2018-11-22 08:55:00,-1.7,-3.72871157826,999.8,  ,  ,3.00251492779,6.50003231662,86.0,0.0,  ,  ,0.0,  ,  
2018-11-22 09:00:00,-1.65125,-3.68079619391,999.8,  ,  ,3.10001541254,6.50003231662,86.0,0.0,  ,  ,0.0,  ,  
2018-11-22 09:05:00,-1.6,-3.63042379385,999.8,  ,  ,3.45876719617,6.10003032791,86.0,0.0,  ,  ,0.0,  ,  
2018-11-22 09:10:00,-1.54791666667,-3.57923252304,999.8,  ,  ,3.80001889279,5.50002734483,86.0,0.0,  ,  ,0.0,  ,  
2018-11-22 09:15:00,-1.49791666667,-3.5300890858,999.8,  ,  ,3.28751634475,5.50002734483,86.0,0.0,  ,  ,0.0,  ,  
2018-11-22 09:20:00,-1.4,-3.43385037306,999.8,  ,  ,2.80001392101,7.1000352997,86.0,0.0,  ,  ,0.0,  ,  
2018-11-22 09:25:00,-1.37125,-3.42633949727,999.8,  ,  ,2.95376468542,6.6000328138,85.8666666667,0.0,  ,  ,0.0,  ,  
2018-11-22 09:30:00,-1.3,-3.33556473667,999.8,  ,  ,3.10001541254,4.80002386458,86.0,0.0,  ,  ,0.0,  ,  
2018-11-22 09:35:00,-1.3,-3.33556473667,999.794594595,  ,  ,2.5875128645,5.80002883637,86.0,0.0,  ,  ,0.0,  ,  
2018-11-22 09:40:00,-1.28125,-3.37950803369,999.7,  ,  ,2.10001044075,9.30004623763,85.6,0.0,  ,  ,0.0,  ,  
2018-11-22 09:45:00,-1.20333333333,-3.26652987652,999.7,  ,  ,2.45876222438,7.60003778559,85.8333333333,0.0,  ,  ,0.0,  ,  
2018-11-22 09:50:00,-1.2,-3.29448304713,999.678232651,  ,  ,2.80001392101,8.5000422602,85.6333333333,0.0,  ,  ,0.0,  ,  
2018-11-22 09:55:00,-1.19458333333,-3.36555659348,999.3,  ,  ,3.21001595944,8.80004375174,85.1458333333,0.0,  ,  ,0.0,  ,  
2018-11-22 10:00:00,-1.11,-3.15596796359,999.3,  ,  ,3.60001789844,6.80003380816,85.9541666667,0.0,  ,  ,0.0,  ,  
2018-11-22 10:05:00,-1.1,-3.2171192645,999.294535519,  ,  ,3.34376662442,8.5000422602,85.5,0.0,  ,  ,0.0,  ,  
2018-11-22 10:10:00,-1.1,-3.23083249017,999.2,  ,  ,3.10001541254,7.00003480252,85.4125,0.0,  ,  ,0.0,  ,  
2018-11-22 10:15:00,-1.04791666667,-3.12618332525,999.2,  ,  ,3.10001541254,6.50003231662,85.7541666667,0.0,  ,  ,0.0,  ,  
2018-11-22 10:20:00,-1.0,-3.05111404082,999.205414804,  ,  ,3.10001541254,8.60004275738,85.9333333333,0.0,  ,  ,0.0,  ,  
2018-11-22 10:25:00,-0.97125,-3.012455753,999.3,  ,  ,2.84376413852,6.80003380816,86.0,0.0,  ,  ,0.0,  ,  
2018-11-22 10:30:00,-0.9,-2.94242935095,999.3,  ,  ,2.60001292665,8.10004027148,86.0,0.0,  ,  ,0.0,  ,  
2018-11-22 10:35:00,-0.9,-2.97889789149,999.3,  ,  ,2.49751241704,5.50002734483,85.7666666667,0.0,  ,  ,0.0,  ,  
2018-11-22 10:40:00,-0.887916666667,-3.01208583177,999.3,  ,  ,2.40001193229,8.5000422602,85.4791666667,0.0,  ,  ,0.0,  ,  
2018-11-22 10:45:00,-0.836666666667,-3.0371827681,999.3,  ,  ,2.75876371592,9.50004723199,85.0,0.0,  ,  ,0.0,  ,  
2018-11-22 10:50:00,-0.803333333333,-2.86500966866,999.294585196,  ,  ,3.10001541254,8.30004126584,85.8875,0.0,  ,  ,0.0,  ,  
2018-11-22 10:55:00,-0.8,-2.85456664531,999.2,  ,  ,2.84376413852,7.1000352997,85.9333333333,0.0,  ,  ,0.0,  ,  
2018-11-22 11:00:00,-0.8,-2.99396059601,999.2,  ,  ,2.60001292665,10.0000497179,85.0458333333,0.0,  ,  ,0.0,  ,  
2018-11-22 11:05:00,-0.8,-2.92443063959,999.1946,  ,  ,3.01001496508,7.30003629405,85.4875,0.0,  ,  ,0.0,  ,  
2018-11-22 11:10:00,-0.8,-2.8891319502,999.1,  ,  ,3.40001690408,8.5000422602,85.7125,0.0,  ,  ,0.0,  ,  
2018-11-22 11:15:00,-0.78,-2.94476799011,999.1,  ,  ,2.99001486565,5.80002883637,85.2333333333,0.0,  ,  ,0.0,  ,  
2018-11-22 11:20:00,-0.714583333333,-2.77779798712,999.094591888,  ,  ,2.60001292665,4.60002287023,85.8875,0.0,  ,  ,0.0,  ,  
2018-11-22 11:25:00,-0.703333333333,-2.74914198703,999.0,  ,  ,2.49751241704,6.50003231662,86.0,0.0,  ,  ,0.0,  ,  
2018-11-22 11:30:00,-0.7,-2.74586595388,999.0,  ,  ,2.40001193229,8.5000422602,86.0,0.0,  ,  ,0.0,  ,  
2018-11-22 11:35:00,-0.7,-2.74586595388,998.994585196,  ,  ,2.5025124419,8.5000422602,86.0,0.0,  ,  ,0.0,  ,  
2018-11-22 11:40:00,-0.7,-2.75955426886,998.9,  ,  ,2.60001292665,6.50003231662,85.9125,0.0,  ,  ,0.0,  ,  
2018-11-22 11:45:00,-0.7,-2.78435501287,998.9,  ,  ,2.44626216224,6.50003231662,85.7541666667,0.0,  ,  ,0.0,  ,  
2018-11-22 11:50:00,-0.687916666667,-2.83335748991,998.894582505,  ,  ,2.30001143511,7.80003877995,85.3666666667,0.0,  ,  ,0.0,  ,  
2018-11-22 11:55:00,-0.636666666667,-2.82310965723,998.8,  ,  ,2.71001347355,7.00003480252,85.1125,0.0,  ,  ,0.0,  ,  
2018-11-22 12:00:00,-0.6,-2.80489520936,998.8,  ,  ,3.10001541254,7.30003629405,85.0,0.0,  ,  ,0.0,  ,  
2018-11-22 12:05:00,-0.6,-2.79435703316,998.789071038,  ,  ,2.99751490293,8.10004027148,85.0666666667,0.0,  ,  ,0.0,  ,  
2018-11-22 12:10:00,-0.6,-2.80489520936,998.6,  ,  ,2.90001441819,8.80004375174,85.0,0.0,  ,  ,0.0,  ,  
2018-11-22 12:15:00,-0.6,-2.80489520936,998.6,  ,  ,2.90001441819,6.50003231662,85.0,0.0,  ,  ,0.0,  ,  
2018-11-22 12:20:00,-0.554583333333,-2.76031939285,998.589170392,  ,  ,2.90001441819,8.5000422602,85.0,0.0,  ,  ,0.0,  ,  
2018-11-22 12:25:00,-0.49,-2.69693203734,998.4,  ,  ,3.1050154374,6.6000328138,85.0,0.0,  ,  ,0.0,  ,  
2018-11-22 12:30:00,-0.447916666667,-2.6556281914,998.4,  ,  ,3.3000164069,5.80002883637,85.0,0.0,  ,  ,0.0,  ,  
2018-11-22 12:35:00,-0.4,-2.64560233686,998.405417495,  ,  ,3.09501538768,7.1000352997,84.7666666667,0.0,  ,  ,0.0,  ,  
2018-11-22 12:40:00,-0.4,-2.60859922588,998.5,  ,  ,2.90001441819,6.80003380816,85.0,0.0,  ,  ,0.0,  ,  
2018-11-22 12:45:00,-0.37125,-2.58038193142,998.5,  ,  ,2.38751187014,6.6000328138,85.0,0.0,  ,  ,0.0,  ,  
2018-11-22 12:50:00,-0.3,-2.56868923797,998.489305347,  ,  ,1.9000094464,7.80003877995,84.6333333333,0.0,  ,  ,0.0,  ,  
2018-11-22 12:55:00,-0.3,-2.51045238898,998.3,  ,  ,2.15626072042,6.50003231662,85.0,0.0,  ,  ,0.0,  ,  
2018-11-22 13:00:00,-0.3,-2.5985558245,998.3,  ,  ,2.40001193229,9.60004772917,84.4458333333,0.0,  ,  ,0.0,  ,  
2018-11-22 13:05:00,-0.3,-2.56537434583,998.294641963,  ,  ,2.75876371592,9.60004772917,84.6541666667,0.0,  ,  ,0.0,  ,  
2018-11-22 13:10:00,-0.303333333333,-2.51372393781,998.2,  ,  ,3.10001541254,6.80003380816,85.0,0.0,  ,  ,0.0,  ,  
2018-11-22 13:15:00,-0.31,-2.52026703803,998.2,  ,  ,3.10001541254,5.80002883637,85.0,0.0,  ,  ,0.0,  ,  
2018-11-22 13:20:00,-0.296666666667,-2.50718084101,998.189358528,  ,  ,3.10001541254,5.80002883637,85.0,0.0,  ,  ,0.0,  ,  
2018-11-22 13:25:00,-0.21125,-2.5168361097,998.0,  ,  ,2.69001337411,7.30003629405,84.4125,0.0,  ,  ,0.0,  ,  
2018-11-22 13:30:00,-0.213333333333,-2.5848637024,998.0,  ,  ,2.30001143511,7.50003728841,84.0,0.0,  ,  ,0.0,  ,  
2018-11-22 13:35:00,-0.2,-2.57179533884,997.99468455,  ,  ,2.55626270913,6.80003380816,84.0,0.0,  ,  ,0.0,  ,  
2018-11-22 13:40:00,-0.2,-2.57179533884,997.9,  ,  ,2.80001392101,6.30003132226,84.0,0.0,  ,  ,0.0,  ,  
2018-11-22 13:45:00,-0.2,-2.57179533884,997.9,  ,  ,2.6975134114,7.50003728841,84.0,0.0,  ,  ,0.0,  ,  
2018-11-22 13:50:00,-0.2,-2.57179533884,997.889363817,  ,  ,2.60001292665,8.0000397743,84.0,0.0,  ,  ,0.0,  ,  
2018-11-22 13:55:00,-0.2,-2.57179533884,997.7,  ,  ,2.70251343626,5.80002883637,84.0,0.0,  ,  ,0.0,  ,  
2018-11-22 14:00:00,-0.2,-2.57179533884,997.7,  ,  ,2.80001392101,7.00003480252,84.0,0.0,  ,  ,0.0,  ,  
2018-11-22 14:05:00,-0.2,-2.57179533884,997.7,  ,  ,2.6975134114,6.30003132226,84.0,0.0,  ,  ,0.0,  ,  
2018-11-22 14:10:00,-0.2,-2.57179533884,997.7,  ,  ,2.60001292665,8.10004027148,84.0,0.0,  ,  ,0.0,  ,  
2018-11-22 14:15:00,-0.2,-2.57179533884,997.7,  ,  ,3.01001496508,7.80003877995,84.0,0.0,  ,  ,0.0,  ,  
2018-11-22 14:20:00,-0.2,-2.57179533884,997.689369101,  ,  ,3.40001690408,7.00003480252,84.0,0.0,  ,  ,0.0,  ,  
2018-11-22 14:25:00,-0.2,-2.53109985767,997.5,  ,  ,3.34876664928,7.50003728841,84.2541666667,0.0,  ,  ,0.0,  ,  
2018-11-22 14:30:00,-0.2,-2.41230632197,997.5,  ,  ,3.3000164069,6.50003231662,85.0,0.0,  ,  ,0.0,  ,  
2018-11-22 14:35:00,-0.2,-2.41230632197,997.494681909,  ,  ,2.94126462327,5.10002535612,85.0,0.0,  ,  ,0.0,  ,  
2018-11-22 14:40:00,-0.2,-2.41230632197,997.4,  ,  ,2.60001292665,6.80003380816,85.0,0.0,  ,  ,0.0,  ,  
2018-11-22 14:45:00,-0.2,-2.41230632197,997.4,  ,  ,2.60001292665,7.1000352997,85.0,0.0,  ,  ,0.0,  ,  
2018-11-22 14:50:00,-0.2,-2.41230632197,997.4,  ,  ,2.60001292665,9.80004872352,85.0,0.0,  ,  ,0.0,  ,  
2018-11-22 14:55:00,-0.2,-2.41230632197,997.4,  ,  ,2.85626420067,8.30004126584,85.0,0.0,  ,  ,0.0,  ,  
2018-11-22 15:00:00,-0.2,-2.41230632197,997.4,  ,  ,3.10001541254,7.00003480252,85.0,0.0,  ,  ,0.0,  ,  
2018-11-22 15:05:00,-0.2,-2.3141240735,997.394644645,  ,  ,3.10001541254,6.30003132226,85.6208333333,0.0,  ,  ,0.0,  ,  
2018-11-22 15:10:00,-0.2,-2.30690072803,997.3,  ,  ,3.10001541254,7.80003877995,85.6666666667,0.0,  ,  ,0.0,  ,  
2018-11-22 15:15:00,-0.2,-2.25446999014,997.3,  ,  ,2.74126362891,6.10003032791,86.0,0.0,  ,  ,0.0,  ,  
2018-11-22 15:20:00,-0.2,-2.25446999014,997.294681909,  ,  ,2.40001193229,5.60002784201,86.0,0.0,  ,  ,0.0,  ,  
2018-11-22 15:25:00,-0.2,-2.25446999014,997.2,  ,  ,2.40001193229,7.80003877995,86.0,0.0,  ,  ,0.0,  ,  
2018-11-22 15:30:00,-0.2,-2.25446999014,997.2,  ,  ,2.40001193229,10.0000497179,86.0,0.0,  ,  ,0.0,  ,  
2018-11-22 15:35:00,-0.2,-2.25446999014,997.189369101,  ,  ,2.75876371592,9.00004474609,86.0,0.0,  ,  ,0.0,  ,  
2018-11-22 15:40:00,-0.2,-2.25446999014,997.0,  ,  ,3.10001541254,7.30003629405,86.0,0.0,  ,  ,0.0,  ,  
2018-11-22 15:45:00,-0.2,-2.25446999014,997.0,  ,  ,3.25376617696,7.1000352997,86.0,0.0,  ,  ,0.0,  ,  
2018-11-22 15:50:00,-0.2,-2.25446999014,997.0,  ,  ,3.40001690408,8.0000397743,86.0,0.0,  ,  ,0.0,  ,  
2018-11-22 15:55:00,-0.205416666667,-2.23887236346,997.0,  ,  ,3.14376563006,6.80003380816,86.1333333333,0.0,  ,  ,0.0,  ,  
2018-11-22 16:00:00,-0.21125,-2.22371491546,997.0,  ,  ,2.90001441819,7.60003778559,86.2666666667,0.0,  ,  ,0.0,  ,  
2018-11-22 16:05:00,-0.2,-2.15209553669,996.994634873,  ,  ,2.84876416338,5.80002883637,86.6541666667,0.0,  ,  ,0.0,  ,  
2018-11-22 16:10:00,-0.2,-2.09825015628,996.9,  ,  ,2.80001392101,6.10003032791,87.0,0.0,  ,  ,0.0,  ,  
2018-11-22 16:15:00,-0.2,-2.09825015628,996.9,  ,  ,2.6975134114,5.80002883637,87.0,0.0,  ,  ,0.0,  ,  
2018-11-22 16:20:00,-0.2,-2.09825015628,996.90531545,  ,  ,2.60001292665,6.10003032791,87.0,0.0,  ,  ,0.0,  ,  
2018-11-22 16:25:00,-0.2,-2.09825015628,997.0,  ,  ,2.60001292665,9.00004474609,87.0,0.0,  ,  ,0.0,  ,  
2018-11-22 16:30:00,-0.2,-2.09825015628,997.0,  ,  ,2.60001292665,5.50002734483,87.0,0.0,  ,  ,0.0,  ,  
2018-11-22 16:35:00,-0.2,-2.09825015628,997.0,  ,  ,2.85626420067,7.50003728841,87.0,0.0,  ,  ,0.0,  ,  
2018-11-22 16:40:00,-0.2,-2.09825015628,997.0,  ,  ,3.10001541254,6.00002983073,87.0,0.0,  ,  ,0.0,  ,  
2018-11-22 16:45:00,-0.2,-2.09825015628,997.0,  ,  ,2.84376413852,8.5000422602,87.0,0.0,  ,  ,0.0,  ,  
2018-11-22 16:50:00,-0.154583333333,-2.05355665403,997.005305305,  ,  ,2.60001292665,7.30003629405,87.0,0.0,  ,  ,0.0,  ,  
2018-11-22 16:55:00,-0.122083333333,-2.0215742317,997.1,  ,  ,2.70251343626,6.30003132226,87.0,0.0,  ,  ,0.0,  ,  
2018-11-22 17:00:00,-0.104583333333,-2.00435295635,997.1,  ,  ,2.80001392101,8.5000422602,87.0,0.0,  ,  ,0.0,  ,  
2018-11-22 17:05:00,-0.1,-1.99984262568,997.105318091,  ,  ,3.10751544983,9.00004474609,87.0,0.0,  ,  ,0.0,  ,  
2018-11-22 17:10:00,-0.1,-1.94484986926,997.2,  ,  ,3.40001690408,7.1000352997,87.3541666667,0.0,  ,  ,0.0,  ,  
2018-11-22 17:15:00,-0.152083333333,-1.89639621496,997.2,  ,  ,2.83626410123,5.80002883637,88.0,0.0,  ,  ,0.0,  ,  
2018-11-22 17:20:00,-0.164583333333,-1.90871331887,997.2,  ,  ,2.30001143511,5.00002485894,88.0,0.0,  ,  ,0.0,  ,  
2018-11-22 17:25:00,-0.133333333333,-1.87792057695,997.2,  ,  ,2.30001143511,9.50004723199,88.0,0.0,  ,  ,0.0,  ,  
2018-11-22 17:30:00,-0.1,-1.84507505113,997.2,  ,  ,2.30001143511,6.00002983073,88.0,0.0,  ,  ,0.0,  ,  
2018-11-22 17:35:00,-0.1,-1.84507505113,997.2,  ,  ,2.30001143511,5.10002535612,88.0,0.0,  ,  ,0.0,  ,  
2018-11-22 17:40:00,-0.1,-1.84507505113,997.2,  ,  ,2.30001143511,5.60002784201,88.0,0.0,  ,  ,0.0,  ,  
2018-11-22 17:45:00,-0.0479166666667,-1.79375405256,997.2,  ,  ,2.35126168992,8.0000397743,88.0,0.0,  ,  ,0.0,  ,  
2018-11-22 17:50:00,0.0,-1.74653887982,997.205318091,  ,  ,2.40001193229,5.10002535612,88.0,0.0,  ,  ,0.0,  ,  
2018-11-22 17:55:00,0.00666666666667,-1.73996982339,997.3,  ,  ,2.34876167749,6.50003231662,88.0,0.0,  ,  ,0.0,  ,  
2018-11-22 18:00:00,0.08875,-1.659088538,997.3,  ,  ,2.30001143511,8.30004126584,88.0,0.0,  ,  ,0.0,  ,  
2018-11-22 18:05:00,0.1,-1.63965065358,997.3,  ,  ,2.55626270913,6.80003380816,88.0541666667,0.0,  ,  ,0.0,  ,  
2018-11-22 18:10:00,0.0479166666667,-1.54591565927,997.3,  ,  ,2.80001392101,6.6000328138,89.0,0.0,  ,  ,0.0,  ,  
2018-11-22 18:15:00,-0.0690376569038,-1.51651674422,997.3,  ,  ,2.59415515694,6.80003380816,89.9539748954,0.0,  ,  ,0.0,  ,  
2018-11-22 18:20:00,-0.1,-1.41175110748,997.310652066,  ,  ,2.40001193229,8.30004126584,90.8541666667,0.0,  ,  ,0.0,  ,  
2018-11-22 18:25:00,-0.17875,-1.39022310756,997.5,  ,  ,2.40001193229,6.80003380816,91.5208333333,0.0,  ,  ,0.0,  ,  
2018-11-22 18:30:00,-0.2,-1.39454749292,997.5,  ,  ,2.40001193229,8.10004027148,91.6333333333,0.0,  ,  ,0.0,  ,  
2018-11-22 18:35:00,-0.2,-1.34021291483,997.489384076,  ,  ,2.65626320631,7.00003480252,92.0,0.0,  ,  ,0.0,  ,  
2018-11-22 18:40:00,-0.2,-1.29774352643,997.3,  ,  ,2.90001441819,8.5000422602,92.2875,0.0,  ,  ,0.0,  ,  
2018-11-22 18:45:00,-0.2,-1.19299570749,997.3,  ,  ,3.00251492779,6.6000328138,93.0,0.0,  ,  ,0.0,  ,  
2018-11-22 18:50:00,-0.2,-1.19299570749,997.315962208,  ,  ,3.10001541254,10.1000502151,93.0,0.0,  ,  ,0.0,  ,  
2018-11-22 18:55:00,-0.251882845188,-1.2444456587,997.6,  ,  ,2.84478401807,6.6000328138,93.0,0.0,  ,  ,0.0,  ,  
2018-11-22 19:00:00,-0.3,-1.14827327024,997.6,  ,  ,2.60001292665,6.50003231662,93.9875,0.0,  ,  ,0.0,  ,  
2018-11-22 19:05:00,-0.3,-1.14646049028,997.6,  ,  ,2.44626216224,4.60002287023,94.0,0.0,  ,  ,0.0,  ,  
2018-11-22 19:10:00,-0.3,-1.14646049028,997.6,  ,  ,2.30001143511,5.10002535612,94.0,0.0,  ,  ,0.0,  ,  
2018-11-22 19:15:00,-0.274583333333,-1.12122475868,997.6,  ,  ,2.1975109255,5.80002883637,94.0,0.0,  ,  ,0.0,  ,  
2018-11-22 19:20:00,-0.216666666667,-1.19793014568,997.605271009,  ,  ,2.10001044075,5.30002635048,93.0791666667,0.0,  ,  ,0.0,  ,  
2018-11-22 19:25:00,-0.2,-1.19299570749,997.7,  ,  ,2.20251095036,5.00002485894,93.0,0.0,  ,  ,0.0,  ,  
2018-11-22 19:30:00,-0.16125,-1.1545690865,997.7,  ,  ,2.30001143511,7.00003480252,93.0,0.0,  ,  ,0.0,  ,  
2018-11-22 19:35:00,-0.1,-1.16241396826,997.715797317,  ,  ,2.0950104159,3.40001690408,92.5333333333,0.0,  ,  ,0.0,  ,  
2018-11-22 19:40:00,-0.1,-1.22452462423,998.0,  ,  ,1.9000094464,5.10002535612,92.1125,0.0,  ,  ,0.0,  ,  
2018-11-22 19:45:00,-0.0745833333333,-1.21599789727,998.0,  ,  ,1.9000094464,5.50002734483,92.0,0.0,  ,  ,0.0,  ,  
2018-11-22 19:50:00,0.0133333333333,-1.12892395812,998.010536779,  ,  ,1.9000094464,6.00002983073,92.0,0.0,  ,  ,0.0,  ,  
2018-11-22 19:55:00,0.09875,-1.04432635158,998.2,  ,  ,1.9000094464,3.90001938997,92.0,0.0,  ,  ,0.0,  ,  
2018-11-22 20:00:00,0.1,-1.17028101774,998.2,  ,  ,1.9000094464,5.50002734483,91.1458333333,0.0,  ,  ,0.0,  ,  
2018-11-22 20:05:00,0.1,-1.1921021607,998.20526839,  ,  ,1.84875919159,6.10003032791,91.0,0.0,  ,  ,0.0,  ,  
2018-11-22 20:10:00,0.192083333333,-1.10101698224,998.3,  ,  ,1.80000894922,5.80002883637,91.0,0.0,  ,  ,0.0,  ,  
2018-11-22 20:15:00,0.2,-1.12318773214,998.3,  ,  ,2.10751047804,6.00002983073,90.8,0.0,  ,  ,0.0,  ,  
2018-11-22 20:20:00,0.2,-1.09318614769,998.310515774,  ,  ,2.40001193229,5.10002535612,91.0,0.0,  ,  ,0.0,  ,  
2018-11-22 20:25:00,0.2,-1.13821045527,998.5,  ,  ,2.24626116788,4.50002237305,90.7,0.0,  ,  ,0.0,  ,  
2018-11-22 20:30:00,0.2,-1.23684716155,998.5,  ,  ,2.10001044075,6.80003380816,90.0458333333,0.0,  ,  ,0.0,  ,  
2018-11-22 20:35:00,0.2,-1.24378175603,998.510584124,  ,  ,2.20251095036,6.10003032791,90.0,0.0,  ,  ,0.0,  ,  
2018-11-22 20:40:00,0.2,-1.24378175603,998.7,  ,  ,2.30001143511,5.10002535612,90.0,0.0,  ,  ,0.0,  ,  
2018-11-22 20:45:00,0.2,-1.24378175603,998.7,  ,  ,2.35126168992,5.80002883637,90.0,0.0,  ,  ,0.0,  ,  
2018-11-22 20:50:00,0.2,-1.34817741414,998.705265772,  ,  ,2.40001193229,5.80002883637,89.3125,0.0,  ,  ,0.0,  ,  
2018-11-22 20:55:00,0.2,-1.39586522981,998.8,  ,  ,2.34876167749,5.50002734483,89.0,0.0,  ,  ,0.0,  ,  
2018-11-22 21:00:00,0.24,-1.35640012513,998.8,  ,  ,2.30001143511,5.00002485894,89.0,0.0,  ,  ,0.0,  ,  
2018-11-22 21:05:00,0.21,-1.3859989453,998.810536779,  ,  ,2.30001143511,5.30002635048,89.0,0.0,  ,  ,0.0,  ,  
2018-11-22 21:10:00,0.213333333333,-1.38271018503,999.0,  ,  ,2.30001143511,6.50003231662,89.0,0.0,  ,  ,0.0,  ,  
2018-11-22 21:15:00,0.26875,-1.55850516219,999.0,  ,  ,2.60751296394,9.50004723199,87.5041666667,0.0,  ,  ,0.0,  ,  
2018-11-22 21:20:00,0.392083333333,-1.60109818536,999.010536779,  ,  ,2.90001441819,8.10004027148,86.4541666667,0.0,  ,  ,0.0,  ,  
2018-11-22 21:25:00,0.396666666667,-1.51109503764,999.2,  ,  ,3.15626569221,7.30003629405,87.0,0.0,  ,  ,0.0,  ,  
2018-11-22 21:30:00,0.314583333333,-1.59186847012,999.2,  ,  ,3.40001690408,4.80002386458,87.0,0.0,  ,  ,0.0,  ,  
2018-11-22 21:35:00,0.3,-1.60621912663,999.205265772,  ,  ,2.73376359163,6.10003032791,87.0,0.0,  ,  ,0.0,  ,  
2018-11-22 21:40:00,0.3,-1.49929213862,999.3,  ,  ,2.10001044075,3.80001889279,87.6875,0.0,  ,  ,0.0,  ,  
2018-11-22 21:45:00,0.277916666667,-1.47269363609,999.3,  ,  ,2.10001044075,4.50002237305,88.0,0.0,  ,  ,0.0,  ,  
2018-11-22 21:50:00,0.2,-1.64560929618,999.315805169,  ,  ,2.10001044075,4.60002287023,87.3791666667,0.0,  ,  ,0.0,  ,  
2018-11-22 21:55:00,0.2,-1.70462400791,999.6,  ,  ,1.94625967634,4.50002237305,87.0,0.0,  ,  ,0.0,  ,  
2018-11-22 22:00:00,0.2,-1.73910018993,999.6,  ,  ,1.80000894922,4.60002287023,86.7791666667,0.0,  ,  ,0.0,  ,  
2018-11-22 22:05:00,0.2,-1.86136610551,999.605305305,  ,  ,1.95375971363,5.80002883637,86.0,0.0,  ,  ,0.0,  ,  
2018-11-22 22:10:00,0.2,-1.99123542469,999.7,  ,  ,2.10001044075,5.30002635048,85.1791666667,0.0,  ,  ,0.0,  ,  
2018-11-22 22:15:00,0.196666666667,-1.97730471221,999.7,  ,  ,2.25376120517,4.60002287023,85.2875,0.0,  ,  ,0.0,  ,  
2018-11-22 22:20:00,0.124583333333,-1.93548169088,999.710515774,  ,  ,2.40001193229,4.30002137869,86.0,0.0,  ,  ,0.0,  ,  
2018-11-22 22:25:00,0.07125,-1.83846265363,999.9,  ,  ,1.88750938425,5.80002883637,86.9541666667,0.0,  ,  ,0.0,  ,  
2018-11-22 22:30:00,-0.0454166666667,-1.95131714498,999.9,  ,  ,1.4000069605,4.50002237305,86.9666666667,0.0,  ,  ,0.0,  ,  
2018-11-22 22:35:00,-0.1,-2.07065347186,999.905271009,  ,  ,1.75875874413,5.10002535612,86.5458333333,0.0,  ,  ,0.0,  ,  
2018-11-22 22:40:00,-0.0379166666667,-2.0951796399,1000.0,  ,  ,2.10001044075,6.80003380816,86.0,0.0,  ,  ,0.0,  ,  
2018-11-22 22:45:00,0.0,-2.11898622561,1000.0,  ,  ,2.51001247919,7.30003629405,85.6125,0.0,  ,  ,0.0,  ,  
2018-11-22 22:50:00,0.00333333333333,-2.12492676973,1000.01053154,  ,  ,2.90001441819,6.00002983073,85.5541666667,0.0,  ,  ,0.0,  ,  
2018-11-22 22:55:00,-0.07875,-2.13530916531,1000.2,  ,  ,2.64376314416,6.30003132226,86.0,0.0,  ,  ,0.0,  ,  
2018-11-22 23:00:00,-0.11875,-2.31471270359,1000.2,  ,  ,2.40001193229,4.60002287023,85.1125,0.0,  ,  ,0.0,  ,  
2018-11-22 23:05:00,-0.2,-2.54843216264,1000.21053678,  ,  ,2.34876167749,5.60002784201,84.1458333333,0.0,  ,  ,0.0,  ,  
2018-11-22 23:10:00,-0.2,-2.57179533884,1000.4,  ,  ,2.30001143511,5.00002485894,84.0,0.0,  ,  ,0.0,  ,  
2018-11-22 23:15:00,-0.2,-2.54176355457,1000.4,  ,  ,2.35126168992,4.60002287023,84.1875,0.0,  ,  ,0.0,  ,  
2018-11-22 23:20:00,-0.216666666667,-2.42866394634,1000.41594635,  ,  ,2.40001193229,5.30002635048,85.0,0.0,  ,  ,0.0,  ,  
2018-11-22 23:25:00,-0.20875,-2.39645592251,1000.7,  ,  ,2.14376065827,3.90001938997,85.1541666667,0.0,  ,  ,0.0,  ,  
2018-11-22 23:30:00,-0.29,-2.34291994274,1000.7,  ,  ,1.9000094464,4.30002137869,86.0,0.0,  ,  ,0.0,  ,  
2018-11-22 23:35:00,-0.296666666667,-2.34947181415,1000.71053154,  ,  ,1.84875919159,6.00002983073,86.0,0.0,  ,  ,0.0,  ,  
2018-11-22 23:40:00,-0.3,-2.35274775104,1000.9,  ,  ,1.80000894922,3.40001690408,86.0,0.0,  ,  ,0.0,  ,  
2018-11-22 23:45:00,-0.3,-2.35274775104,1000.9,  ,  ,1.69750843961,3.80001889279,86.0,0.0,  ,  ,0.0,  ,  
2018-11-22 23:50:00,-0.3,-2.35274775104,1000.91051051,  ,  ,1.60000795486,5.00002485894,86.0,0.0,  ,  ,0.0,  ,  
  

    

