Time,TemperatureC,DewpointC,PressurehPa,WindDirection,WindDirectionDegrees,WindSpeedKMH,WindSpeedGustKMH,Humidity,HourlyPrecipMM,Conditions,Clouds,dailyrainMM,SoftwareType,DateUTC
                
2019-09-23 00:00:00,4.01041666667,2.30591388388,746.161359264,  ,  ,1.43167378461,4.60002287023,88.6375,0.0,  ,  ,0.0,  ,  
2019-09-23 00:05:00,3.95756302521,2.18402093962,746.161359264,  ,  ,1.4000069605,3.40001690408,88.1974789916,0.0,  ,  ,0.0,  ,  
2019-09-23 00:10:00,3.90333333333,2.2575683269,746.161359264,  ,  ,1.58417454281,5.80002883637,89.0,0.0,  ,  ,0.0,  ,  
2019-09-23 00:15:00,3.92958333333,2.26243006261,746.220119685,  ,  ,1.60000795486,5.80002883637,88.8666666667,0.0,  ,  ,0.0,  ,  
2019-09-23 00:20:00,3.95041666667,2.17804191078,746.236365432,  ,  ,1.78417553717,7.00003480252,88.2041666667,0.0,  ,  ,0.0,  ,  
2019-09-23 00:25:00,3.9,2.12703819866,746.236365432,  ,  ,1.80000894922,3.60001789844,88.1958333333,0.0,  ,  ,0.0,  ,  
2019-09-23 00:30:00,3.99958333333,2.24238009573,746.412646694,  ,  ,1.61584136691,5.00002485894,88.3041666667,0.0,  ,  ,0.0,  ,  
  
  
2019-09-23 00:45:00,4.1,2.27451232,746.611396272,  ,  ,2.40001193229,2.40001193229,87.8846153846,0.0,  ,  ,0.0,  ,  
2019-09-23 00:50:00,4.18953974895,2.2214383925,746.611396272,  ,  ,1.66334160307,5.10002535612,87.0041841004,0.0,  ,  ,0.0,  ,  
2019-09-23 00:55:00,4.2,2.16712265304,746.611396272,  ,  ,1.60000795486,7.1000352997,86.6041666667,0.0,  ,  ,0.0,  ,  
2019-09-23 01:00:00,4.2,2.23038307396,746.670082171,  ,  ,2.52084586638,7.50003728841,86.9958333333,0.0,  ,  ,0.0,  ,  
2019-09-23 01:05:00,4.2,2.23105470397,746.68640244,  ,  ,2.60001292665,5.10002535612,87.0,0.0,  ,  ,0.0,  ,  
2019-09-23 01:10:00,4.2,2.22030521331,746.68640244,  ,  ,2.32376155319,4.50002237305,86.9333333333,0.0,  ,  ,0.0,  ,  
2019-09-23 01:15:00,4.2,2.23105470397,746.745080228,  ,  ,2.30001143511,5.80002883637,87.0,0.0,  ,  ,0.0,  ,  
2019-09-23 01:20:00,4.2,2.23105470397,746.761408608,  ,  ,1.9316762705,5.10002535612,87.0,0.0,  ,  ,0.0,  ,  
2019-09-23 01:25:00,4.2,2.23105470397,746.761408608,  ,  ,1.9000094464,5.10002535612,87.0,0.0,  ,  ,0.0,  ,  
2019-09-23 01:30:00,4.2,2.28469329018,746.93744197,  ,  ,1.80792565525,6.30003132226,87.3333333333,0.0,  ,  ,0.0,  ,  
2019-09-23 01:35:00,4.2,2.23105470397,746.986427112,  ,  ,1.80000894922,4.30002137869,87.0,0.0,  ,  ,0.0,  ,  
2019-09-23 01:40:00,4.2,2.24179692282,746.986427112,  ,  ,1.80000894922,5.00002485894,87.0666666667,0.0,  ,  ,0.0,  ,  
2019-09-23 01:45:00,4.2,2.23105470397,747.04507575,  ,  ,1.80000894922,4.50002237305,87.0,0.0,  ,  ,0.0,  ,  
2019-09-23 01:50:00,4.23333333333,2.24300812858,747.06143328,  ,  ,1.89209274037,5.30002635048,86.8708333333,0.0,  ,  ,0.0,  ,  
2019-09-23 01:55:00,4.22666666667,2.21895229993,747.06143328,  ,  ,1.9000094464,4.80002386458,86.7625,0.0,  ,  ,0.0,  ,  
2019-09-23 02:00:00,4.20666666667,2.19456923207,747.120073788,  ,  ,1.80792565525,4.30002137869,86.7333333333,0.0,  ,  ,0.0,  ,  
2019-09-23 02:05:00,4.24625,2.27655479345,747.136439448,  ,  ,1.80000894922,5.60002784201,87.0,0.0,  ,  ,0.0,  ,  
2019-09-23 02:10:00,4.29666666667,2.31539581526,747.136439448,  ,  ,1.89209274037,6.00002983073,86.9333333333,0.0,  ,  ,0.0,  ,  
2019-09-23 02:15:00,4.27666666667,2.31185359428,747.195088086,  ,  ,1.9000094464,5.00002485894,87.0333333333,0.0,  ,  ,0.0,  ,  
2019-09-23 02:20:00,4.29333333333,2.38659899974,747.211445616,  ,  ,1.9000094464,3.40001690408,87.3958333333,0.0,  ,  ,0.0,  ,  
2019-09-23 02:25:00,4.29375,2.36222040939,747.211445616,  ,  ,1.9000094464,6.50003231662,87.2416666667,0.0,  ,  ,0.0,  ,  
2019-09-23 02:30:00,4.2,2.17116809339,747.211445616,  ,  ,1.80792565525,5.00002485894,86.6291666667,0.0,  ,  ,0.0,  ,  
2019-09-23 02:35:00,4.2,2.23105470397,747.211445616,  ,  ,1.80000894922,5.60002784201,87.0,0.0,  ,  ,0.0,  ,  
2019-09-23 02:40:00,4.2,2.35348737214,747.211445616,  ,  ,1.80000894922,6.30003132226,87.7625,0.0,  ,  ,0.0,  ,  
2019-09-23 02:45:00,4.2,2.31144481943,747.270086124,  ,  ,1.80000894922,6.30003132226,87.5,0.0,  ,  ,0.0,  ,  
2019-09-23 02:50:00,4.15375,2.23448834033,747.286451784,  ,  ,2.07626032267,6.50003231662,87.3041666667,0.0,  ,  ,0.0,  ,  
2019-09-23 02:55:00,4.1,2.21767289594,747.286451784,  ,  ,2.10001044075,5.80002883637,87.5291666667,0.0,  ,  ,0.0,  ,  
2019-09-23 03:00:00,4.09666666667,2.28963600998,747.286451784,  ,  ,1.91584285845,6.80003380816,88.0,0.0,  ,  ,0.0,  ,  
2019-09-23 03:05:00,3.95083333333,2.15592318565,747.286451784,  ,  ,1.9000094464,5.00002485894,88.0625,0.0,  ,  ,0.0,  ,  
2019-09-23 03:10:00,3.89333333333,2.24770409705,747.286451784,  ,  ,2.0841770287,6.10003032791,89.0,0.0,  ,  ,0.0,  ,  
2019-09-23 03:15:00,3.80041666667,2.22348486368,747.4037328,  ,  ,2.10001044075,6.6000328138,89.4291666667,0.0,  ,  ,0.0,  ,  
2019-09-23 03:20:00,3.8,2.33829398216,747.43646412,  ,  ,2.10001044075,6.00002983073,90.1666666667,0.0,  ,  ,0.0,  ,  
2019-09-23 03:25:00,3.75708333333,2.28486894768,747.43646412,  ,  ,2.10001044075,6.6000328138,90.0958333333,0.0,  ,  ,0.0,  ,  
2019-09-23 03:30:00,3.7,2.24986639711,747.495104628,  ,  ,2.37626181421,6.10003032791,90.2333333333,0.0,  ,  ,0.0,  ,  
2019-09-23 03:35:00,3.65041666667,2.23256723627,747.511470288,  ,  ,2.40001193229,7.30003629405,90.4375,0.0,  ,  ,0.0,  ,  
2019-09-23 03:40:00,3.58375,2.15052970033,747.511470288,  ,  ,2.7683470969,5.10002535612,90.3333333333,0.0,  ,  ,0.0,  ,  
2019-09-23 03:45:00,3.48666666667,2.09523449504,747.628767564,  ,  ,2.80001392101,6.30003132226,90.5958333333,0.0,  ,  ,0.0,  ,  
2019-09-23 03:50:00,3.41041666667,1.99473256791,747.661482624,  ,  ,2.15542738294,6.10003032791,90.4333333333,0.0,  ,  ,0.0,  ,  
2019-09-23 03:55:00,3.4,2.06162441096,747.661482624,  ,  ,2.10001044075,5.80002883637,90.9333333333,0.0,  ,  ,0.0,  ,  
2019-09-23 04:00:00,3.33708333333,2.00966210783,747.720123132,  ,  ,2.37626181421,6.50003231662,91.0,0.0,  ,  ,0.0,  ,  
2019-09-23 04:05:00,3.25355648536,1.91675884273,747.736488792,  ,  ,2.40001193229,8.0000397743,90.9330543933,0.0,  ,  ,0.0,  ,  
2019-09-23 04:10:00,3.2,1.92011041434,747.736488792,  ,  ,2.7683470969,6.00002983073,91.3,0.0,  ,  ,0.0,  ,  
2019-09-23 04:15:00,3.2,1.98063565539,747.736488792,  ,  ,2.80001392101,5.60002784201,91.6958333333,0.0,  ,  ,0.0,  ,  
2019-09-23 04:20:00,3.2,1.98127153488,747.736488792,  ,  ,1.97125980064,6.00002983073,91.7,0.0,  ,  ,0.0,  ,  
2019-09-23 04:25:00,3.2,2.02698793126,747.736488792,  ,  ,1.9000094464,6.10003032791,92.0,0.0,  ,  ,0.0,  ,  
2019-09-23 04:30:00,3.20666666667,2.03358983123,747.853786068,  ,  ,2.54459598446,6.00002983073,92.0,0.0,  ,  ,0.0,  ,  
2019-09-23 04:35:00,3.28291666667,2.23045185778,747.886501128,  ,  ,2.60001292665,5.80002883637,92.8,0.0,  ,  ,0.0,  ,  
2019-09-23 04:40:00,3.29375,2.11982698619,747.886501128,  ,  ,2.32376155319,5.60002784201,92.0,0.0,  ,  ,0.0,  ,  
2019-09-23 04:45:00,3.21333333333,2.04019172943,747.945141636,  ,  ,2.30001143511,8.5000422602,92.0,0.0,  ,  ,0.0,  ,  
2019-09-23 04:50:00,3.2,2.02698793126,747.961507296,  ,  ,2.39206210197,6.50003231662,92.0,0.0,  ,  ,0.0,  ,  
2019-09-23 04:55:00,3.2,2.02698793126,747.961507296,  ,  ,2.40001193229,4.30002137869,92.0,0.0,  ,  ,0.0,  ,  
2019-09-23 05:00:00,3.2,2.15266157003,747.961507296,  ,  ,1.93959297653,5.10002535612,92.8291666667,0.0,  ,  ,0.0,  ,  
2019-09-23 05:05:00,3.2,2.04219747342,747.961507296,  ,  ,1.9000094464,4.30002137869,92.1,0.0,  ,  ,0.0,  ,  
2019-09-23 05:10:00,3.2,2.10352115235,747.961507296,  ,  ,1.43959049064,6.00002983073,92.5041666667,0.0,  ,  ,0.0,  ,  
2019-09-23 05:15:00,3.2,2.0978412964,748.020147804,  ,  ,1.4000069605,6.50003231662,92.4666666667,0.0,  ,  ,0.0,  ,  
2019-09-23 05:20:00,3.2,2.02698793126,748.036513464,  ,  ,2.22876108087,4.60002287023,92.0,0.0,  ,  ,0.0,  ,  
2019-09-23 05:25:00,3.2,2.04219747342,748.036513464,  ,  ,2.30001143511,5.60002784201,92.1,0.0,  ,  ,0.0,  ,  
2019-09-23 05:30:00,3.2,2.1022591379,748.036513464,  ,  ,2.11584385281,5.60002784201,92.4958333333,0.0,  ,  ,0.0,  ,  
2019-09-23 05:35:00,3.29958333333,2.2476029688,748.036513464,  ,  ,2.10001044075,3.90001938997,92.8041666667,0.0,  ,  ,0.0,  ,  
2019-09-23 05:40:00,3.29666666667,2.0973133184,748.036513464,  ,  ,1.63959148499,5.60002784201,91.8333333333,0.0,  ,  ,0.0,  ,  
2019-09-23 05:45:00,3.3,2.2171306633,748.095162102,  ,  ,1.60000795486,3.90001938997,92.6,0.0,  ,  ,0.0,  ,  
2019-09-23 05:50:00,3.3,2.10061355647,748.111519632,  ,  ,1.87625932832,7.1000352997,91.8333333333,0.0,  ,  ,0.0,  ,  
2019-09-23 05:55:00,3.3,2.07517011962,748.111519632,  ,  ,1.9000094464,5.00002485894,91.6666666667,0.0,  ,  ,0.0,  ,  
2019-09-23 06:00:00,3.33958333333,2.16521484054,748.228800648,  ,  ,1.62375807294,5.10002535612,92.0,0.0,  ,  ,0.0,  ,  
2019-09-23 06:05:00,3.4,2.13396649401,748.261531968,  ,  ,1.60000795486,8.5000422602,91.4041666667,0.0,  ,  ,0.0,  ,  
2019-09-23 06:10:00,3.4,2.06675684254,748.261531968,  ,  ,2.33667828408,8.5000422602,90.9666666667,0.0,  ,  ,0.0,  ,  
2019-09-23 06:15:00,3.36375,2.03603585388,748.261531968,  ,  ,2.40001193229,5.30002635048,91.0,0.0,  ,  ,0.0,  ,  
2019-09-23 06:20:00,3.39625,2.14940575342,748.261531968,  ,  ,2.12376055883,6.30003132226,91.5291666667,0.0,  ,  ,0.0,  ,  
2019-09-23 06:25:00,3.43958333333,2.2597949372,748.261531968,  ,  ,2.10001044075,6.00002983073,91.9708333333,0.0,  ,  ,0.0,  ,  
2019-09-23 06:30:00,3.5,2.17656360572,748.378754722,  ,  ,2.28417802306,6.30003132226,91.0375,0.0,  ,  ,0.0,  ,  
2019-09-23 06:35:00,3.5,2.15473630257,748.411544304,  ,  ,2.30001143511,3.40001690408,90.8958333333,0.0,  ,  ,0.0,  ,  
2019-09-23 06:40:00,3.49666666667,2.13665788311,748.411544304,  ,  ,1.47125731474,6.30003132226,90.8,0.0,  ,  ,0.0,  ,  
2019-09-23 06:45:00,3.40041666667,2.02606272227,748.52882532,  ,  ,1.4000069605,6.50003231662,90.7,0.0,  ,  ,0.0,  ,  
2019-09-23 06:50:00,3.4,2.06739827969,748.56155664,  ,  ,1.86042591626,5.60002784201,90.9708333333,0.0,  ,  ,0.0,  ,  
2019-09-23 06:55:00,3.40666666667,1.92382227659,748.56155664,  ,  ,1.9000094464,6.10003032791,90.0,0.0,  ,  ,0.0,  ,  
2019-09-23 07:00:00,3.4,1.9844378628,748.56155664,  ,  ,1.9000094464,4.50002237305,90.4333333333,0.0,  ,  ,0.0,  ,  
2019-09-23 07:05:00,3.41958333333,2.09061442141,748.56155664,  ,  ,1.9000094464,5.10002535612,90.9958333333,0.0,  ,  ,0.0,  ,  
2019-09-23 07:10:00,3.5,2.15088130719,748.56155664,  ,  ,1.62375807294,5.80002883637,90.8708333333,0.0,  ,  ,0.0,  ,  
2019-09-23 07:15:00,3.53,2.11743313587,748.678837656,  ,  ,1.60000795486,4.50002237305,90.4625,0.0,  ,  ,0.0,  ,  
2019-09-23 07:20:00,3.57958333333,2.16772849212,748.711568976,  ,  ,1.78417553717,6.10003032791,90.4708333333,0.0,  ,  ,0.0,  ,  
2019-09-23 07:25:00,3.55041666667,2.10724825034,748.711568976,  ,  ,1.80000894922,9.30004623763,90.2666666667,0.0,  ,  ,0.0,  ,  
2019-09-23 07:30:00,3.51291666667,2.02876910217,748.828849992,  ,  ,2.26042790498,6.6000328138,90.0,0.0,  ,  ,0.0,  ,  
2019-09-23 07:35:00,3.50666666667,1.96025562518,748.861581312,  ,  ,2.30001143511,7.00003480252,89.6,0.0,  ,  ,0.0,  ,  
2019-09-23 07:40:00,3.56666666667,2.05070481729,748.861581312,  ,  ,2.57626280857,7.00003480252,89.8,0.0,  ,  ,0.0,  ,  
2019-09-23 07:45:00,3.6,2.11478391935,748.92022995,  ,  ,2.60001292665,6.30003132226,90.0,0.0,  ,  ,0.0,  ,  
2019-09-23 07:50:00,3.69625,2.17931477817,748.93658748,  ,  ,2.13959397089,7.1000352997,89.8041666667,0.0,  ,  ,0.0,  ,  
2019-09-23 07:55:00,3.68333333333,2.08179561497,748.93658748,  ,  ,2.10001044075,7.60003778559,89.2625,0.0,  ,  ,0.0,  ,  
2019-09-23 08:00:00,3.69333333333,2.160167615,749.053868496,  ,  ,2.74459697882,6.30003132226,89.7,0.0,  ,  ,0.0,  ,  
2019-09-23 08:05:00,3.7,2.09431815255,749.086599816,  ,  ,2.80001392101,6.00002983073,89.2375,0.0,  ,  ,0.0,  ,  
2019-09-23 08:10:00,3.70666666667,2.1309549557,749.086599816,  ,  ,2.15542738294,4.60002287023,89.4291666667,0.0,  ,  ,0.0,  ,  
2019-09-23 08:15:00,3.79291666667,2.11844241051,749.203897092,  ,  ,2.10001044075,5.80002883637,88.8083333333,0.0,  ,  ,0.0,  ,  
2019-09-23 08:20:00,3.8,2.13922643353,749.236612152,  ,  ,1.8237590673,5.80002883637,88.8958333333,0.0,  ,  ,0.0,  ,  
2019-09-23 08:25:00,3.85958333333,2.21441228025,749.236612152,  ,  ,1.80000894922,6.00002983073,89.0,0.0,  ,  ,0.0,  ,  
2019-09-23 08:30:00,3.9,2.18122425698,749.295223529,  ,  ,1.43167378461,6.30003132226,88.5375,0.0,  ,  ,0.0,  ,  
2019-09-23 08:35:00,3.92,2.13614948622,749.31161832,  ,  ,1.4000069605,4.80002386458,88.1291666667,0.0,  ,  ,0.0,  ,  
2019-09-23 08:40:00,4.0225,2.26562661077,749.31161832,  ,  ,1.86042591626,5.60002784201,88.3083333333,0.0,  ,  ,0.0,  ,  
2019-09-23 08:45:00,4.02041666667,2.09657516308,749.31161832,  ,  ,1.9000094464,5.80002883637,87.2625,0.0,  ,  ,0.0,  ,  
2019-09-23 08:50:00,4.06958333333,2.26295594804,749.31161832,  ,  ,2.0841770287,3.80001889279,88.0,0.0,  ,  ,0.0,  ,  
2019-09-23 08:55:00,4.10958333333,2.30236033148,749.31161832,  ,  ,2.10001044075,4.10002038433,88.0,0.0,  ,  ,0.0,  ,  
2019-09-23 09:00:00,4.19333333333,2.34292304778,749.370258828,  ,  ,1.45542390269,4.80002386458,87.7375,0.0,  ,  ,0.0,  ,  
2019-09-23 09:05:00,4.2,2.26325958714,749.386624488,  ,  ,1.4000069605,5.30002635048,87.2,0.0,  ,  ,0.0,  ,  
2019-09-23 09:10:00,4.27291666667,2.30278901491,749.386624488,  ,  ,1.86042591626,6.00002983073,87.0,0.0,  ,  ,0.0,  ,  
2019-09-23 09:15:00,4.33958333333,2.2935638808,749.503847242,  ,  ,1.9000094464,6.50003231662,86.5375,0.0,  ,  ,0.0,  ,  
2019-09-23 09:20:00,4.45916666667,2.35626523234,749.536636824,  ,  ,2.0841770287,5.00002485894,86.2,0.0,  ,  ,0.0,  ,  
2019-09-23 09:25:00,4.56652719665,2.2994469349,749.536636824,  ,  ,2.10001044075,6.6000328138,85.2092050209,0.0,  ,  ,0.0,  ,  
2019-09-23 09:30:00,4.64958333333,2.43838158009,749.595248201,  ,  ,2.37626181421,5.00002485894,85.5583333333,0.0,  ,  ,0.0,  ,  
2019-09-23 09:35:00,4.77625,2.47760158224,749.611642992,  ,  ,2.40001193229,6.80003380816,85.0416666667,0.0,  ,  ,0.0,  ,  
2019-09-23 09:40:00,4.8,2.27760517273,749.611642992,  ,  ,1.93959297653,5.50002734483,83.7,0.0,  ,  ,0.0,  ,  
2019-09-23 09:45:00,4.87916666667,2.39979475047,749.611642992,  ,  ,1.9000094464,4.60002287023,83.9666666667,0.0,  ,  ,0.0,  ,  
2019-09-23 09:50:00,5.13916666667,2.53252799106,749.611642992,  ,  ,1.9000094464,5.00002485894,83.2416666667,0.0,  ,  ,0.0,  ,  
2019-09-23 09:55:00,5.32583333333,2.447267185,749.611642992,  ,  ,1.9000094464,8.10004027148,81.6708333333,0.0,  ,  ,0.0,  ,  
2019-09-23 10:00:00,5.45583333333,2.42426367649,749.670254369,  ,  ,2.54459598446,7.1000352997,80.8041666667,0.0,  ,  ,0.0,  ,  
2019-09-23 10:05:00,5.6925,2.64853061811,749.68664916,  ,  ,2.60001292665,5.00002485894,80.7666666667,0.0,  ,  ,0.0,  ,  
2019-09-23 10:10:00,5.9225,2.84951962931,749.68664916,  ,  ,2.41584534434,6.00002983073,80.6333333333,0.0,  ,  ,0.0,  ,  
2019-09-23 10:15:00,6.05291666667,2.62426946344,749.68664916,  ,  ,2.40001193229,6.30003132226,78.6416666667,0.0,  ,  ,0.0,  ,  
2019-09-23 10:20:00,6.08666666667,2.59506813914,749.68664916,  ,  ,2.12376055883,8.10004027148,78.2958333333,0.0,  ,  ,0.0,  ,  
2019-09-23 10:25:00,6.17625,2.71876643242,749.68664916,  ,  ,2.10001044075,7.00003480252,78.5,0.0,  ,  ,0.0,  ,  
2019-09-23 10:30:00,6.15375,2.59645500686,749.628045931,  ,  ,2.28417802306,5.30002635048,77.9416666667,0.0,  ,  ,0.0,  ,  
2019-09-23 10:35:00,6.1,2.50060731172,749.611642992,  ,  ,2.30001143511,7.80003877995,77.7,0.0,  ,  ,0.0,  ,  
2019-09-23 10:40:00,6.06,2.37110777008,749.611642992,  ,  ,2.30001143511,9.00004474609,77.2,0.0,  ,  ,0.0,  ,  
2019-09-23 10:45:00,6.12291666667,2.29813838099,749.611642992,  ,  ,2.30001143511,7.00003480252,76.4666666667,0.0,  ,  ,0.0,  ,  
2019-09-23 10:50:00,6.3425,2.52925501431,749.611642992,  ,  ,3.03668176433,9.60004772917,76.5666666667,0.0,  ,  ,0.0,  ,  
2019-09-23 10:55:00,6.4,2.69024672535,749.611642992,  ,  ,3.10001541254,10.0000497179,77.1416666667,0.0,  ,  ,0.0,  ,  
2019-09-23 11:00:00,6.28708333333,2.13548161297,749.6702835,  ,  ,3.10001541254,9.10004524327,74.7333333333,0.0,  ,  ,0.0,  ,  
2019-09-23 11:05:00,6.27333333333,2.1837863096,749.68664916,  ,  ,3.10001541254,8.30004126584,75.0625,0.0,  ,  ,0.0,  ,  
2019-09-23 11:10:00,6.35291666667,2.47110912584,749.68664916,  ,  ,3.5604343683,8.10004027148,76.1958333333,0.0,  ,  ,0.0,  ,  
2019-09-23 11:15:00,6.43,2.56573730567,749.803871914,  ,  ,3.60001789844,6.80003380816,76.3041666667,0.0,  ,  ,0.0,  ,  
2019-09-23 11:20:00,6.5525,2.67131652731,749.836661496,  ,  ,2.67917998692,9.00004474609,76.2333333333,0.0,  ,  ,0.0,  ,  
2019-09-23 11:25:00,6.63958333333,2.60249523809,749.836661496,  ,  ,2.60001292665,10.600052701,75.4083333333,0.0,  ,  ,0.0,  ,  
2019-09-23 11:30:00,6.65333333333,2.50111338578,749.836661496,  ,  ,2.87626430011,9.80004872352,74.7958333333,0.0,  ,  ,0.0,  ,  
2019-09-23 11:35:00,6.7,2.62356145344,749.836661496,  ,  ,2.90001441819,7.50003728841,75.2083333333,0.0,  ,  ,0.0,  ,  
2019-09-23 11:40:00,6.62375,2.17624305386,749.836661496,  ,  ,2.43959546242,9.30004623763,73.2333333333,0.0,  ,  ,0.0,  ,  
2019-09-23 11:45:00,6.4875,2.01300966958,749.895291756,  ,  ,2.40001193229,6.80003380816,73.0666666667,0.0,  ,  ,0.0,  ,  
2019-09-23 11:50:00,6.4,2.18583315783,749.911667664,  ,  ,3.22876605266,7.30003629405,74.4208333333,0.0,  ,  ,0.0,  ,  
2019-09-23 11:55:00,6.40333333333,2.06139251212,749.911667664,  ,  ,3.3000164069,7.60003778559,73.7458333333,0.0,  ,  ,0.0,  ,  
2019-09-23 12:00:00,6.64458333333,2.36768674972,749.911667664,  ,  ,2.83959745114,6.6000328138,74.1333333333,0.0,  ,  ,0.0,  ,  
2019-09-23 12:05:00,6.92291666667,2.43900865142,749.911667664,  ,  ,2.80001392101,5.30002635048,73.1,0.0,  ,  ,0.0,  ,  
2019-09-23 12:10:00,6.96375,2.35049151288,749.911667664,  ,  ,2.33959496525,6.6000328138,72.4375,0.0,  ,  ,0.0,  ,  
2019-09-23 12:15:00,6.77083333333,2.16397237043,749.911667664,  ,  ,2.30001143511,7.50003728841,72.4333333333,0.0,  ,  ,0.0,  ,  
2019-09-23 12:20:00,6.65708333333,2.23865817161,749.911667664,  ,  ,2.39209522626,6.30003132226,73.3916666667,0.0,  ,  ,0.0,  ,  
2019-09-23 12:25:00,6.6,2.30570793319,749.911667664,  ,  ,2.40001193229,5.80002883637,74.0333333333,0.0,  ,  ,0.0,  ,  
2019-09-23 12:30:00,6.66291666667,2.43581242087,749.911667664,  ,  ,2.40001193229,5.60002784201,74.4,0.0,  ,  ,0.0,  ,  
2019-09-23 12:35:00,6.85583333333,2.48918641376,749.911667664,  ,  ,2.40001193229,5.80002883637,73.7,0.0,  ,  ,0.0,  ,  
2019-09-23 12:40:00,6.8475,2.85489756138,749.911667664,  ,  ,2.12376055883,7.50003728841,75.6833333333,0.0,  ,  ,0.0,  ,  
2019-09-23 12:45:00,6.36875,2.94098709636,750.028890418,  ,  ,2.10001044075,8.5000422602,78.6958333333,0.0,  ,  ,0.0,  ,  
2019-09-23 12:50:00,6.2,2.73661432019,750.06168,  ,  ,2.56042939652,5.30002635048,78.4708333333,0.0,  ,  ,0.0,  ,  
2019-09-23 12:55:00,6.26625,2.5961879463,750.06168,  ,  ,2.60001292665,8.60004275738,77.3375,0.0,  ,  ,0.0,  ,  
2019-09-23 13:00:00,6.42916666667,2.77168172874,750.06168,  ,  ,2.78418050895,5.30002635048,77.4333333333,0.0,  ,  ,0.0,  ,  
2019-09-23 13:05:00,6.67208333333,2.8800311898,750.06168,  ,  ,2.80001392101,5.10002535612,76.7375,0.0,  ,  ,0.0,  ,  
2019-09-23 13:10:00,6.96208333333,2.95100354502,750.06168,  ,  ,2.15542738294,6.10003032791,75.6041666667,0.0,  ,  ,0.0,  ,  
2019-09-23 13:15:00,7.19625,3.07753312001,750.003068623,  ,  ,2.10001044075,6.30003132226,75.0708333333,0.0,  ,  ,0.0,  ,  
2019-09-23 13:20:00,7.20333333333,2.65859519584,749.986673832,  ,  ,2.28417802306,5.60002784201,72.8375,0.0,  ,  ,0.0,  ,  
2019-09-23 13:25:00,7.17041666667,2.46997682803,749.986673832,  ,  ,2.30001143511,7.80003877995,72.0291666667,0.0,  ,  ,0.0,  ,  
2019-09-23 13:30:00,7.1,2.54054872546,750.04531434,  ,  ,2.76043039087,7.30003629405,72.7416666667,0.0,  ,  ,0.0,  ,  
2019-09-23 13:35:00,7.01416666667,2.28146526009,750.06168,  ,  ,2.80001392101,8.5000422602,71.8333333333,0.0,  ,  ,0.0,  ,  
2019-09-23 13:40:00,7.00916666667,2.26933154526,750.06168,  ,  ,2.89209771216,5.60002784201,71.7958333333,0.0,  ,  ,0.0,  ,  
2019-09-23 13:45:00,7.16625,2.25981342421,750.003039492,  ,  ,2.90001441819,6.6000328138,70.9791666667,0.0,  ,  ,0.0,  ,  
2019-09-23 13:50:00,7.21666666667,2.16009211839,749.986673832,  ,  ,2.62376304473,5.60002784201,70.2333333333,0.0,  ,  ,0.0,  ,  
2019-09-23 13:55:00,7.29583333333,2.34794566449,749.986673832,  ,  ,2.60001292665,6.6000328138,70.7958333333,0.0,  ,  ,0.0,  ,  
2019-09-23 14:00:00,7.42583333333,2.66346433688,749.928062455,  ,  ,1.95542638858,6.50003231662,71.7625,0.0,  ,  ,0.0,  ,  
2019-09-23 14:05:00,7.5275,2.6240534253,749.911667664,  ,  ,1.9000094464,5.80002883637,71.0666666667,0.0,  ,  ,0.0,  ,  
2019-09-23 14:10:00,7.5125,2.54435519418,749.911667664,  ,  ,2.26834461101,5.50002734483,70.7375,0.0,  ,  ,0.0,  ,  
2019-09-23 14:15:00,7.62,2.85670286759,749.911667664,  ,  ,2.30001143511,5.60002784201,71.7958333333,0.0,  ,  ,0.0,  ,  
2019-09-23 14:20:00,7.57708333333,2.69229057757,749.911667664,  ,  ,2.11584385281,5.30002635048,71.1708333333,0.0,  ,  ,0.0,  ,  
2019-09-23 14:25:00,7.55291666667,2.74716446682,749.911667664,  ,  ,2.10001044075,5.30002635048,71.5666666667,0.0,  ,  ,0.0,  ,  
2019-09-23 14:30:00,7.7025,2.77890039574,749.911667664,  ,  ,2.10001044075,6.50003231662,71.0,0.0,  ,  ,0.0,  ,  
2019-09-23 14:35:00,7.7175,2.46753625705,749.911667664,  ,  ,2.10001044075,7.50003728841,69.375,0.0,  ,  ,0.0,  ,  
2019-09-23 14:40:00,7.53083333333,2.51799262845,749.911667664,  ,  ,2.28417802306,8.30004126584,70.5166666667,0.0,  ,  ,0.0,  ,  
2019-09-23 14:45:00,7.14583333333,3.36988853153,750.028932404,  ,  ,2.30001143511,8.10004027148,76.9041666667,0.0,  ,  ,0.0,  ,  
2019-09-23 14:50:00,6.46875,3.36009754552,750.06168,  ,  ,3.22084934663,6.30003132226,80.5083333333,0.0,  ,  ,0.0,  ,  
2019-09-23 14:55:00,6.20041666667,2.77809306084,750.06168,  ,  ,3.3000164069,5.30002635048,78.7,0.0,  ,  ,0.0,  ,  
2019-09-23 15:00:00,6.2525,2.70287666473,750.003068623,  ,  ,2.19501091307,4.30002137869,78.0,0.0,  ,  ,0.0,  ,  
2019-09-23 15:05:00,6.44583333333,2.66150938981,749.986673832,  ,  ,2.10001044075,5.00002485894,76.7416666667,0.0,  ,  ,0.0,  ,  
2019-09-23 15:10:00,6.64916666667,2.72870924556,749.986673832,  ,  ,1.8237590673,7.1000352997,76.0375,0.0,  ,  ,0.0,  ,  
2019-09-23 15:15:00,6.91541666667,2.94234113229,749.986673832,  ,  ,1.80000894922,5.30002635048,75.8,0.0,  ,  ,0.0,  ,  
2019-09-23 15:20:00,7.26541666667,2.97963342892,749.986673832,  ,  ,2.07626032267,5.10002535612,74.2,0.0,  ,  ,0.0,  ,  
2019-09-23 15:25:00,7.5325,3.14426859534,749.986673832,  ,  ,2.10001044075,4.80002386458,73.7125,0.0,  ,  ,0.0,  ,  
2019-09-23 15:30:00,7.68666666667,2.97392148343,749.986673832,  ,  ,1.45542390269,5.80002883637,72.0666666667,0.0,  ,  ,0.0,  ,  
2019-09-23 15:35:00,7.67625,2.77516907272,749.986673832,  ,  ,1.4000069605,6.30003132226,71.1083333333,0.0,  ,  ,0.0,  ,  
2019-09-23 15:40:00,7.72958333333,2.45038674344,749.986673832,  ,  ,1.58417454281,4.30002137869,69.2333333333,0.0,  ,  ,0.0,  ,  
2019-09-23 15:45:00,7.83666666667,2.64151936336,749.928033324,  ,  ,1.60000795486,3.90001938997,69.6708333333,0.0,  ,  ,0.0,  ,  
2019-09-23 15:50:00,7.88291666667,2.22808465366,749.911667664,  ,  ,1.41584037256,7.60003778559,67.4375,0.0,  ,  ,0.0,  ,  
2019-09-23 15:55:00,7.87375,2.1490048827,749.911667664,  ,  ,1.4000069605,7.00003480252,67.1,0.0,  ,  ,0.0,  ,  
2019-09-23 16:00:00,7.89625,2.28148489635,749.970279041,  ,  ,2.50501245433,5.80002883637,67.6333333333,0.0,  ,  ,0.0,  ,  
2019-09-23 16:05:00,7.9,1.9998861378,749.986673832,  ,  ,2.60001292665,6.6000328138,66.2708333333,0.0,  ,  ,0.0,  ,  
2019-09-23 16:10:00,7.9,2.19492071903,749.986673832,  ,  ,2.13959397089,4.60002287023,67.2,0.0,  ,  ,0.0,  ,  
2019-09-23 16:15:00,7.9,1.9857999505,750.04531434,  ,  ,2.10001044075,5.30002635048,66.2041666667,0.0,  ,  ,0.0,  ,  
2019-09-23 16:20:00,7.86708333333,2.00894951525,750.06168,  ,  ,1.91584285845,6.80003380816,66.4625,0.0,  ,  ,0.0,  ,  
2019-09-23 16:25:00,7.80333333333,2.06791100757,750.06168,  ,  ,1.9000094464,5.50002734483,67.0333333333,0.0,  ,  ,0.0,  ,  
2019-09-23 16:30:00,7.79041666667,2.31715124131,750.178902754,  ,  ,1.9000094464,6.6000328138,68.2958333333,0.0,  ,  ,0.0,  ,  
2019-09-23 16:35:00,7.68708333333,2.25938241108,750.211692336,  ,  ,1.9000094464,3.60001789844,68.4958333333,0.0,  ,  ,0.0,  ,  
2019-09-23 16:40:00,7.56375,2.35817588312,750.211692336,  ,  ,1.80792565525,4.30002137869,69.5625,0.0,  ,  ,0.0,  ,  
2019-09-23 16:45:00,7.41708333333,2.37894230622,750.270303713,  ,  ,1.80000894922,3.80001889279,70.3666666667,0.0,  ,  ,0.0,  ,  
2019-09-23 16:50:00,7.36041666667,2.41655757367,750.286698504,  ,  ,1.43167378461,3.40001690408,70.8291666667,0.0,  ,  ,0.0,  ,  
2019-09-23 16:55:00,7.3,2.40473295425,750.286698504,  ,  ,1.4000069605,3.60001789844,71.0625,0.0,  ,  ,0.0,  ,  
2019-09-23 17:00:00,7.3,2.20920509033,750.286698504,  ,  ,1.12375558705,4.80002386458,70.0791666667,0.0,  ,  ,0.0,  ,  
2019-09-23 17:05:00,7.38291666667,2.07117504648,750.286698504,  ,  ,1.10000546897,5.00002485894,69.0,0.0,  ,  ,0.0,  ,  
2019-09-23 17:10:00,7.4,2.2214424382,750.286698504,  ,  ,1.37625684242,5.80002883637,69.6625,0.0,  ,  ,0.0,  ,  
2019-09-23 17:15:00,7.39333333333,2.17642943773,750.403900334,  ,  ,1.4000069605,5.50002734483,69.4708333333,0.0,  ,  ,0.0,  ,  
2019-09-23 17:20:00,7.39666666667,2.03774895499,750.43671084,  ,  ,1.76834212511,5.10002535612,68.7708333333,0.0,  ,  ,0.0,  ,  
2019-09-23 17:25:00,7.4,2.00526958991,750.43671084,  ,  ,1.80000894922,4.80002386458,68.5958333333,0.0,  ,  ,0.0,  ,  
2019-09-23 17:30:00,7.4,2.08752587719,750.37808058,  ,  ,2.07626032267,3.80001889279,69.0,0.0,  ,  ,0.0,  ,  
2019-09-23 17:35:00,7.4,1.96611172587,750.361704672,  ,  ,2.10001044075,4.50002237305,68.4041666667,0.0,  ,  ,0.0,  ,  
2019-09-23 17:40:00,7.4,1.917455362,750.361704672,  ,  ,1.36334011154,6.30003132226,68.1666666667,0.0,  ,  ,0.0,  ,  
2019-09-23 17:45:00,7.39666666667,1.7501334696,750.478965191,  ,  ,1.30000646332,6.10003032791,67.3708333333,0.0,  ,  ,0.0,  ,  
2019-09-23 17:50:00,7.31708333333,1.65171306248,750.511717008,  ,  ,2.22084437485,6.50003231662,67.2625,0.0,  ,  ,0.0,  ,  
2019-09-23 17:55:00,7.30666666667,1.6909685271,750.511717008,  ,  ,2.30001143511,6.30003132226,67.5,0.0,  ,  ,0.0,  ,  
2019-09-23 18:00:00,7.3,1.84833782431,750.570328385,  ,  ,2.39209522626,6.50003231662,68.2958333333,0.0,  ,  ,0.0,  ,  
2019-09-23 18:05:00,7.3,1.85771610776,750.586723176,  ,  ,2.40001193229,5.50002734483,68.3416666667,0.0,  ,  ,0.0,  ,  
2019-09-23 18:10:00,7.22708333333,1.64252535102,750.586723176,  ,  ,2.30792814114,6.50003231662,67.6333333333,0.0,  ,  ,0.0,  ,  
2019-09-23 18:15:00,7.2,1.5192380102,750.645363684,  ,  ,2.30001143511,5.10002535612,67.1625,0.0,  ,  ,0.0,  ,  
2019-09-23 18:20:00,7.2,1.69896139312,750.661729344,  ,  ,1.9316762705,6.10003032791,68.0333333333,0.0,  ,  ,0.0,  ,  
2019-09-23 18:25:00,7.2,1.69896139312,750.661729344,  ,  ,1.9000094464,5.50002734483,68.0333333333,0.0,  ,  ,0.0,  ,  
2019-09-23 18:30:00,7.17375,1.76168439257,750.661729344,  ,  ,1.80792565525,4.10002038433,68.4625,0.0,  ,  ,0.0,  ,  
2019-09-23 18:35:00,7.07708333333,1.71081225337,750.661729344,  ,  ,1.80000894922,3.90001938997,68.6666666667,0.0,  ,  ,0.0,  ,  
2019-09-23 18:40:00,6.91708333333,1.4499184413,750.661729344,  ,  ,1.15542241115,7.30003629405,68.1375,0.0,  ,  ,0.0,  ,  
2019-09-23 18:45:00,6.82375,1.46084775717,750.720340721,  ,  ,1.10000546897,6.6000328138,68.6291666667,0.0,  ,  ,0.0,  ,  
2019-09-23 18:50:00,6.77041666667,1.45120688592,750.736735512,  ,  ,2.02084338049,5.60002784201,68.8333333333,0.0,  ,  ,0.0,  ,  
2019-09-23 18:55:00,6.7,1.50389500491,750.736735512,  ,  ,2.10001044075,5.80002883637,69.4291666667,0.0,  ,  ,0.0,  ,  
2019-09-23 19:00:00,6.64041666667,1.48189486649,750.736735512,  ,  ,1.91584285845,6.50003231662,69.6041666667,0.0,  ,  ,0.0,  ,  
2019-09-23 19:05:00,6.53416666667,1.5236273287,750.736735512,  ,  ,1.9000094464,3.60001789844,70.325,0.0,  ,  ,0.0,  ,  
2019-09-23 19:10:00,6.37708333333,1.50599689654,750.736735512,  ,  ,1.43959049064,5.00002485894,71.0,0.0,  ,  ,0.0,  ,  
2019-09-23 19:15:00,6.28708333333,1.46526125473,750.795346889,  ,  ,1.4000069605,3.60001789844,71.2333333333,0.0,  ,  ,0.0,  ,  
2019-09-23 19:20:00,6.2,1.40762689049,750.81174168,  ,  ,1.30792316935,4.50002237305,71.3666666667,0.0,  ,  ,0.0,  ,  
2019-09-23 19:25:00,6.15375,1.38835385398,750.81174168,  ,  ,1.30000646332,2.80001392101,71.4958333333,0.0,  ,  ,0.0,  ,  
2019-09-23 19:30:00,6.06041666667,1.42141200834,750.870382188,  ,  ,1.11583888102,1.60000795486,72.1291666667,0.0,  ,  ,0.0,  ,  
2019-09-23 19:35:00,5.88416666667,1.38701089611,750.886747848,  ,  ,1.10000546897,3.90001938997,72.8333333333,0.0,  ,  ,0.0,  ,  
2019-09-23 19:40:00,5.8,1.38770600664,750.886747848,  ,  ,0.82375409551,3.3000164069,73.2625,0.0,  ,  ,0.0,  ,  
2019-09-23 19:45:00,5.73041666667,1.46009933245,750.945388356,  ,  ,0.80000397743,3.80001889279,74.0,0.0,  ,  ,0.0,  ,  
2019-09-23 19:50:00,5.68041666667,1.56091711485,750.961754016,  ,  ,0.892087768583,3.10001541254,74.7958333333,0.0,  ,  ,0.0,  ,  
2019-09-23 19:55:00,5.6,1.52119406874,750.961754016,  ,  ,0.900004474609,3.80001889279,75.0,0.0,  ,  ,0.0,  ,  
2019-09-23 20:00:00,5.6,1.52119406874,750.961754016,  ,  ,1.54459101267,4.50002237305,75.0,0.0,  ,  ,0.0,  ,  
2019-09-23 20:05:00,5.58375,1.52328478461,750.961754016,  ,  ,1.60000795486,3.3000164069,75.0958333333,0.0,  ,  ,0.0,  ,  
2019-09-23 20:10:00,5.47375,1.58373945193,750.961754016,  ,  ,1.60000795486,2.90001441819,76.0,0.0,  ,  ,0.0,  ,  
2019-09-23 20:15:00,5.4,1.51844237542,751.020394524,  ,  ,1.60000795486,4.10002038433,76.0333333333,0.0,  ,  ,0.0,  ,  
2019-09-23 20:20:00,5.4,1.65156687917,751.036760184,  ,  ,1.3237565814,2.80001392101,76.7625,0.0,  ,  ,0.0,  ,  
2019-09-23 20:25:00,5.4,1.69468628676,751.036760184,  ,  ,1.30000646332,3.90001938997,77.0,0.0,  ,  ,0.0,  ,  
2019-09-23 20:30:00,5.4,1.69468628676,751.095371561,  ,  ,1.39209025448,4.30002137869,77.0,0.0,  ,  ,0.0,  ,  
2019-09-23 20:35:00,5.38041666667,1.80732847505,751.111766352,  ,  ,1.4000069605,5.10002535612,77.7291666667,0.0,  ,  ,0.0,  ,  
2019-09-23 20:40:00,5.30333333333,1.7810784993,751.111766352,  ,  ,1.76834212511,4.50002237305,78.0,0.0,  ,  ,0.0,  ,  
2019-09-23 20:45:00,5.3,1.77784109619,751.170377729,  ,  ,1.80000894922,4.60002287023,78.0,0.0,  ,  ,0.0,  ,  
2019-09-23 20:50:00,5.3,1.77784109619,751.18677252,  ,  ,1.61584136691,4.30002137869,78.0,0.0,  ,  ,0.0,  ,  
2019-09-23 20:55:00,5.3,1.80766426591,751.18677252,  ,  ,1.60000795486,4.50002237305,78.1666666667,0.0,  ,  ,0.0,  ,  
2019-09-23 21:00:00,5.3,1.78977711248,751.245413028,  ,  ,1.78417553717,4.10002038433,78.0666666667,0.0,  ,  ,0.0,  ,  
2019-09-23 21:05:00,5.3,1.77784109619,751.261778688,  ,  ,1.80000894922,3.40001690408,78.0,0.0,  ,  ,0.0,  ,  
2019-09-23 21:10:00,5.29708333333,1.89914631922,751.261778688,  ,  ,1.43167378461,3.3000164069,78.6958333333,0.0,  ,  ,0.0,  ,  
2019-09-23 21:15:00,5.2,1.85867568719,751.320390065,  ,  ,1.4000069605,3.10001541254,79.0,0.0,  ,  ,0.0,  ,  
2019-09-23 21:20:00,5.15708333333,1.81693151856,751.336784856,  ,  ,1.30792316935,4.50002237305,79.0,0.0,  ,  ,0.0,  ,  
2019-09-23 21:25:00,5.1,1.76140740702,751.336784856,  ,  ,1.30000646332,4.60002287023,79.0,0.0,  ,  ,0.0,  ,  
2019-09-23 21:30:00,5.09666666667,1.75816511204,751.395425364,  ,  ,1.57625783678,3.90001938997,79.0,0.0,  ,  ,0.0,  ,  
2019-09-23 21:35:00,4.98083333333,1.69252991161,751.411791024,  ,  ,1.60000795486,3.10001541254,79.2666666667,0.0,  ,  ,0.0,  ,  
2019-09-23 21:40:00,4.9,1.68922716483,751.411791024,  ,  ,1.1395889991,3.60001789844,79.6958333333,0.0,  ,  ,0.0,  ,  
2019-09-23 21:45:00,4.88708333333,1.72983487249,751.470394253,  ,  ,1.10000546897,3.90001938997,80.0,0.0,  ,  ,0.0,  ,  
2019-09-23 21:50:00,4.80333333333,1.64825031669,751.486797192,  ,  ,1.28417305127,3.40001690408,80.0,0.0,  ,  ,0.0,  ,  
2019-09-23 21:55:00,4.8,1.67332367785,751.486797192,  ,  ,1.30000646332,2.90001441819,80.1625,0.0,  ,  ,0.0,  ,  
2019-09-23 22:00:00,4.79041666667,1.67703876305,751.486797192,  ,  ,1.11583888102,4.50002237305,80.2375,0.0,  ,  ,0.0,  ,  
2019-09-23 22:05:00,4.7,1.64532525345,751.486797192,  ,  ,1.10000546897,3.10001541254,80.5625,0.0,  ,  ,0.0,  ,  
2019-09-23 22:10:00,4.76958333333,1.69148613354,751.486797192,  ,  ,1.10000546897,4.30002137869,80.4375,0.0,  ,  ,0.0,  ,  
2019-09-23 22:15:00,4.8,1.64500315502,751.486797192,  ,  ,1.10000546897,4.50002237305,80.0,0.0,  ,  ,0.0,  ,  
2019-09-23 22:20:00,4.8,1.68492768518,751.486797192,  ,  ,1.37625684242,3.90001938997,80.2291666667,0.0,  ,  ,0.0,  ,  
2019-09-23 22:25:00,4.8,1.81848402228,751.486797192,  ,  ,1.4000069605,3.80001889279,81.0,0.0,  ,  ,0.0,  ,  
2019-09-23 22:30:00,4.8,1.76086830932,751.545408569,  ,  ,0.939588004743,3.3000164069,80.6666666667,0.0,  ,  ,0.0,  ,  
2019-09-23 22:35:00,4.8,1.81848402228,751.56180336,  ,  ,0.900004474609,2.30001143511,81.0,0.0,  ,  ,0.0,  ,  
2019-09-23 22:40:00,4.76375,1.78311985863,751.56180336,  ,  ,0.623753101153,2.30001143511,81.0,0.0,  ,  ,0.0,  ,  
2019-09-23 22:45:00,4.7,1.72092739343,751.56180336,  ,  ,0.600002983073,1.4000069605,81.0,0.0,  ,  ,0.0,  ,  
2019-09-23 22:50:00,4.63708333333,1.65954750745,751.56180336,  ,  ,0.0475002361599,3.40001690408,81.0,0.0,  ,  ,0.0,  ,  
2019-09-23 22:55:00,4.58375,1.60751656895,751.56180336,  ,  ,0.0,3.10001541254,81.0,0.0,  ,  ,0.0,  ,  
2019-09-23 23:00:00,4.5,1.52581116797,751.56180336,  ,  ,0.828754120369,2.60001292665,81.0,0.0,  ,  ,0.0,  ,  
2019-09-23 23:05:00,4.42708333333,1.45467405977,751.56180336,  ,  ,0.900004474609,2.80001392101,81.0,0.0,  ,  ,0.0,  ,  
2019-09-23 23:10:00,4.4,1.42825157133,751.56180336,  ,  ,0.807920683457,3.80001889279,81.0,0.0,  ,  ,0.0,  ,  
2019-09-23 23:15:00,4.4,1.42825157133,751.620414737,  ,  ,0.80000397743,3.40001690408,81.0,0.0,  ,  ,0.0,  ,  
2019-09-23 23:20:00,4.4,1.5645214817,751.636809528,  ,  ,1.07625535089,1.60000795486,81.7958333333,0.0,  ,  ,0.0,  ,  
2019-09-23 23:25:00,4.39708333333,1.5964423644,751.636809528,  ,  ,1.10000546897,1.9000094464,82.0,0.0,  ,  ,0.0,  ,  
2019-09-23 23:30:00,4.30333333333,1.50484845599,751.636809528,  ,  ,0.0870837662932,2.30001143511,82.0,0.0,  ,  ,0.0,  ,  
2019-09-23 23:35:00,4.3,1.50159176858,751.636809528,  ,  ,0.0,1.9000094464,82.0,0.0,  ,  ,0.0,  ,  
2019-09-23 23:40:00,4.3,1.50159176858,751.636809528,  ,  ,0.552502746913,2.40001193229,82.0,0.0,  ,  ,0.0,  ,  
2019-09-23 23:45:00,4.30333333333,1.4878410275,751.578206299,  ,  ,0.600002983073,3.60001789844,81.9,0.0,  ,  ,0.0,  ,  
2019-09-23 23:50:00,4.38958333333,1.53302329982,751.56180336,  ,  ,0.876254356529,2.90001441819,81.6708333333,0.0,  ,  ,0.0,  ,  
  

    

