Time,TemperatureC,DewpointC,PressurehPa,WindDirection,WindDirectionDegrees,WindSpeedKMH,WindSpeedGustKMH,Humidity,HourlyPrecipMM,Conditions,Clouds,dailyrainMM,SoftwareType,DateUTC
                
2019-11-23 00:00:00,-8.98791666667,-11.1140512473,771.363431712,  ,  ,0.80000397743,2.10001044075,84.5,0.0,  ,  ,0.0,  ,  
2019-11-23 00:05:00,-9.0,-11.0521083231,771.363431712,  ,  ,0.80000397743,1.80000894922,85.0,0.0,  ,  ,0.0,  ,  
2019-11-23 00:10:00,-9.08791666667,-11.1384546265,771.363431712,  ,  ,0.883754393818,1.30000646332,85.0,0.0,  ,  ,0.0,  ,  
2019-11-23 00:15:00,-9.1,-11.1288877389,771.363431712,  ,  ,0.900004474609,1.60000795486,85.1458333333,0.0,  ,  ,0.0,  ,  
2019-11-23 00:20:00,-9.17125,-11.1762690167,771.363431712,  ,  ,0.648753225448,1.4000069605,85.3,0.0,  ,  ,0.0,  ,  
2019-11-23 00:25:00,-9.2,-11.1023366273,771.363431712,  ,  ,0.600002983073,1.80000894922,86.0,0.0,  ,  ,0.0,  ,  
2019-11-23 00:30:00,-9.26125,-11.1625711548,771.268267403,  ,  ,0.851254232235,1.9000094464,86.0,0.0,  ,  ,0.0,  ,  
2019-11-23 00:35:00,-9.3,-11.2006788518,771.213419376,  ,  ,0.900004474609,2.30001143511,86.0,0.0,  ,  ,0.0,  ,  
2019-11-23 00:40:00,-9.35791666667,-11.2576357179,771.213419376,  ,  ,1.06750530738,1.9000094464,86.0,0.0,  ,  ,0.0,  ,  
2019-11-23 00:45:00,-9.4,-11.171952371,771.165752602,  ,  ,1.10000546897,1.9000094464,86.8791666667,0.0,  ,  ,0.0,  ,  
2019-11-23 00:50:00,-9.42458333333,-11.1787843023,771.138413208,  ,  ,1.10000546897,2.30001143511,87.0,0.0,  ,  ,0.0,  ,  
2019-11-23 00:55:00,-9.51125,-11.2641243418,771.138413208,  ,  ,1.10000546897,3.40001690408,87.0,0.0,  ,  ,0.0,  ,  
2019-11-23 01:00:00,-9.6,-11.3515163406,771.138413208,  ,  ,1.35125671813,2.90001441819,87.0,0.0,  ,  ,0.0,  ,  
2019-11-23 01:05:00,-9.61125,-11.3625942369,771.138413208,  ,  ,1.4000069605,2.60001292665,87.0,0.0,  ,  ,0.0,  ,  
2019-11-23 01:10:00,-9.7,-11.4434190813,771.138413208,  ,  ,1.4000069605,2.60001292665,87.0458333333,0.0,  ,  ,0.0,  ,  
2019-11-23 01:15:00,-9.7,-11.3073846901,771.138413208,  ,  ,1.4000069605,1.60000795486,88.0,0.0,  ,  ,0.0,  ,  
2019-11-23 01:20:00,-9.7,-11.3073846901,771.138413208,  ,  ,0.89750446218,1.4000069605,88.0,0.0,  ,  ,0.0,  ,  
2019-11-23 01:25:00,-9.70666666667,-11.3139576904,771.138413208,  ,  ,0.80000397743,1.80000894922,88.0,0.0,  ,  ,0.0,  ,  
2019-11-23 01:30:00,-9.78125,-11.3874933156,771.090770125,  ,  ,0.80000397743,2.10001044075,88.0,0.0,  ,  ,0.0,  ,  
2019-11-23 01:35:00,-9.8,-11.4059799786,771.06340704,  ,  ,0.80000397743,1.9000094464,88.0,0.0,  ,  ,0.0,  ,  
2019-11-23 01:40:00,-9.83791666667,-11.4433641849,771.06340704,  ,  ,1.05125522659,2.30001143511,88.0,0.0,  ,  ,0.0,  ,  
2019-11-23 01:45:00,-9.9,-11.5045758768,771.015791819,  ,  ,1.10000546897,2.80001392101,88.0,0.0,  ,  ,0.0,  ,  
2019-11-23 01:50:00,-9.87208333333,-11.4770511272,770.988400872,  ,  ,1.35125671813,2.90001441819,88.0,0.0,  ,  ,0.0,  ,  
2019-11-23 01:55:00,-9.8,-11.4059799786,770.988400872,  ,  ,1.4000069605,2.60001292665,88.0,0.0,  ,  ,0.0,  ,  
2019-11-23 02:00:00,-9.8,-11.4059799786,770.940757789,  ,  ,1.56750779328,2.90001441819,88.0,0.0,  ,  ,0.0,  ,  
2019-11-23 02:05:00,-9.79333333333,-11.3994069404,770.913394704,  ,  ,1.60000795486,3.10001541254,88.0,0.0,  ,  ,0.0,  ,  
2019-11-23 02:10:00,-9.75333333333,-11.3599687681,770.913394704,  ,  ,1.60000795486,2.60001292665,88.0,0.0,  ,  ,0.0,  ,  
2019-11-23 02:15:00,-9.8,-11.4059799786,770.865751621,  ,  ,1.60000795486,2.40001193229,88.0,0.0,  ,  ,0.0,  ,  
2019-11-23 02:20:00,-9.79666666667,-11.4026934591,770.838388536,  ,  ,1.18125587292,2.60001292665,88.0,0.0,  ,  ,0.0,  ,  
2019-11-23 02:25:00,-9.8,-11.4059799786,770.838388536,  ,  ,1.10000546897,1.30000646332,88.0,0.0,  ,  ,0.0,  ,  
2019-11-23 02:30:00,-9.8,-11.3870918842,770.838388536,  ,  ,0.681253387031,1.10000546897,88.1333333333,0.0,  ,  ,0.0,  ,  
2019-11-23 02:35:00,-9.86125,-11.4663698939,770.838388536,  ,  ,0.600002983073,0.600002983073,88.0,0.0,  ,  ,0.0,  ,  
2019-11-23 02:40:00,-9.95458333333,-11.5583930618,770.838388536,  ,  ,0.0975004847493,0.900004474609,88.0,0.0,  ,  ,0.0,  ,  
2019-11-23 02:45:00,-10.0945833333,-11.6964288095,770.790745453,  ,  ,0.0,0.80000397743,88.0,0.0,  ,  ,0.0,  ,  
2019-11-23 02:50:00,-10.1945833333,-11.7950265039,770.763382368,  ,  ,0.0,0.0,88.0,0.0,  ,  ,0.0,  ,  
2019-11-23 02:55:00,-10.29125,-11.7621292706,770.763382368,  ,  ,0.0,0.0,88.9125,0.0,  ,  ,0.0,  ,  
2019-11-23 03:00:00,-10.3779166667,-11.8354555161,770.715725692,  ,  ,0.0,0.0,89.0,0.0,  ,  ,0.0,  ,  
2019-11-23 03:05:00,-10.5125,-11.8462394023,770.6883762,  ,  ,0.0,0.0,89.8791666667,0.0,  ,  ,0.0,  ,  
2019-11-23 03:10:00,-10.6,-11.7753126617,770.6883762,  ,  ,0.0,0.0,91.025,0.0,  ,  ,0.0,  ,  
2019-11-23 03:15:00,-10.68125,-11.7232655697,770.640695838,  ,  ,0.0,0.0,92.0,0.0,  ,  ,0.0,  ,  
2019-11-23 03:20:00,-10.7,-11.7418438469,770.613370032,  ,  ,0.0,0.0,92.0,0.0,  ,  ,0.0,  ,  
2019-11-23 03:25:00,-10.7779166667,-11.8190470606,770.613370032,  ,  ,0.0,0.0,92.0,0.0,  ,  ,0.0,  ,  
2019-11-23 03:30:00,-10.8045833333,-11.8454696067,770.565726949,  ,  ,0.0,0.0,92.0,0.0,  ,  ,0.0,  ,  
2019-11-23 03:35:00,-10.8966666667,-11.9367101804,770.538363864,  ,  ,0.0,1.30000646332,92.0,0.0,  ,  ,0.0,  ,  
2019-11-23 03:40:00,-11.0391666667,-12.07790667,770.538363864,  ,  ,0.0,1.10000546897,92.0,0.0,  ,  ,0.0,  ,  
2019-11-23 03:45:00,-11.1,-12.1381837817,770.490707188,  ,  ,0.0,0.0,92.0,0.0,  ,  ,0.0,  ,  
2019-11-23 03:50:00,-11.17125,-12.2087825053,770.463357696,  ,  ,0.0,0.0,92.0,0.0,  ,  ,0.0,  ,  
2019-11-23 03:55:00,-11.2,-12.2372697671,770.463357696,  ,  ,0.0,0.0,92.0,0.0,  ,  ,0.0,  ,  
2019-11-23 04:00:00,-11.2,-12.2372697671,770.36807153,  ,  ,0.0,0.0,92.0,0.0,  ,  ,0.0,  ,  
2019-11-23 04:05:00,-11.20125,-12.2009839963,770.31334536,  ,  ,0.0,0.80000397743,92.2791666667,0.0,  ,  ,0.0,  ,  
2019-11-23 04:10:00,-11.27,-12.1727608567,770.31334536,  ,  ,0.0,0.0,93.0,0.0,  ,  ,0.0,  ,  
2019-11-23 04:15:00,-11.3,-12.2025221334,770.31334536,  ,  ,0.0,0.0,93.0,0.0,  ,  ,0.0,  ,  
2019-11-23 04:20:00,-11.33125,-12.2335234967,770.31334536,  ,  ,0.0,0.0,93.0,0.0,  ,  ,0.0,  ,  
2019-11-23 04:25:00,-11.4,-12.3017266162,770.31334536,  ,  ,0.0,0.0,93.0,0.0,  ,  ,0.0,  ,  
2019-11-23 04:30:00,-11.4379166667,-12.3127610421,770.31334536,  ,  ,0.0,0.900004474609,93.2,0.0,  ,  ,0.0,  ,  
2019-11-23 04:35:00,-11.58125,-12.4815356317,770.31334536,  ,  ,0.0,0.0,93.0,0.0,  ,  ,0.0,  ,  
2019-11-23 04:40:00,-11.6,-12.498476218,770.31334536,  ,  ,0.0,1.30000646332,93.0125,0.0,  ,  ,0.0,  ,  
2019-11-23 04:45:00,-11.6,-12.41350744,770.218059194,  ,  ,0.0,1.30000646332,93.6541666667,0.0,  ,  ,0.0,  ,  
2019-11-23 04:50:00,-11.65125,-12.5509794207,770.163333024,  ,  ,0.0,0.600002983073,93.0,0.0,  ,  ,0.0,  ,  
2019-11-23 04:55:00,-11.6933333333,-12.5927284477,770.163333024,  ,  ,0.0,0.0,93.0,0.0,  ,  ,0.0,  ,  
2019-11-23 05:00:00,-11.68875,-12.46758476,770.163333024,  ,  ,0.0,0.0,93.9125,0.0,  ,  ,0.0,  ,  
2019-11-23 05:05:00,-11.6379166667,-12.4055868525,770.163333024,  ,  ,0.0,0.0,94.0,0.0,  ,  ,0.0,  ,  
2019-11-23 05:10:00,-11.7,-12.4672493094,770.163333024,  ,  ,0.0,0.0,94.0,0.0,  ,  ,0.0,  ,  
2019-11-23 05:15:00,-11.7445833333,-12.5334501781,770.115679852,  ,  ,0.0,0.0,93.8333333333,0.0,  ,  ,0.0,  ,  
2019-11-23 05:20:00,-11.80125,-12.6352933192,770.088326856,  ,  ,0.0,0.0,93.4875,0.0,  ,  ,0.0,  ,  
2019-11-23 05:25:00,-11.9,-12.7828571661,770.088326856,  ,  ,0.0,0.0,93.1125,0.0,  ,  ,0.0,  ,  
2019-11-23 05:30:00,-11.9,-12.6658942479,769.992817014,  ,  ,0.0,0.0,94.0,0.0,  ,  ,0.0,  ,  
2019-11-23 05:35:00,-11.9033333333,-12.669205007,769.93831452,  ,  ,0.0,0.0,94.0,0.0,  ,  ,0.0,  ,  
2019-11-23 05:40:00,-11.9879166667,-12.7532156298,769.93831452,  ,  ,0.0,0.0,94.0,0.0,  ,  ,0.0,  ,  
2019-11-23 05:45:00,-12.0,-12.7652171647,769.93831452,  ,  ,0.0,0.0,94.0,0.0,  ,  ,0.0,  ,  
2019-11-23 05:50:00,-12.0,-12.7652171647,769.93831452,  ,  ,0.0,0.0,94.0,0.0,  ,  ,0.0,  ,  
2019-11-23 05:55:00,-11.9966666667,-12.761906396,769.93831452,  ,  ,0.0,0.0,94.0,0.0,  ,  ,0.0,  ,  
2019-11-23 06:00:00,-12.02125,-12.786323323,769.93831452,  ,  ,0.0,0.0,94.0,0.0,  ,  ,0.0,  ,  
2019-11-23 06:05:00,-12.1,-12.86454038,769.93831452,  ,  ,0.0,0.0,94.0,0.0,  ,  ,0.0,  ,  
2019-11-23 06:10:00,-12.1175,-12.8819219733,769.93831452,  ,  ,0.0,0.0,94.0,0.0,  ,  ,0.0,  ,  
2019-11-23 06:15:00,-12.2,-12.9638638937,769.890675467,  ,  ,0.0,0.0,94.0,0.0,  ,  ,0.0,  ,  
2019-11-23 06:20:00,-12.2,-12.9638638937,769.863308352,  ,  ,0.0,0.0,94.0,0.0,  ,  ,0.0,  ,  
2019-11-23 06:25:00,-12.2,-12.9638638937,769.863308352,  ,  ,0.0,0.0,94.0,0.0,  ,  ,0.0,  ,  
2019-11-23 06:30:00,-12.2,-12.9638638937,769.910965028,  ,  ,0.0,0.0,94.0,0.0,  ,  ,0.0,  ,  
2019-11-23 06:35:00,-12.2,-12.8801322525,769.93831452,  ,  ,0.0,0.0,94.6416666667,0.0,  ,  ,0.0,  ,  
2019-11-23 06:40:00,-12.2,-12.833592753,769.93831452,  ,  ,0.0,0.0,95.0,0.0,  ,  ,0.0,  ,  
2019-11-23 06:45:00,-12.2,-12.8909778767,769.890607152,  ,  ,0.0,0.0,94.5583333333,0.0,  ,  ,0.0,  ,  
2019-11-23 06:50:00,-12.2,-12.9638638937,769.863308352,  ,  ,0.0,0.0,94.0,0.0,  ,  ,0.0,  ,  
2019-11-23 06:55:00,-12.2,-12.9638638937,769.863308352,  ,  ,0.0,0.80000397743,94.0,0.0,  ,  ,0.0,  ,  
2019-11-23 07:00:00,-12.2,-12.9638638937,769.815651676,  ,  ,0.0,0.0,94.0,0.0,  ,  ,0.0,  ,  
2019-11-23 07:05:00,-12.2,-12.9638638937,769.788302184,  ,  ,0.0,0.80000397743,94.0,0.0,  ,  ,0.0,  ,  
2019-11-23 07:10:00,-12.2,-12.9638638937,769.788302184,  ,  ,0.0,0.0,94.0,0.0,  ,  ,0.0,  ,  
2019-11-23 07:15:00,-12.2,-12.9638638937,769.835982546,  ,  ,0.0,0.0,94.0,0.0,  ,  ,0.0,  ,  
2019-11-23 07:20:00,-12.2,-12.9638638937,769.863308352,  ,  ,0.0,0.0,94.0,0.0,  ,  ,0.0,  ,  
2019-11-23 07:25:00,-12.2,-12.9638638937,769.863308352,  ,  ,0.0,1.30000646332,94.0,0.0,  ,  ,0.0,  ,  
2019-11-23 07:30:00,-12.2,-12.9638638937,769.815665269,  ,  ,0.0,0.0,94.0,0.0,  ,  ,0.0,  ,  
2019-11-23 07:35:00,-12.2,-12.9638638937,769.788302184,  ,  ,0.0,0.0,94.0,0.0,  ,  ,0.0,  ,  
2019-11-23 07:40:00,-12.2,-12.9638638937,769.788302184,  ,  ,0.0,0.0,94.0,0.0,  ,  ,0.0,  ,  
2019-11-23 07:45:00,-12.2,-12.9638638937,769.740645508,  ,  ,0.0,0.0,94.0,0.0,  ,  ,0.0,  ,  
2019-11-23 07:50:00,-12.2,-12.9638638937,769.713296016,  ,  ,0.0,0.0,94.0,0.0,  ,  ,0.0,  ,  
2019-11-23 07:55:00,-12.2,-12.9638638937,769.713296016,  ,  ,0.0,0.0,94.0,0.0,  ,  ,0.0,  ,  
2019-11-23 08:00:00,-12.2,-12.9638638937,769.713296016,  ,  ,0.0,0.0,94.0,0.0,  ,  ,0.0,  ,  
2019-11-23 08:05:00,-12.2375,-13.0011102882,769.713296016,  ,  ,0.0,0.0,94.0,0.0,  ,  ,0.0,  ,  
2019-11-23 08:10:00,-12.2966666667,-13.0598769072,769.713296016,  ,  ,0.0,0.0,94.0,0.0,  ,  ,0.0,  ,  
2019-11-23 08:15:00,-12.3,-13.0631877057,769.760952692,  ,  ,0.0,0.0,94.0,0.0,  ,  ,0.0,  ,  
2019-11-23 08:20:00,-12.3,-13.0631877057,769.788302184,  ,  ,0.0,0.0,94.0,0.0,  ,  ,0.0,  ,  
2019-11-23 08:25:00,-12.3,-13.0631877057,769.788302184,  ,  ,0.0,0.0,94.0,0.0,  ,  ,0.0,  ,  
2019-11-23 08:30:00,-12.3,-13.0631877057,769.788302184,  ,  ,0.0,0.0,94.0,0.0,  ,  ,0.0,  ,  
2019-11-23 08:35:00,-12.3,-13.0631877057,769.788302184,  ,  ,0.0,0.0,94.0,0.0,  ,  ,0.0,  ,  
2019-11-23 08:40:00,-12.2933333333,-12.9826561692,769.788302184,  ,  ,0.0,0.600002983073,94.5666666667,0.0,  ,  ,0.0,  ,  
2019-11-23 08:45:00,-12.2025,-12.9663469853,769.788302184,  ,  ,0.0,0.0,94.0,0.0,  ,  ,0.0,  ,  
2019-11-23 08:50:00,-12.2,-12.9638638937,769.788302184,  ,  ,0.0,0.0,94.0,0.0,  ,  ,0.0,  ,  
2019-11-23 08:55:00,-12.2,-12.9638638937,769.788302184,  ,  ,0.0,0.0,94.0,0.0,  ,  ,0.0,  ,  
2019-11-23 09:00:00,-12.1158333333,-12.8660838853,769.788302184,  ,  ,0.0,0.0,94.1083333333,0.0,  ,  ,0.0,  ,  
2019-11-23 09:05:00,-11.955,-12.5899683273,769.788302184,  ,  ,0.0,0.0,95.0,0.0,  ,  ,0.0,  ,  
2019-11-23 09:10:00,-11.7683333333,-12.4043507156,769.788302184,  ,  ,0.0,0.0,95.0,0.0,  ,  ,0.0,  ,  
2019-11-23 09:15:00,-11.5508333333,-12.1880741411,769.835982546,  ,  ,0.0,0.0,95.0,0.0,  ,  ,0.0,  ,  
2019-11-23 09:20:00,-11.3491666667,-11.9875428856,769.863308352,  ,  ,0.0,0.0,95.0,0.0,  ,  ,0.0,  ,  
2019-11-23 09:25:00,-11.2116666667,-11.9174640328,769.863308352,  ,  ,0.0,0.0,94.4916666667,0.0,  ,  ,0.0,  ,  
2019-11-23 09:30:00,-11.045,-11.7847772219,769.910947405,  ,  ,0.0,0.0,94.2416666667,0.0,  ,  ,0.0,  ,  
2019-11-23 09:35:00,-10.7883333333,-11.4298724197,769.93831452,  ,  ,0.0,0.0,95.0,0.0,  ,  ,0.0,  ,  
2019-11-23 09:40:00,-10.5066666667,-11.1497971763,769.93831452,  ,  ,0.0,0.0,95.0,0.0,  ,  ,0.0,  ,  
2019-11-23 09:45:00,-10.1543933054,-10.8576351145,769.93831452,  ,  ,0.0,0.0,94.5606694561,0.0,  ,  ,0.0,  ,  
2019-11-23 09:50:00,-9.84273858921,-10.8450525906,769.93831452,  ,  ,0.0,0.0,92.3485477178,0.0,  ,  ,0.0,  ,  
2019-11-23 09:55:00,-9.8,-11.0479264344,769.93831452,  ,  ,0.0,0.900004474609,90.5583333333,0.0,  ,  ,0.0,  ,  
2019-11-23 10:00:00,-9.79665271967,-11.0194524432,769.985916742,  ,  ,0.0,0.0,90.7405857741,0.0,  ,  ,0.0,  ,  
2019-11-23 10:05:00,-9.78333333333,-10.9705320215,770.013320688,  ,  ,0.0,1.4000069605,91.0,0.0,  ,  ,0.0,  ,  
2019-11-23 10:10:00,-9.65541666667,-10.8439448685,770.013320688,  ,  ,0.0,1.30000646332,91.0,0.0,  ,  ,0.0,  ,  
2019-11-23 10:15:00,-9.45291666667,-10.7133022242,770.013320688,  ,  ,0.0,1.9000094464,90.4958333333,0.0,  ,  ,0.0,  ,  
2019-11-23 10:20:00,-9.18166666667,-10.575392143,770.013320688,  ,  ,0.663336631286,1.9000094464,89.5625,0.0,  ,  ,0.0,  ,  
2019-11-23 10:25:00,-8.83875,-10.3881502054,770.013320688,  ,  ,0.80000397743,2.30001143511,88.4916666667,0.0,  ,  ,0.0,  ,  
2019-11-23 10:30:00,-8.60583333333,-10.3148304113,769.965775795,  ,  ,0.80000397743,2.10001044075,87.4,0.0,  ,  ,0.0,  ,  
2019-11-23 10:35:00,-8.33875,-10.1096142777,769.93831452,  ,  ,0.80000397743,1.60000795486,87.0,0.0,  ,  ,0.0,  ,  
2019-11-23 10:40:00,-8.16625,-10.0137963824,769.93831452,  ,  ,0.80000397743,1.80000894922,86.4916666667,0.0,  ,  ,0.0,  ,  
2019-11-23 10:45:00,-7.97958333333,-10.1300185334,769.93831452,  ,  ,0.80000397743,2.60001292665,84.4625,0.0,  ,  ,0.0,  ,  
2019-11-23 10:50:00,-7.96,-10.1800612087,769.93831452,  ,  ,1.04875521416,3.3000164069,84.0,0.0,  ,  ,0.0,  ,  
2019-11-23 10:55:00,-8.05041666667,-10.2687391975,769.93831452,  ,  ,1.10000546897,2.30001143511,84.0,0.0,  ,  ,0.0,  ,  
2019-11-23 11:00:00,-7.93541666667,-10.0109220484,769.93831452,  ,  ,1.26583962679,1.60000795486,84.9708333333,0.0,  ,  ,0.0,  ,  
2019-11-23 11:05:00,-7.72583333333,-9.86666151294,769.93831452,  ,  ,1.30000646332,2.80001392101,84.5583333333,0.0,  ,  ,0.0,  ,  
2019-11-23 11:10:00,-7.58291666667,-9.97687777542,769.93831452,  ,  ,0.968338147681,2.30001143511,82.9,0.0,  ,  ,0.0,  ,  
2019-11-23 11:15:00,-7.43625,-9.81799838898,769.890708717,  ,  ,0.900004474609,3.3000164069,83.0,0.0,  ,  ,0.0,  ,  
2019-11-23 11:20:00,-7.25583333333,-9.65147638361,769.863308352,  ,  ,1.06583863243,2.60001292665,82.9333333333,0.0,  ,  ,0.0,  ,  
2019-11-23 11:25:00,-7.03875,-9.55284565797,769.863308352,  ,  ,1.10000546897,2.80001392101,82.1916666667,0.0,  ,  ,0.0,  ,  
2019-11-23 11:30:00,-6.78916666667,-9.46281632354,769.768096745,  ,  ,1.26583962679,2.40001193229,81.2,0.0,  ,  ,0.0,  ,  
2019-11-23 11:35:00,-6.68625,-9.54658956196,769.713296016,  ,  ,1.30000646332,3.10001541254,80.0291666667,0.0,  ,  ,0.0,  ,  
2019-11-23 11:40:00,-6.69375,-9.56381073263,769.713296016,  ,  ,1.54875770006,2.80001392101,79.9666666667,0.0,  ,  ,0.0,  ,  
2019-11-23 11:45:00,-6.72333333333,-9.53926760238,769.713296016,  ,  ,1.60000795486,2.30001143511,80.3041666667,0.0,  ,  ,0.0,  ,  
2019-11-23 11:50:00,-6.70666666667,-9.40765167495,769.713296016,  ,  ,1.35125671813,1.60000795486,81.0375,0.0,  ,  ,0.0,  ,  
2019-11-23 11:55:00,-6.6125,-9.31240860175,769.713296016,  ,  ,1.30000646332,1.60000795486,81.0583333333,0.0,  ,  ,0.0,  ,  
2019-11-23 12:00:00,-6.42958333333,-9.23747735981,769.713296016,  ,  ,0.719586910949,1.9000094464,80.4,0.0,  ,  ,0.0,  ,  
2019-11-23 12:05:00,-6.33625,-9.19925117084,769.713296016,  ,  ,0.600002983073,1.80000894922,80.0666666667,0.0,  ,  ,0.0,  ,  
2019-11-23 12:10:00,-6.3,-9.17449039603,769.713296016,  ,  ,0.600002983073,1.4000069605,80.0,0.0,  ,  ,0.0,  ,  
2019-11-23 12:15:00,-6.25625,-9.18028995395,769.665676601,  ,  ,0.600002983073,1.80000894922,79.6958333333,0.0,  ,  ,0.0,  ,  
2019-11-23 12:20:00,-6.2,-9.23767953925,769.638289848,  ,  ,0.600002983073,1.80000894922,78.9958333333,0.0,  ,  ,0.0,  ,  
2019-11-23 12:25:00,-6.2,-9.27394024655,769.638289848,  ,  ,0.600002983073,1.60000795486,78.7708333333,0.0,  ,  ,0.0,  ,  
2019-11-23 12:30:00,-6.12625,-9.15444901589,769.590670433,  ,  ,0.765837140894,1.4000069605,79.0666666667,0.0,  ,  ,0.0,  ,  
2019-11-23 12:35:00,-6.07,-9.18646328298,769.56328368,  ,  ,0.80000397743,2.30001143511,78.5291666667,0.0,  ,  ,0.0,  ,  
2019-11-23 12:40:00,-6.04958333333,-9.2146012699,769.56328368,  ,  ,0.882921056341,2.30001143511,78.2333333333,0.0,  ,  ,0.0,  ,  
2019-11-23 12:45:00,-5.90916666667,-9.1432451449,769.515677877,  ,  ,0.900004474609,2.40001193229,77.8333333333,0.0,  ,  ,0.0,  ,  
2019-11-23 12:50:00,-5.65833333333,-8.96025356063,769.488277512,  ,  ,0.900004474609,1.80000894922,77.4625,0.0,  ,  ,0.0,  ,  
2019-11-23 12:55:00,-5.34916666667,-8.87660616757,769.488277512,  ,  ,0.900004474609,2.60001292665,76.1583333333,0.0,  ,  ,0.0,  ,  
2019-11-23 13:00:00,-5.22666666667,-8.94695012176,769.488277512,  ,  ,1.06583863243,1.80000894922,75.0375,0.0,  ,  ,0.0,  ,  
2019-11-23 13:05:00,-5.20669456067,-8.81005853175,769.488277512,  ,  ,1.10000546897,1.60000795486,75.7322175732,0.0,  ,  ,0.0,  ,  
2019-11-23 13:10:00,-5.13958333333,-8.73990657354,769.488277512,  ,  ,0.685420074413,1.9000094464,75.7625,0.0,  ,  ,0.0,  ,  
2019-11-23 13:15:00,-5.09333333333,-8.76692113682,769.440689723,  ,  ,0.600002983073,1.60000795486,75.3375,0.0,  ,  ,0.0,  ,  
2019-11-23 13:20:00,-5.01958333333,-8.68559425911,769.413271344,  ,  ,0.600002983073,2.40001193229,75.3958333333,0.0,  ,  ,0.0,  ,  
2019-11-23 13:25:00,-4.93958333333,-8.66331197288,769.413271344,  ,  ,0.600002983073,0.900004474609,75.0708333333,0.0,  ,  ,0.0,  ,  
2019-11-23 13:30:00,-4.85291666667,-8.52484697544,769.365574155,  ,  ,0.765837140894,2.30001143511,75.3916666667,0.0,  ,  ,0.0,  ,  
2019-11-23 13:35:00,-4.82333333333,-8.63620079048,769.338265176,  ,  ,0.80000397743,1.80000894922,74.5708333333,0.0,  ,  ,0.0,  ,  
2019-11-23 13:40:00,-4.83041666667,-8.68381793123,769.338265176,  ,  ,0.882921056341,2.60001292665,74.3333333333,0.0,  ,  ,0.0,  ,  
2019-11-23 13:45:00,-4.87666666667,-8.71137900074,769.290645761,  ,  ,0.900004474609,2.30001143511,74.4333333333,0.0,  ,  ,0.0,  ,  
2019-11-23 13:50:00,-4.92333333333,-8.64757777027,769.263259008,  ,  ,1.06583863243,2.40001193229,75.0708333333,0.0,  ,  ,0.0,  ,  
2019-11-23 13:55:00,-4.91,-8.51104834171,769.263259008,  ,  ,1.10000546897,1.9000094464,75.8,0.0,  ,  ,0.0,  ,  
2019-11-23 14:00:00,-4.78916666667,-8.43411457711,769.215653205,  ,  ,0.851254232235,1.60000795486,75.5625,0.0,  ,  ,0.0,  ,  
2019-11-23 14:05:00,-4.69666666667,-8.4629768261,769.18825284,  ,  ,0.80000397743,1.4000069605,74.8666666667,0.0,  ,  ,0.0,  ,  
2019-11-23 14:10:00,-4.60583333333,-8.35225926543,769.18825284,  ,  ,0.136667346144,1.10000546897,75.0,0.0,  ,  ,0.0,  ,  
2019-11-23 14:15:00,-4.42958333333,-8.07367175587,769.140572478,  ,  ,0.0,1.60000795486,75.6333333333,0.0,  ,  ,0.0,  ,  
2019-11-23 14:20:00,-4.4,-8.15299213547,769.113246672,  ,  ,0.0,2.30001143511,75.0,0.0,  ,  ,0.0,  ,  
2019-11-23 14:25:00,-4.34958333333,-8.12703153737,769.113246672,  ,  ,0.0,2.10001044075,74.8666666667,0.0,  ,  ,0.0,  ,  
2019-11-23 14:30:00,-4.3,-8.1019332933,769.06556631,  ,  ,0.663336631286,1.9000094464,74.7333333333,0.0,  ,  ,0.0,  ,  
2019-11-23 14:35:00,-4.26625,-8.05781984782,769.038240504,  ,  ,0.80000397743,1.4000069605,74.8,0.0,  ,  ,0.0,  ,  
2019-11-23 14:40:00,-4.2,-8.05756929982,769.038240504,  ,  ,0.136667346144,1.10000546897,74.4291666667,0.0,  ,  ,0.0,  ,  
2019-11-23 14:45:00,-4.19666666667,-7.93830377211,768.990615155,  ,  ,0.0,0.0,75.1041666667,0.0,  ,  ,0.0,  ,  
2019-11-23 14:50:00,-4.2,-7.95937767011,768.963234336,  ,  ,0.0,0.0,75.0,0.0,  ,  ,0.0,  ,  
2019-11-23 14:55:00,-4.2,-8.06836079473,768.963234336,  ,  ,0.0,0.600002983073,74.3666666667,0.0,  ,  ,0.0,  ,  
2019-11-23 15:00:00,-4.2,-8.04678584993,768.915553974,  ,  ,0.0,1.4000069605,74.4916666667,0.0,  ,  ,0.0,  ,  
2019-11-23 15:05:00,-4.2,-8.23703144079,768.888228168,  ,  ,0.0,2.40001193229,73.3958333333,0.0,  ,  ,0.0,  ,  
2019-11-23 15:10:00,-4.2,-8.56698759298,768.888228168,  ,  ,0.663336631286,1.9000094464,71.5291666667,0.0,  ,  ,0.0,  ,  
2019-11-23 15:15:00,-4.2,-8.80208481357,768.888228168,  ,  ,0.80000397743,2.90001441819,70.225,0.0,  ,  ,0.0,  ,  
2019-11-23 15:20:00,-4.20333333333,-9.07280794983,768.888228168,  ,  ,1.04875521416,2.60001292665,68.7666666667,0.0,  ,  ,0.0,  ,  
2019-11-23 15:25:00,-4.25708333333,-9.15599256612,768.888228168,  ,  ,1.10000546897,2.40001193229,68.5958333333,0.0,  ,  ,0.0,  ,  
2019-11-23 15:30:00,-4.3,-9.30803712841,768.888228168,  ,  ,1.10000546897,3.10001541254,68.0,0.0,  ,  ,0.0,  ,  
2019-11-23 15:35:00,-4.33041666667,-9.33716258641,768.888228168,  ,  ,1.10000546897,2.60001292665,68.0,0.0,  ,  ,0.0,  ,  
2019-11-23 15:40:00,-4.43041666667,-9.43291866488,768.888228168,  ,  ,1.26583962679,2.60001292665,68.0,0.0,  ,  ,0.0,  ,  
2019-11-23 15:45:00,-4.57708333333,-9.54775264036,768.840571492,  ,  ,1.30000646332,1.80000894922,68.1375,0.0,  ,  ,0.0,  ,  
2019-11-23 15:50:00,-4.68041666667,-9.5064179854,768.813222,  ,  ,1.30000646332,1.60000795486,68.8958333333,0.0,  ,  ,0.0,  ,  
2019-11-23 15:55:00,-4.75708333333,-9.57151165854,768.813222,  ,  ,1.30000646332,2.30001143511,68.9416666667,0.0,  ,  ,0.0,  ,  
2019-11-23 16:00:00,-4.86708333333,-9.44693383178,768.765596651,  ,  ,0.885421068771,2.40001193229,70.2041666667,0.0,  ,  ,0.0,  ,  
2019-11-23 16:05:00,-5.00416666667,-9.31626874578,768.738215832,  ,  ,0.80000397743,1.4000069605,71.6708333333,0.0,  ,  ,0.0,  ,  
2019-11-23 16:10:00,-5.15375,-9.37210501531,768.738215832,  ,  ,0.634169819609,2.30001143511,72.1708333333,0.0,  ,  ,0.0,  ,  
2019-11-23 16:15:00,-5.26359832636,-9.33297222005,768.690525343,  ,  ,0.600002983073,2.30001143511,73.0,0.0,  ,  ,0.0,  ,  
2019-11-23 16:20:00,-5.38041666667,-9.39295297807,768.663209664,  ,  ,1.01458837763,2.90001441819,73.3041666667,0.0,  ,  ,0.0,  ,  
2019-11-23 16:25:00,-5.55416666667,-9.44090730849,768.663209664,  ,  ,1.10000546897,3.10001541254,74.0,0.0,  ,  ,0.0,  ,  
2019-11-23 16:30:00,-5.67041666667,-9.43314891,768.615454743,  ,  ,1.3487567057,2.80001392101,74.7041666667,0.0,  ,  ,0.0,  ,  
2019-11-23 16:35:00,-5.74375,-9.45397780604,768.588203496,  ,  ,1.4000069605,2.60001292665,75.0,0.0,  ,  ,0.0,  ,  
2019-11-23 16:40:00,-5.83375,-9.49540305772,768.588203496,  ,  ,1.15125572377,2.40001193229,75.2708333333,0.0,  ,  ,0.0,  ,  
2019-11-23 16:45:00,-5.9,-9.43727904433,768.54050286,  ,  ,1.10000546897,2.40001193229,76.0,0.0,  ,  ,0.0,  ,  
2019-11-23 16:50:00,-5.99708333333,-9.53142259448,768.513197328,  ,  ,1.10000546897,2.60001292665,76.0,0.0,  ,  ,0.0,  ,  
2019-11-23 16:55:00,-6.09375,-9.53582514266,768.513197328,  ,  ,1.10000546897,2.90001441819,76.5375,0.0,  ,  ,0.0,  ,  
2019-11-23 17:00:00,-6.1,-9.50397232963,768.465442407,  ,  ,1.3487567057,2.90001441819,76.7666666667,0.0,  ,  ,0.0,  ,  
2019-11-23 17:05:00,-6.17041666667,-9.533853046,768.43819116,  ,  ,1.4000069605,3.90001938997,77.0,0.0,  ,  ,0.0,  ,  
2019-11-23 17:10:00,-6.2,-9.56258316004,768.43819116,  ,  ,1.56584111832,3.3000164069,77.0,0.0,  ,  ,0.0,  ,  
2019-11-23 17:15:00,-6.2,-9.56258316004,768.342755877,  ,  ,1.60000795486,3.3000164069,77.0,0.0,  ,  ,0.0,  ,  
2019-11-23 17:20:00,-6.22041666667,-9.58241104742,768.288178824,  ,  ,1.76584211268,2.90001441819,77.0,0.0,  ,  ,0.0,  ,  
2019-11-23 17:25:00,-6.3,-9.65969982807,768.288178824,  ,  ,1.80000894922,3.60001789844,77.0,0.0,  ,  ,0.0,  ,  
2019-11-23 17:30:00,-6.33708333333,-9.68406938403,768.192696084,  ,  ,1.80000894922,3.3000164069,77.0708333333,0.0,  ,  ,0.0,  ,  
2019-11-23 17:35:00,-6.4,-9.69667334372,768.138166488,  ,  ,1.80000894922,2.90001441819,77.3666666667,0.0,  ,  ,0.0,  ,  
2019-11-23 17:40:00,-6.42708333333,-9.67398065355,768.138166488,  ,  ,1.80000894922,3.40001690408,77.6666666667,0.0,  ,  ,0.0,  ,  
2019-11-23 17:45:00,-6.5,-9.69064027082,768.09035707,  ,  ,1.80000894922,4.10002038433,78.0,0.0,  ,  ,0.0,  ,  
2019-11-23 17:50:00,-6.55708333333,-9.74615912518,768.06316032,  ,  ,1.80000894922,3.60001789844,78.0,0.0,  ,  ,0.0,  ,  
2019-11-23 17:55:00,-6.6,-9.78789982688,768.06316032,  ,  ,1.80000894922,5.30002635048,78.0,0.0,  ,  ,0.0,  ,  
2019-11-23 18:00:00,-6.6,-9.78789982688,767.920007395,  ,  ,1.88292602813,3.60001789844,78.0,0.0,  ,  ,0.0,  ,  
2019-11-23 18:05:00,-6.6,-9.78789982688,767.838141816,  ,  ,1.9000094464,3.80001889279,78.0,0.0,  ,  ,0.0,  ,  
2019-11-23 18:10:00,-6.6,-9.78789982688,767.838141816,  ,  ,2.06584360422,4.10002038433,78.0,0.0,  ,  ,0.0,  ,  
2019-11-23 18:15:00,-6.6,-9.78789982688,767.742631974,  ,  ,2.10001044075,5.00002485894,78.0,0.0,  ,  ,0.0,  ,  
2019-11-23 18:20:00,-6.6,-9.78789982688,767.68812948,  ,  ,2.51459583531,3.90001938997,78.0,0.0,  ,  ,0.0,  ,  
2019-11-23 18:25:00,-6.6,-9.78789982688,767.68812948,  ,  ,2.60001292665,4.60002287023,78.0,0.0,  ,  ,0.0,  ,  
2019-11-23 18:30:00,-6.6,-9.79330836504,767.640377805,  ,  ,2.43417876883,4.30002137869,77.9666666667,0.0,  ,  ,0.0,  ,  
2019-11-23 18:35:00,-6.61,-9.85722803342,767.613123312,  ,  ,2.40001193229,4.60002287023,77.6333333333,0.0,  ,  ,0.0,  ,  
2019-11-23 18:40:00,-6.61333333333,-9.82792804305,767.613123312,  ,  ,2.56584609011,4.50002237305,77.8333333333,0.0,  ,  ,0.0,  ,  
2019-11-23 18:45:00,-6.6,-9.93533988079,767.56540567,  ,  ,2.60001292665,4.50002237305,77.0958333333,0.0,  ,  ,0.0,  ,  
2019-11-23 18:50:00,-6.6,-9.9182755867,767.538117144,  ,  ,2.35126168992,4.30002137869,77.2,0.0,  ,  ,0.0,  ,  
2019-11-23 18:55:00,-6.6,-9.95105714453,767.538117144,  ,  ,2.30001143511,3.60001789844,77.0,0.0,  ,  ,0.0,  ,  
2019-11-23 19:00:00,-6.57625,-9.92799095717,767.538117144,  ,  ,2.13417727729,4.30002137869,77.0,0.0,  ,  ,0.0,  ,  
2019-11-23 19:05:00,-6.5,-9.85393682029,767.538117144,  ,  ,2.10001044075,3.60001789844,77.0,0.0,  ,  ,0.0,  ,  
2019-11-23 19:10:00,-6.5,-9.85393682029,767.538117144,  ,  ,2.26584459858,3.10001541254,77.0,0.0,  ,  ,0.0,  ,  
2019-11-23 19:15:00,-6.5,-9.85393682029,767.490416677,  ,  ,2.30001143511,3.3000164069,77.0,0.0,  ,  ,0.0,  ,  
2019-11-23 19:20:00,-6.56708333333,-9.91908823657,767.463110976,  ,  ,1.96834311947,3.10001541254,77.0,0.0,  ,  ,0.0,  ,  
2019-11-23 19:25:00,-6.6,-9.95105714453,767.463110976,  ,  ,1.9000094464,3.90001938997,77.0,0.0,  ,  ,0.0,  ,  
2019-11-23 19:30:00,-6.59666666667,-9.94781978075,767.36764858,  ,  ,1.81709236749,3.80001889279,77.0,0.0,  ,  ,0.0,  ,  
2019-11-23 19:35:00,-6.56666666667,-9.9186835677,767.31309864,  ,  ,1.80000894922,2.40001193229,77.0,0.0,  ,  ,0.0,  ,  
2019-11-23 19:40:00,-6.53291666667,-9.88590545913,767.31309864,  ,  ,1.46834063358,2.40001193229,77.0,0.0,  ,  ,0.0,  ,  
2019-11-23 19:45:00,-6.5,-9.85393682029,767.265367442,  ,  ,1.4000069605,2.60001292665,77.0,0.0,  ,  ,0.0,  ,  
2019-11-23 19:50:00,-6.46625,-9.82115898594,767.238092472,  ,  ,1.31708988159,2.60001292665,77.0,0.0,  ,  ,0.0,  ,  
2019-11-23 19:55:00,-6.4,-9.83442303169,767.238092472,  ,  ,1.30000646332,2.30001143511,76.5291666667,0.0,  ,  ,0.0,  ,  
2019-11-23 20:00:00,-6.4,-9.83373439971,767.238092472,  ,  ,1.30000646332,2.10001044075,76.5333333333,0.0,  ,  ,0.0,  ,  
2019-11-23 20:05:00,-6.4,-9.82203275236,767.238092472,  ,  ,1.30000646332,1.9000094464,76.6041666667,0.0,  ,  ,0.0,  ,  
2019-11-23 20:10:00,-6.4,-9.90622339492,767.238092472,  ,  ,0.885421068771,2.30001143511,76.0958333333,0.0,  ,  ,0.0,  ,  
2019-11-23 20:15:00,-6.38625,-9.90881697507,767.238092472,  ,  ,0.80000397743,2.60001292665,76.0,0.0,  ,  ,0.0,  ,  
2019-11-23 20:20:00,-6.32,-9.84456967081,767.238092472,  ,  ,1.04875521416,1.60000795486,76.0,0.0,  ,  ,0.0,  ,  
2019-11-23 20:25:00,-6.39041666667,-9.91285770476,767.238092472,  ,  ,1.10000546897,2.10001044075,76.0,0.0,  ,  ,0.0,  ,  
2019-11-23 20:30:00,-6.4,-9.92215139147,767.190337551,  ,  ,0.934171311145,1.9000094464,76.0,0.0,  ,  ,0.0,  ,  
2019-11-23 20:35:00,-6.4,-9.89999555464,767.163086304,  ,  ,0.900004474609,1.9000094464,76.1333333333,0.0,  ,  ,0.0,  ,  
2019-11-23 20:40:00,-6.42708333333,-9.90414922811,767.163086304,  ,  ,0.817087395699,1.80000894922,76.2666666667,0.0,  ,  ,0.0,  ,  
2019-11-23 20:45:00,-6.5,-10.0191296915,767.210735962,  ,  ,0.80000397743,1.4000069605,76.0,0.0,  ,  ,0.0,  ,  
2019-11-23 20:50:00,-6.54041666667,-10.0583254501,767.238092472,  ,  ,0.634169819609,1.60000795486,76.0,0.0,  ,  ,0.0,  ,  
2019-11-23 20:55:00,-6.6,-10.1161092685,767.238092472,  ,  ,0.600002983073,1.9000094464,76.0,0.0,  ,  ,0.0,  ,  
2019-11-23 21:00:00,-6.6,-9.97706294072,767.238092472,  ,  ,0.765837140894,1.30000646332,76.8416666667,0.0,  ,  ,0.0,  ,  
2019-11-23 21:05:00,-6.6,-9.88625005494,767.238092472,  ,  ,0.80000397743,0.80000397743,77.3958333333,0.0,  ,  ,0.0,  ,  
2019-11-23 21:10:00,-6.66041666667,-10.0097345977,767.238092472,  ,  ,0.136667346144,0.80000397743,77.0,0.0,  ,  ,0.0,  ,  
2019-11-23 21:15:00,-6.7,-10.0481786875,767.285810114,  ,  ,0.0,0.0,77.0,0.0,  ,  ,0.0,  ,  
2019-11-23 21:20:00,-6.74708333333,-9.95595485774,767.31309864,  ,  ,0.0,0.0,77.8458333333,0.0,  ,  ,0.0,  ,  
2019-11-23 21:25:00,-6.8,-9.80138791474,767.31309864,  ,  ,0.0,0.0,79.125,0.0,  ,  ,0.0,  ,  
2019-11-23 21:30:00,-6.87375,-9.92994180023,767.265380998,  ,  ,0.0,0.0,78.7708333333,0.0,  ,  ,0.0,  ,  
2019-11-23 21:35:00,-6.92708333333,-9.81712074962,767.238092472,  ,  ,0.0,0.0,79.8041666667,0.0,  ,  ,0.0,  ,  
2019-11-23 21:40:00,-7.05708333333,-9.73366633642,767.238092472,  ,  ,0.0,0.0,81.1416666667,0.0,  ,  ,0.0,  ,  
2019-11-23 21:45:00,-7.11708333333,-9.65326810687,767.28582367,  ,  ,0.0,0.0,82.0375,0.0,  ,  ,0.0,  ,  
2019-11-23 21:50:00,-7.20333333333,-9.68244440939,767.31309864,  ,  ,0.0,0.0,82.3958333333,0.0,  ,  ,0.0,  ,  
2019-11-23 21:55:00,-7.29041666667,-9.83438007997,767.31309864,  ,  ,0.0,0.0,81.9625,0.0,  ,  ,0.0,  ,  
2019-11-23 22:00:00,-7.32375,-9.88627896645,767.31309864,  ,  ,0.0,0.600002983073,81.8375,0.0,  ,  ,0.0,  ,  
2019-11-23 22:05:00,-7.4,-9.97693312753,767.31309864,  ,  ,0.0,0.0,81.7333333333,0.0,  ,  ,0.0,  ,  
2019-11-23 22:10:00,-7.45041666667,-9.98508978735,767.31309864,  ,  ,0.0,0.0,82.0,0.0,  ,  ,0.0,  ,  
2019-11-23 22:15:00,-7.55041666667,-9.99467557144,767.31309864,  ,  ,0.0,0.0,82.575,0.0,  ,  ,0.0,  ,  
2019-11-23 22:20:00,-7.61708333333,-9.71322895695,767.31309864,  ,  ,0.0,0.0,84.8708333333,0.0,  ,  ,0.0,  ,  
2019-11-23 22:25:00,-7.7,-9.7605179707,767.31309864,  ,  ,0.0,0.0,85.1,0.0,  ,  ,0.0,  ,  
2019-11-23 22:30:00,-7.77708333333,-9.97562665063,767.265343719,  ,  ,0.0,0.0,84.1666666667,0.0,  ,  ,0.0,  ,  
2019-11-23 22:35:00,-7.82708333333,-9.86492226763,767.238092472,  ,  ,0.0,0.0,85.2375,0.0,  ,  ,0.0,  ,  
2019-11-23 22:40:00,-7.90041666667,-9.87409148285,767.238092472,  ,  ,0.0,0.0,85.6625,0.0,  ,  ,0.0,  ,  
2019-11-23 22:45:00,-8.03041666667,-9.99572675366,767.19037483,  ,  ,0.0,0.0,85.7041666667,0.0,  ,  ,0.0,  ,  
2019-11-23 22:50:00,-8.1,-10.000444075,767.163086304,  ,  ,0.0,0.0,86.1375,0.0,  ,  ,0.0,  ,  
2019-11-23 22:55:00,-8.15375,-9.97596554185,767.163086304,  ,  ,0.0,0.0,86.6666666667,0.0,  ,  ,0.0,  ,  
2019-11-23 23:00:00,-8.13958333333,-9.98694880411,767.163086304,  ,  ,0.0,0.0,86.4958333333,0.0,  ,  ,0.0,  ,  
2019-11-23 23:05:00,-8.1,-10.0893079726,767.163086304,  ,  ,0.0,0.80000397743,85.5333333333,0.0,  ,  ,0.0,  ,  
2019-11-23 23:10:00,-8.04333333333,-9.96489697622,767.163086304,  ,  ,0.0,0.0,86.0,0.0,  ,  ,0.0,  ,  
2019-11-23 23:15:00,-8.00625,-9.79617833546,767.163086304,  ,  ,0.0,0.0,86.9041666667,0.0,  ,  ,0.0,  ,  
2019-11-23 23:20:00,-8.06333333333,-10.0797423915,767.163086304,  ,  ,0.0,1.10000546897,85.3541666667,0.0,  ,  ,0.0,  ,  
2019-11-23 23:25:00,-7.96291666667,-10.2430957123,767.163086304,  ,  ,0.0,1.60000795486,83.6,0.0,  ,  ,0.0,  ,  
2019-11-23 23:30:00,-7.89333333333,-10.1849468814,767.210817502,  ,  ,0.663336631286,1.4000069605,83.5333333333,0.0,  ,  ,0.0,  ,  
2019-11-23 23:35:00,-7.80291666667,-10.0667711421,767.238092472,  ,  ,0.80000397743,1.4000069605,83.7291666667,0.0,  ,  ,0.0,  ,  
2019-11-23 23:40:00,-7.8,-10.1850344203,767.238092472,  ,  ,0.136667346144,0.900004474609,82.9291666667,0.0,  ,  ,0.0,  ,  
2019-11-23 23:45:00,-7.8,-10.3988784501,767.238092472,  ,  ,0.0,0.900004474609,81.5333333333,0.0,  ,  ,0.0,  ,  
2019-11-23 23:50:00,-7.71625,-10.3589105654,767.238092472,  ,  ,0.0,1.4000069605,81.2625,0.0,  ,  ,0.0,  ,  
  

    

