Time,TemperatureC,DewpointC,PressurehPa,WindDirection,WindDirectionDegrees,WindSpeedKMH,WindSpeedGustKMH,Humidity,HourlyPrecipMM,Conditions,Clouds,dailyrainMM,SoftwareType,DateUTC
                
2019-03-24 00:00:00,-1.1,-2.44846461216,1003.2,  ,  ,0.107500534467,1.60000795486,90.5333333333,0.0,  ,  ,0.0,  ,  
2019-03-24 00:05:00,-1.1,-2.40447454654,1003.2,  ,  ,0.0,2.80001392101,90.8291666667,0.0,  ,  ,0.0,  ,  
2019-03-24 00:10:00,-1.06041666667,-2.33997311987,1003.17178341,  ,  ,0.492502448606,2.60001292665,91.0,0.0,  ,  ,0.0,  ,  
2019-03-24 00:15:00,-0.92375,-2.23388144658,1002.8,  ,  ,0.600002983073,2.40001193229,90.8041666667,0.0,  ,  ,0.0,  ,  
2019-03-24 00:20:00,-0.830416666667,-2.26175622392,1002.8,  ,  ,0.764170465941,2.90001441819,90.0,0.0,  ,  ,0.0,  ,  
2019-03-24 00:25:00,-0.72375,-2.15637506541,1002.77196819,  ,  ,0.80000397743,2.80001392101,90.0,0.0,  ,  ,0.0,  ,  
2019-03-24 00:30:00,-0.60375,-2.10750342376,1002.4,  ,  ,1.04625520173,2.40001193229,89.5375,0.0,  ,  ,0.0,  ,  
2019-03-24 00:35:00,-0.537083333333,-2.12310793757,1002.4,  ,  ,1.10000546897,1.9000094464,89.0,0.0,  ,  ,0.0,  ,  
2019-03-24 00:40:00,-0.42375,-2.01128572408,1002.4,  ,  ,0.689586761796,1.80000894922,89.0,0.0,  ,  ,0.0,  ,  
2019-03-24 00:45:00,-0.4,-1.98785248315,1002.4,  ,  ,0.600002983073,1.80000894922,89.0,0.0,  ,  ,0.0,  ,  
2019-03-24 00:50:00,-0.4,-1.98785248315,1002.4,  ,  ,0.764170465941,2.60001292665,89.0,0.0,  ,  ,0.0,  ,  
2019-03-24 00:55:00,-0.4,-1.98785248315,1002.38588469,  ,  ,0.80000397743,2.60001292665,89.0,0.0,  ,  ,0.0,  ,  
2019-03-24 01:00:00,-0.36,-1.94838604307,1002.2,  ,  ,0.882087718865,2.60001292665,89.0,0.0,  ,  ,0.0,  ,  
2019-03-24 01:05:00,-0.307083333333,-1.8961753685,1002.2,  ,  ,0.900004474609,2.60001292665,89.0,0.0,  ,  ,0.0,  ,  
2019-03-24 01:10:00,-0.326666666667,-1.91549741101,1002.18597897,  ,  ,0.900004474609,2.60001292665,89.0,0.0,  ,  ,0.0,  ,  
2019-03-24 01:15:00,-0.313333333333,-1.90234197549,1002.0,  ,  ,0.900004474609,2.90001441819,89.0,0.0,  ,  ,0.0,  ,  
2019-03-24 01:20:00,-0.3,-1.88918654987,1002.0,  ,  ,1.22833944035,2.30001143511,89.0,0.0,  ,  ,0.0,  ,  
2019-03-24 01:25:00,-0.3,-1.88918654987,1001.985693,  ,  ,1.30000646332,3.10001541254,89.0,0.0,  ,  ,0.0,  ,  
2019-03-24 01:30:00,-0.23375,-1.85367220152,1001.8,  ,  ,1.30000646332,3.10001541254,88.8041666667,0.0,  ,  ,0.0,  ,  
2019-03-24 01:35:00,-0.2,-1.89752363989,1001.8,  ,  ,1.30000646332,3.60001789844,88.3,0.0,  ,  ,0.0,  ,  
2019-03-24 01:40:00,-0.2,-1.89241128845,1001.77852883,  ,  ,1.38209020476,3.90001938997,88.3333333333,0.0,  ,  ,0.0,  ,  
2019-03-24 01:45:00,-0.2,-1.94361183164,1001.5,  ,  ,1.4000069605,3.40001690408,88.0,0.0,  ,  ,0.0,  ,  
2019-03-24 01:50:00,-0.17375,-1.91774586779,1001.5,  ,  ,1.31792321907,3.40001690408,88.0,0.0,  ,  ,0.0,  ,  
2019-03-24 01:55:00,-0.123333333333,-1.8680669121,1001.49289264,  ,  ,1.30000646332,3.3000164069,88.0,0.0,  ,  ,0.0,  ,  
2019-03-24 02:00:00,-0.103333333333,-1.84835960067,1001.4,  ,  ,1.38209020476,3.40001690408,88.0,0.0,  ,  ,0.0,  ,  
2019-03-24 02:05:00,-0.1,-1.84507505113,1001.4,  ,  ,1.4000069605,2.90001441819,88.0,0.0,  ,  ,0.0,  ,  
2019-03-24 02:10:00,-0.1,-1.84507505113,1001.385693,  ,  ,1.31792321907,3.10001541254,88.0,0.0,  ,  ,0.0,  ,  
2019-03-24 02:15:00,-0.07375,-1.8192092472,1001.2,  ,  ,1.30000646332,4.10002038433,88.0,0.0,  ,  ,0.0,  ,  
2019-03-24 02:20:00,0.00958333333333,-1.73709586205,1001.2,  ,  ,1.54625768763,4.10002038433,88.0,0.0,  ,  ,0.0,  ,  
2019-03-24 02:25:00,0.0933333333333,-1.70542606266,1001.17867793,  ,  ,1.60000795486,3.80001889279,87.6708333333,0.0,  ,  ,0.0,  ,  
2019-03-24 02:30:00,0.129583333333,-1.77391784253,1000.9,  ,  ,1.84625917916,4.10002038433,87.0,0.0,  ,  ,0.0,  ,  
2019-03-24 02:35:00,0.202916666667,-1.70175385616,1000.9,  ,  ,1.9000094464,4.10002038433,87.0,0.0,  ,  ,0.0,  ,  
2019-03-24 02:40:00,0.29,-1.64144034941,1000.86421421,  ,  ,2.06417692927,4.50002237305,86.8375,0.0,  ,  ,0.0,  ,  
2019-03-24 02:45:00,0.362916666667,-1.70126145178,1000.4,  ,  ,2.10001044075,4.10002038433,86.0,0.0,  ,  ,0.0,  ,  
2019-03-24 02:50:00,0.4,-1.66481845847,1000.4,  ,  ,1.93584295789,3.60001789844,86.0,0.0,  ,  ,0.0,  ,  
2019-03-24 02:55:00,0.41625,-1.64884908793,1000.36419629,  ,  ,1.9000094464,4.60002287023,86.0,0.0,  ,  ,0.0,  ,  
2019-03-24 03:00:00,0.559583333333,-1.528416286,999.9,  ,  ,2.06417692927,3.90001938997,85.8708333333,0.0,  ,  ,0.0,  ,  
2019-03-24 03:05:00,0.63625,-1.59158997388,999.9,  ,  ,2.10001044075,4.10002038433,85.0,0.0,  ,  ,0.0,  ,  
2019-03-24 03:10:00,0.7,-1.52902636205,999.878677932,  ,  ,2.10001044075,4.30002137869,85.0,0.0,  ,  ,0.0,  ,  
2019-03-24 03:15:00,0.779583333333,-1.46159193181,999.6,  ,  ,2.10001044075,3.90001938997,84.9333333333,0.0,  ,  ,0.0,  ,  
2019-03-24 03:20:00,0.8,-1.56949668987,999.6,  ,  ,2.26417792362,3.80001889279,84.1375,0.0,  ,  ,0.0,  ,  
2019-03-24 03:25:00,0.872916666667,-1.52024848879,999.571385991,  ,  ,2.30001143511,3.60001789844,84.0,0.0,  ,  ,0.0,  ,  
2019-03-24 03:30:00,0.9,-1.49370581541,999.2,  ,  ,1.97167646938,5.10002535612,84.0,0.0,  ,  ,0.0,  ,  
2019-03-24 03:35:00,0.9,-1.49370581541,999.2,  ,  ,1.9000094464,4.10002038433,84.0,0.0,  ,  ,0.0,  ,  
2019-03-24 03:40:00,0.9,-1.49370581541,999.178528827,  ,  ,1.9000094464,3.90001938997,84.0,0.0,  ,  ,0.0,  ,  
2019-03-24 03:45:00,0.9,-1.49370581541,998.9,  ,  ,1.9000094464,3.40001690408,84.0,0.0,  ,  ,0.0,  ,  
2019-03-24 03:50:00,0.9,-1.49370581541,998.9,  ,  ,1.9000094464,3.90001938997,84.0,0.0,  ,  ,0.0,  ,  
2019-03-24 03:55:00,0.9,-1.49370581541,998.849925484,  ,  ,1.9000094464,4.50002237305,84.0,0.0,  ,  ,0.0,  ,  
2019-03-24 04:00:00,0.96625,-1.42877860762,998.2,  ,  ,1.9000094464,4.10002038433,84.0,0.0,  ,  ,0.0,  ,  
2019-03-24 04:05:00,1.08291666667,-1.31444226572,998.2,  ,  ,1.9000094464,4.50002237305,84.0,0.0,  ,  ,0.0,  ,  
2019-03-24 04:10:00,1.1,-1.29770025267,998.178539493,  ,  ,2.06417692927,4.10002038433,84.0,0.0,  ,  ,0.0,  ,  
2019-03-24 04:15:00,1.1,-1.29770025267,997.9,  ,  ,2.10001044075,7.30003629405,84.0,0.0,  ,  ,0.0,  ,  
2019-03-24 04:20:00,1.11958333333,-1.27850821851,997.9,  ,  ,2.34626166506,4.50002237305,84.0,0.0,  ,  ,0.0,  ,  
2019-03-24 04:25:00,1.18333333333,-1.21603224112,997.878677932,  ,  ,2.40001193229,5.50002734483,84.0,0.0,  ,  ,0.0,  ,  
2019-03-24 04:30:00,1.2,-1.19969870748,997.6,  ,  ,2.40001193229,5.50002734483,84.0,0.0,  ,  ,0.0,  ,  
2019-03-24 04:35:00,1.2,-1.19969870748,997.6,  ,  ,2.40001193229,5.00002485894,84.0,0.0,  ,  ,0.0,  ,  
2019-03-24 04:40:00,1.2,-1.19969870748,997.571371371,  ,  ,2.56417941516,5.00002485894,84.0,0.0,  ,  ,0.0,  ,  
2019-03-24 04:45:00,1.24958333333,-1.24809783455,997.2,  ,  ,2.60001292665,7.80003877995,83.4041666667,0.0,  ,  ,0.0,  ,  
2019-03-24 04:50:00,1.3,-1.19941045471,997.2,  ,  ,2.35376170235,5.30002635048,83.4,0.0,  ,  ,0.0,  ,  
2019-03-24 04:55:00,1.3,-1.26489821889,997.178517777,  ,  ,2.30001143511,5.50002734483,83.0,0.0,  ,  ,0.0,  ,  
2019-03-24 05:00:00,1.37958333333,-1.18701414167,996.9,  ,  ,2.71043014228,6.80003380816,83.0,0.0,  ,  ,0.0,  ,  
2019-03-24 05:05:00,1.4,-1.16703349954,996.9,  ,  ,2.80001392101,6.80003380816,83.0,0.0,  ,  ,0.0,  ,  
2019-03-24 05:10:00,1.44958333333,-1.11850923545,996.878677932,  ,  ,3.45668385248,7.30003629405,83.0,0.0,  ,  ,0.0,  ,  
2019-03-24 05:15:00,1.52625,-1.10868356203,996.6,  ,  ,3.60001789844,7.00003480252,82.6041666667,0.0,  ,  ,0.0,  ,  
2019-03-24 05:20:00,1.58,-1.15621101831,996.6,  ,  ,3.35376667413,5.80002883637,82.0,0.0,  ,  ,0.0,  ,  
2019-03-24 05:25:00,1.6,-1.13666582911,996.578539493,  ,  ,3.3000164069,7.00003480252,82.0,0.0,  ,  ,0.0,  ,  
2019-03-24 05:30:00,1.6,-1.13666582911,996.3,  ,  ,2.97168144116,6.50003231662,82.0,0.0,  ,  ,0.0,  ,  
2019-03-24 05:35:00,1.6,-1.13666582911,996.3,  ,  ,2.90001441819,6.00002983073,82.0,0.0,  ,  ,0.0,  ,  
2019-03-24 05:40:00,1.6,-1.13666582911,996.307157058,  ,  ,2.48959571101,3.90001938997,82.0,0.0,  ,  ,0.0,  ,  
2019-03-24 05:45:00,1.6,-1.13112518629,996.4,  ,  ,2.40001193229,4.50002237305,82.0333333333,0.0,  ,  ,0.0,  ,  
2019-03-24 05:50:00,1.6,-1.13666582911,996.4,  ,  ,1.33292329365,3.3000164069,82.0,0.0,  ,  ,0.0,  ,  
2019-03-24 05:55:00,1.6,-1.06548187339,996.392846498,  ,  ,1.10000546897,2.90001441819,82.4291666667,0.0,  ,  ,0.0,  ,  
2019-03-24 06:00:00,1.52375,-1.11181659587,996.3,  ,  ,0.935837986098,4.10002038433,82.6,0.0,  ,  ,0.0,  ,  
2019-03-24 06:05:00,1.5,-1.11305604523,996.3,  ,  ,0.900004474609,4.50002237305,82.7333333333,0.0,  ,  ,0.0,  ,  
2019-03-24 06:10:00,1.49666666667,-1.13280615976,996.278539493,  ,  ,1.63875814752,5.10002535612,82.6333333333,0.0,  ,  ,0.0,  ,  
2019-03-24 06:15:00,1.48041666667,-1.08833459195,996.0,  ,  ,1.80000894922,3.40001690408,83.0,0.0,  ,  ,0.0,  ,  
2019-03-24 06:20:00,1.41,-1.15724707594,996.0,  ,  ,1.88209269065,6.00002983073,83.0,0.0,  ,  ,0.0,  ,  
2019-03-24 06:25:00,1.4,-1.16703349954,995.992892644,  ,  ,1.9000094464,7.1000352997,83.0,0.0,  ,  ,0.0,  ,  
2019-03-24 06:30:00,1.4,-1.16703349954,995.9,  ,  ,2.22834441213,4.50002237305,83.0,0.0,  ,  ,0.0,  ,  
2019-03-24 06:35:00,1.4,-1.16703349954,995.9,  ,  ,2.30001143511,4.80002386458,83.0,0.0,  ,  ,0.0,  ,  
2019-03-24 06:40:00,1.4,-1.16703349954,995.9,  ,  ,1.72542524507,3.60001789844,83.0,0.0,  ,  ,0.0,  ,  
2019-03-24 06:45:00,1.4,-1.16703349954,995.9,  ,  ,1.60000795486,4.80002386458,83.0,0.0,  ,  ,0.0,  ,  
2019-03-24 06:50:00,1.4,-1.16703349954,995.9,  ,  ,1.60000795486,4.50002237305,83.0,0.0,  ,  ,0.0,  ,  
2019-03-24 06:55:00,1.38333333333,-1.07495622789,995.885678518,  ,  ,1.60000795486,2.60001292665,83.6625,0.0,  ,  ,0.0,  ,  
2019-03-24 07:00:00,1.31375,-1.08822295171,995.7,  ,  ,1.35375673056,3.3000164069,84.0,0.0,  ,  ,0.0,  ,  
2019-03-24 07:05:00,1.3,-1.10169798641,995.7,  ,  ,1.30000646332,3.60001789844,84.0,0.0,  ,  ,0.0,  ,  
2019-03-24 07:10:00,1.3,-1.03757241664,995.678668002,  ,  ,1.38209020476,3.3000164069,84.3958333333,0.0,  ,  ,0.0,  ,  
2019-03-24 07:15:00,1.3,-0.940207696465,995.4,  ,  ,1.4000069605,3.40001690408,85.0,0.0,  ,  ,0.0,  ,  
2019-03-24 07:20:00,1.24375,-0.995408269176,995.4,  ,  ,1.31792321907,5.00002485894,85.0,0.0,  ,  ,0.0,  ,  
2019-03-24 07:25:00,1.2,-0.895213565651,995.385685885,  ,  ,1.30000646332,4.60002287023,85.8958333333,0.0,  ,  ,0.0,  ,  
2019-03-24 07:30:00,1.2,-0.837011259219,995.2,  ,  ,2.12084387767,3.80001889279,86.2625,0.0,  ,  ,0.0,  ,  
2019-03-24 07:35:00,1.10375,-0.768902186662,995.2,  ,  ,2.30001143511,3.80001889279,87.2958333333,0.0,  ,  ,0.0,  ,  
2019-03-24 07:40:00,0.974166666667,-0.684070900564,995.192842942,  ,  ,1.97167646938,3.90001938997,88.6625,0.0,  ,  ,0.0,  ,  
2019-03-24 07:45:00,0.867083333333,-0.600642040889,995.1,  ,  ,1.9000094464,4.60002287023,89.8958333333,0.0,  ,  ,0.0,  ,  
2019-03-24 07:50:00,0.750416666667,-0.564434513015,995.1,  ,  ,2.06417692927,5.10002535612,90.8958333333,0.0,  ,  ,0.0,  ,  
2019-03-24 07:55:00,0.637083333333,-0.516748946356,995.078539493,  ,  ,2.10001044075,5.30002635048,91.9625,0.0,  ,  ,0.0,  ,  
2019-03-24 08:00:00,0.53375,-0.515211683015,994.8,  ,  ,2.34626166506,4.50002237305,92.6625,0.0,  ,  ,0.0,  ,  
2019-03-24 08:05:00,0.410416666667,-0.587679221186,994.8,  ,  ,2.40001193229,4.80002386458,93.0,0.0,  ,  ,0.0,  ,  
2019-03-24 08:10:00,0.4,-0.45205845372,994.771385991,  ,  ,1.98959322512,3.40001690408,93.9958333333,0.0,  ,  ,0.0,  ,  
2019-03-24 08:15:00,0.38,-0.471307882523,994.4,  ,  ,1.9000094464,4.30002137869,94.0,0.0,  ,  ,0.0,  ,  
2019-03-24 08:20:00,0.320416666667,-0.414889259149,994.4,  ,  ,1.65375822209,4.30002137869,94.7958333333,0.0,  ,  ,0.0,  ,  
2019-03-24 08:25:00,0.306666666667,-0.399045623305,994.392892644,  ,  ,1.60000795486,4.10002038433,95.0,0.0,  ,  ,0.0,  ,  
2019-03-24 08:30:00,0.3,-0.405672814539,994.3,  ,  ,2.01042666203,5.30002635048,95.0,0.0,  ,  ,0.0,  ,  
2019-03-24 08:35:00,0.3,-0.405672814539,994.3,  ,  ,2.10001044075,5.10002535612,95.0,0.0,  ,  ,0.0,  ,  
2019-03-24 08:40:00,0.3,-0.405672814539,994.285692996,  ,  ,2.34626166506,5.00002485894,95.0,0.0,  ,  ,0.0,  ,  
2019-03-24 08:45:00,0.309583333333,-0.396146227486,994.1,  ,  ,2.40001193229,5.10002535612,95.0,0.0,  ,  ,0.0,  ,  
2019-03-24 08:50:00,0.396666666667,-0.309578649391,994.1,  ,  ,2.56417941516,5.30002635048,95.0,0.0,  ,  ,0.0,  ,  
2019-03-24 08:55:00,0.4,-0.306265061617,994.107160741,  ,  ,2.60001292665,4.60002287023,95.0,0.0,  ,  ,0.0,  ,  
2019-03-24 09:00:00,0.4,-0.306265061617,994.2,  ,  ,2.43584544378,6.6000328138,95.0,0.0,  ,  ,0.0,  ,  
2019-03-24 09:05:00,0.472916666667,-0.233780397925,994.2,  ,  ,2.40001193229,3.80001889279,95.0,0.0,  ,  ,0.0,  ,  
2019-03-24 09:10:00,0.549583333333,-0.157568093551,994.2,  ,  ,2.72834689803,5.10002535612,95.0,0.0,  ,  ,0.0,  ,  
2019-03-24 09:15:00,0.6,-0.107450298826,994.2,  ,  ,2.80001392101,4.50002237305,95.0,0.0,  ,  ,0.0,  ,  
2019-03-24 09:20:00,0.6,-0.107450298826,994.2,  ,  ,2.22542773097,5.00002485894,95.0,0.0,  ,  ,0.0,  ,  
2019-03-24 09:25:00,0.6,-0.107450298826,994.192846498,  ,  ,2.10001044075,5.30002635048,95.0,0.0,  ,  ,0.0,  ,  
2019-03-24 09:30:00,0.622916666667,-0.0846695038538,994.1,  ,  ,2.10001044075,5.10002535612,95.0,0.0,  ,  ,0.0,  ,  
2019-03-24 09:35:00,0.69,-0.0179839787958,994.1,  ,  ,2.10001044075,5.10002535612,95.0,0.0,  ,  ,0.0,  ,  
2019-03-24 09:40:00,0.7,0.00643715336748,994.071570577,  ,  ,2.10001044075,5.30002635048,95.1,0.0,  ,  ,0.0,  ,  
2019-03-24 09:45:00,0.709583333333,0.0683479983136,993.7,  ,  ,2.10001044075,5.60002784201,95.4625,0.0,  ,  ,0.0,  ,  
2019-03-24 09:50:00,0.763333333333,0.0935194219595,993.7,  ,  ,2.51042914793,6.30003132226,95.2666666667,0.0,  ,  ,0.0,  ,  
2019-03-24 09:55:00,0.803333333333,0.186238976494,993.685692996,  ,  ,2.60001292665,4.50002237305,95.6333333333,0.0,  ,  ,0.254,  ,  
2019-03-24 10:00:00,0.859583333333,0.294987876243,993.5,  ,  ,2.18959421948,4.60002287023,96.0,0.0,  ,  ,0.254,  ,  
2019-03-24 10:05:00,0.903333333333,0.338531017433,993.5,  ,  ,2.10001044075,5.00002485894,96.0,0.0,  ,  ,0.254,  ,  
2019-03-24 10:10:00,0.952916666667,0.268154124888,993.485692996,  ,  ,2.26417792362,5.50002734483,95.1708333333,0.265288888348,  ,  ,0.508,  ,  
2019-03-24 10:15:00,1.04625,0.336151569217,993.3,  ,  ,2.30001143511,4.80002386458,95.0,1.01599999793,  ,  ,0.508,  ,  
2019-03-24 10:20:00,1.1,0.389582273725,993.3,  ,  ,2.30001143511,5.10002535612,95.0,1.01599999793,  ,  ,0.508,  ,  
2019-03-24 10:25:00,1.1,0.389582273725,993.3,  ,  ,2.30001143511,5.00002485894,95.0,1.01599999793,  ,  ,0.508,  ,  
2019-03-24 10:30:00,1.1,0.389582273725,993.3,  ,  ,2.30001143511,4.10002038433,95.0,0.141111110823,  ,  ,0.508,  ,  
2019-03-24 10:35:00,1.09041666667,0.380055874287,993.3,  ,  ,2.30001143511,4.50002237305,95.0,0.0,  ,  ,0.508,  ,  
2019-03-24 10:40:00,1.09291666667,0.382541022185,993.292846498,  ,  ,1.97167646938,5.00002485894,95.0,0.0,  ,  ,0.508,  ,  
2019-03-24 10:45:00,1.09333333333,0.527032169044,993.2,  ,  ,1.9000094464,4.10002038433,95.9958333333,0.0,  ,  ,0.508,  ,  
2019-03-24 10:50:00,1.1,0.534267337646,993.2,  ,  ,1.07917203205,3.80001889279,96.0,0.0,  ,  ,0.508,  ,  
2019-03-24 10:55:00,1.10958333333,0.543805316784,993.192842942,  ,  ,0.900004474609,3.80001889279,96.0,0.0,  ,  ,0.508,  ,  
2019-03-24 11:00:00,1.17,0.474309198351,993.1,  ,  ,1.31042318178,3.40001690408,95.1041666667,0.0,  ,  ,0.508,  ,  
2019-03-24 11:05:00,1.2,0.488988045197,993.1,  ,  ,1.4000069605,3.80001889279,95.0,0.0,  ,  ,0.508,  ,  
2019-03-24 11:10:00,1.2,0.556730979308,993.1,  ,  ,0.989588253332,1.9000094464,95.4666666667,0.0,  ,  ,0.508,  ,  
2019-03-24 11:15:00,1.20291666667,0.491887376481,993.1,  ,  ,0.900004474609,3.3000164069,95.0,0.0,  ,  ,0.508,  ,  
2019-03-24 11:20:00,1.26708333333,0.632509034444,993.1,  ,  ,0.900004474609,4.10002038433,95.5291666667,0.0,  ,  ,0.508,  ,  
2019-03-24 11:25:00,1.30958333333,0.742858380579,993.085685686,  ,  ,0.900004474609,2.40001193229,96.0,0.0,  ,  ,0.508,  ,  
2019-03-24 11:30:00,1.38291666667,0.815844306057,992.9,  ,  ,0.900004474609,2.80001392101,96.0,0.0,  ,  ,0.508,  ,  
2019-03-24 11:35:00,1.40333333333,0.83616423232,992.9,  ,  ,0.900004474609,2.90001441819,96.0,0.0,  ,  ,0.508,  ,  
2019-03-24 11:40:00,1.5225,0.897453181377,992.8857,  ,  ,0.653753250306,3.80001889279,95.6041666667,0.0,  ,  ,0.508,  ,  
2019-03-24 11:45:00,1.60627615063,0.892847439839,992.7,  ,  ,0.600002983073,5.60002784201,95.0,0.0,  ,  ,0.508,  ,  
2019-03-24 11:50:00,1.69666666667,0.982699706978,992.7,  ,  ,1.01042169024,3.90001938997,95.0,0.0,  ,  ,0.508,  ,  
2019-03-24 11:55:00,1.74958333333,1.03530117657,992.685692996,  ,  ,1.10000546897,2.30001143511,95.0,0.0,  ,  ,0.508,  ,  
2019-03-24 12:00:00,1.80333333333,1.08873094476,992.5,  ,  ,0.935837986098,3.40001690408,95.0,0.0,  ,  ,0.508,  ,  
2019-03-24 12:05:00,1.86291666667,1.14795920883,992.5,  ,  ,0.900004474609,3.10001541254,95.0,0.0,  ,  ,0.508,  ,  
2019-03-24 12:10:00,1.90333333333,1.18813497426,992.485692996,  ,  ,0.900004474609,3.40001690408,95.0,0.0,  ,  ,0.508,  ,  
2019-03-24 12:15:00,1.9725,1.2568892831,992.3,  ,  ,0.900004474609,3.10001541254,95.0,0.0,  ,  ,0.508,  ,  
2019-03-24 12:20:00,2.07333333333,1.34307151043,992.3,  ,  ,0.817920733175,2.80001392101,94.9041666667,0.0,  ,  ,0.508,  ,  
2019-03-24 12:25:00,2.1,1.35367503302,992.292892644,  ,  ,0.80000397743,2.60001292665,94.7958333333,0.0,  ,  ,0.508,  ,  
2019-03-24 12:30:00,2.1,1.33530782191,992.2,  ,  ,0.635836494562,2.30001143511,94.6708333333,0.0,  ,  ,0.508,  ,  
2019-03-24 12:35:00,2.10333333333,1.23967887831,992.2,  ,  ,0.600002983073,1.80000894922,94.0,0.0,  ,  ,0.508,  ,  
2019-03-24 12:40:00,2.1,1.23636951165,992.2,  ,  ,0.600002983073,2.80001392101,94.0,0.0,  ,  ,0.508,  ,  
2019-03-24 12:45:00,2.1,1.23636951165,992.2,  ,  ,0.600002983073,3.40001690408,94.0,0.0,  ,  ,0.508,  ,  
2019-03-24 12:50:00,2.1,1.26039305475,992.2,  ,  ,0.764170465941,4.10002038433,94.1625,0.0,  ,  ,0.508,  ,  
2019-03-24 12:55:00,2.1,1.27146849097,992.192842942,  ,  ,0.80000397743,3.40001690408,94.2375,0.0,  ,  ,0.508,  ,  
2019-03-24 13:00:00,2.1,1.37813138959,992.1,  ,  ,1.04625520173,1.9000094464,94.9625,0.0,  ,  ,0.508,  ,  
2019-03-24 13:05:00,2.11666666667,1.40019607609,992.1,  ,  ,1.10000546897,1.80000894922,95.0,0.0,  ,  ,0.508,  ,  
2019-03-24 13:10:00,2.18625,1.4693641995,992.092892644,  ,  ,0.19708431319,2.40001193229,95.0,0.0,  ,  ,0.508,  ,  
2019-03-24 13:15:00,2.20333333333,1.48634557673,992.0,  ,  ,0.0,2.60001292665,95.0,0.0,  ,  ,0.508,  ,  
2019-03-24 13:20:00,2.27291666667,1.45796826108,992.0,  ,  ,0.656669931474,3.80001889279,94.3375,0.0,  ,  ,0.508,  ,  
2019-03-24 13:25:00,2.3,1.49409821778,991.992846498,  ,  ,0.80000397743,2.40001193229,94.4,0.0,  ,  ,0.508,  ,  
2019-03-24 13:30:00,2.30958333333,1.5478511084,991.9,  ,  ,0.882087718865,2.10001044075,94.7,0.0,  ,  ,0.508,  ,  
2019-03-24 13:35:00,2.39,1.6228460251,991.9,  ,  ,0.900004474609,2.10001044075,94.6666666667,0.0,  ,  ,0.508,  ,  
2019-03-24 13:40:00,2.4725,1.61051717062,991.9,  ,  ,0.653753250306,1.4000069605,94.0291666667,0.0,  ,  ,0.508,  ,  
2019-03-24 13:45:00,2.61291666667,1.77590070901,991.9,  ,  ,0.600002983073,2.30001143511,94.2041666667,0.0,  ,  ,0.508,  ,  
2019-03-24 13:50:00,2.72958333333,1.98917886866,991.9,  ,  ,0.107500534467,1.9000094464,94.8625,0.0,  ,  ,0.508,  ,  
2019-03-24 13:55:00,2.84625,2.10574320882,991.885692995,  ,  ,0.0,0.0,94.8666666667,0.0,  ,  ,0.508,  ,  
2019-03-24 14:00:00,2.93625,2.1606709475,991.7,  ,  ,0.0,1.10000546897,94.6333333333,0.0,  ,  ,0.508,  ,  
2019-03-24 14:05:00,3.08625,2.36398301375,991.7,  ,  ,0.0,1.30000646332,95.0,0.0,  ,  ,0.508,  ,  
2019-03-24 14:10:00,3.19291666667,2.47001058058,991.685692996,  ,  ,0.0,2.40001193229,95.0,0.0,  ,  ,0.508,  ,  
2019-03-24 14:15:00,3.29958333333,2.45778556491,991.5,  ,  ,0.0,1.9000094464,94.2041666667,0.0,  ,  ,0.508,  ,  
2019-03-24 14:20:00,3.30333333333,2.3917546731,991.5,  ,  ,0.0,1.4000069605,93.7375,0.0,  ,  ,0.508,  ,  
2019-03-24 14:25:00,3.25,2.37247908501,991.5,  ,  ,0.0,2.60001292665,93.9625,0.0,  ,  ,0.508,  ,  
2019-03-24 14:30:00,3.3,2.42772009756,991.5,  ,  ,0.0,1.60000795486,94.0,0.0,  ,  ,0.508,  ,  
2019-03-24 14:35:00,3.44208333333,2.67811059762,991.5,  ,  ,0.0,1.30000646332,94.7333333333,0.0,  ,  ,0.508,  ,  
2019-03-24 14:40:00,3.64958333333,2.71534492916,991.485884692,  ,  ,0.0,2.60001292665,93.6041666667,0.0,  ,  ,0.508,  ,  
2019-03-24 14:45:00,3.80916666667,2.7824355337,991.3,  ,  ,0.0,2.30001143511,93.0,0.0,  ,  ,0.508,  ,  
2019-03-24 14:50:00,4.0025,2.88283317007,991.3,  ,  ,0.492502448606,2.90001441819,92.4,0.0,  ,  ,0.508,  ,  
2019-03-24 14:55:00,4.15291666667,3.00701259893,991.292896175,  ,  ,0.600002983073,1.9000094464,92.2375,0.0,  ,  ,0.508,  ,  
2019-03-24 15:00:00,4.02791666667,2.72895164619,991.2,  ,  ,0.600002983073,2.80001392101,91.2333333333,0.0,  ,  ,0.508,  ,  
2019-03-24 15:05:00,3.82041666667,2.6413696255,991.2,  ,  ,0.600002983073,1.80000894922,92.0,0.0,  ,  ,0.508,  ,  
2019-03-24 15:10:00,3.64125,2.46394734726,991.192992048,  ,  ,0.107500534467,2.60001292665,92.0,0.0,  ,  ,0.508,  ,  
2019-03-24 15:15:00,3.48041666667,2.30467881225,991.1,  ,  ,0.0,2.40001193229,92.0,0.0,  ,  ,0.508,  ,  
2019-03-24 15:20:00,3.40666666667,2.29250060643,991.1,  ,  ,0.492502448606,1.9000094464,92.4,0.0,  ,  ,0.508,  ,  
2019-03-24 15:25:00,3.4,2.35596536189,991.092992048,  ,  ,0.600002983073,1.4000069605,92.8625,0.0,  ,  ,0.508,  ,  
2019-03-24 15:30:00,3.4,2.44139795557,991.0,  ,  ,0.107500534467,1.60000795486,93.4291666667,0.0,  ,  ,0.508,  ,  
2019-03-24 15:35:00,3.41625,2.41862346848,991.0,  ,  ,0.0,1.4000069605,93.1708333333,0.0,  ,  ,0.762,  ,  
2019-03-24 15:40:00,3.45333333333,2.55436475409,990.992995529,  ,  ,0.0,1.9000094464,93.8291666667,0.0,  ,  ,0.762,  ,  
2019-03-24 15:45:00,3.39708333333,2.38956365313,990.9,  ,  ,0.0,1.60000795486,93.1041666667,0.0,  ,  ,0.762,  ,  
2019-03-24 15:50:00,3.29416666667,2.39638216616,990.9,  ,  ,0.0,0.600002983073,93.8291666667,0.970844442464,  ,  ,1.016,  ,  
2019-03-24 15:55:00,3.21,2.30349119737,990.9,  ,  ,0.0,1.4000069605,93.7666666667,1.01599999793,  ,  ,1.016,  ,  
2019-03-24 16:00:00,3.17375,2.30238210923,990.9,  ,  ,0.0,3.90001938997,94.0,1.01599999793,  ,  ,1.016,  ,  
2019-03-24 16:05:00,2.85166666667,1.93292019571,990.9,  ,  ,0.0,6.00002983073,93.6666666667,0.478804596724,  ,  ,1.524,  ,  
2019-03-24 16:10:00,2.41875,1.55282619931,990.914007003,  ,  ,1.14917238008,4.60002287023,94.0,0.0,  ,  ,1.524,  ,  
2019-03-24 16:15:00,2.12416666667,1.32374266907,991.1,  ,  ,1.4000069605,5.50002734483,94.4291666667,0.0,  ,  ,1.524,  ,  
2019-03-24 16:20:00,2.00333333333,1.28753875609,991.1,  ,  ,1.72834192624,4.50002237305,95.0,0.0,  ,  ,1.524,  ,  
2019-03-24 16:25:00,1.91708333333,1.20180300895,991.107007007,  ,  ,1.80000894922,3.3000164069,95.0,0.0,  ,  ,1.524,  ,  
2019-03-24 16:30:00,1.89,1.17488111797,991.2,  ,  ,1.22542275918,4.60002287023,95.0,0.0,  ,  ,1.524,  ,  
2019-03-24 16:35:00,1.89666666667,1.18150804667,991.2,  ,  ,1.10000546897,4.60002287023,95.0,0.0,  ,  ,1.524,  ,  
2019-03-24 16:40:00,1.89708333333,1.18192222967,991.207010516,  ,  ,1.34625669327,3.3000164069,95.0,0.0,  ,  ,1.524,  ,  
2019-03-24 16:45:00,1.83666666667,1.12186564878,991.3,  ,  ,1.4000069605,3.3000164069,95.0,0.0,  ,  ,1.524,  ,  
2019-03-24 16:50:00,1.8,1.08541747285,991.3,  ,  ,0.907504511898,3.3000164069,95.0,0.0,  ,  ,1.524,  ,  
2019-03-24 16:55:00,1.74041666667,1.02618911594,991.292942943,  ,  ,0.80000397743,2.60001292665,95.0,0.0,  ,  ,1.524,  ,  
2019-03-24 17:00:00,1.76291666667,0.941614958784,991.2,  ,  ,0.80000397743,2.90001441819,94.2708333333,0.0,  ,  ,1.524,  ,  
2019-03-24 17:05:00,1.78,1.05030181227,991.2,  ,  ,0.80000397743,0.80000397743,94.8958333333,0.0,  ,  ,1.524,  ,  
2019-03-24 17:10:00,1.75375,0.995536277231,991.185992996,  ,  ,0.143334045956,0.80000397743,94.7,0.0,  ,  ,1.524,  ,  
2019-03-24 17:15:00,1.78958333333,1.07506287134,991.0,  ,  ,0.0,0.600002983073,95.0,0.0,  ,  ,1.524,  ,  
2019-03-24 17:20:00,1.83625,1.12145146515,991.0,  ,  ,0.0,0.0,95.0,0.0,  ,  ,1.524,  ,  
2019-03-24 17:25:00,1.91958333333,1.17071298969,990.992992048,  ,  ,0.0,0.0,94.7708333333,0.0,  ,  ,1.524,  ,  
2019-03-24 17:30:00,2.06291666667,1.19955278522,990.9,  ,  ,0.0,1.80000894922,94.0,0.0,  ,  ,1.524,  ,  
2019-03-24 17:35:00,2.14625,1.28228694444,990.9,  ,  ,0.0,0.600002983073,94.0,0.0,  ,  ,1.524,  ,  
2019-03-24 17:40:00,2.19333333333,1.32903165285,990.914008942,  ,  ,0.0,1.60000795486,94.0,0.0,  ,  ,1.524,  ,  
2019-03-24 17:45:00,2.17375,1.30958917154,991.1,  ,  ,0.0,0.900004474609,94.0,0.0,  ,  ,1.524,  ,  
2019-03-24 17:50:00,2.11666666667,1.25291634163,991.1,  ,  ,0.0,0.0,94.0,0.0,  ,  ,1.524,  ,  
2019-03-24 17:55:00,2.10333333333,1.23967887831,991.107007952,  ,  ,0.0,0.0,94.0,0.0,  ,  ,1.524,  ,  
2019-03-24 18:00:00,2.19625,1.33192734057,991.2,  ,  ,0.0,0.0,94.0,0.0,  ,  ,1.524,  ,  
2019-03-24 18:05:00,2.22666666667,1.36212521175,991.2,  ,  ,0.0,0.0,94.0,0.0,  ,  ,1.524,  ,  
2019-03-24 18:10:00,2.2,1.3498343129,991.214015905,  ,  ,0.0,0.600002983073,94.0958333333,0.0,  ,  ,1.524,  ,  
2019-03-24 18:15:00,2.13708333333,1.42049092712,991.4,  ,  ,0.0,0.0,95.0,0.0,  ,  ,1.524,  ,  
2019-03-24 18:20:00,2.1,1.3836288431,991.4,  ,  ,0.0,0.900004474609,95.0,0.0,  ,  ,1.524,  ,  
2019-03-24 18:25:00,2.1,1.3836288431,991.407004471,  ,  ,0.0,1.30000646332,95.0,0.0,  ,  ,1.524,  ,  
2019-03-24 18:30:00,2.03708333333,1.32108747656,991.5,  ,  ,0.0,1.30000646332,95.0,0.0,  ,  ,1.524,  ,  
2019-03-24 18:35:00,2.0,1.28422530068,991.5,  ,  ,0.0,1.80000894922,95.0,0.0,  ,  ,1.524,  ,  
2019-03-24 18:40:00,1.90375,1.1885491572,991.5,  ,  ,0.0,0.0,95.0,0.0,  ,  ,1.524,  ,  
2019-03-24 18:45:00,1.9,1.1848215106,991.5,  ,  ,0.0,0.0,95.0,0.0,  ,  ,1.524,  ,  
2019-03-24 18:50:00,1.89666666667,1.18150804667,991.5,  ,  ,0.0,0.0,95.0,0.0,  ,  ,1.524,  ,  
2019-03-24 18:55:00,1.81041666667,1.09577207167,991.5,  ,  ,0.0,0.0,95.0,0.0,  ,  ,1.524,  ,  
2019-03-24 19:00:00,1.8,1.08541747285,991.5,  ,  ,0.0,0.0,95.0,0.0,  ,  ,1.524,  ,  
2019-03-24 19:05:00,1.72375,1.00962172764,991.5,  ,  ,0.0,0.0,95.0,0.0,  ,  ,1.524,  ,  
2019-03-24 19:10:00,1.7,0.986013187424,991.5,  ,  ,0.0,0.0,95.0,0.0,  ,  ,1.524,  ,  
2019-03-24 19:15:00,1.7,0.986013187424,991.5,  ,  ,0.0,0.0,95.0,0.0,  ,  ,1.524,  ,  
2019-03-24 19:20:00,1.69375,0.979800411361,991.5,  ,  ,0.0,0.0,95.0,0.0,  ,  ,1.524,  ,  
2019-03-24 19:25:00,1.6,0.886608654327,991.507007952,  ,  ,0.0,0.0,95.0,0.0,  ,  ,1.524,  ,  
2019-03-24 19:30:00,1.6,0.891473380761,991.6,  ,  ,0.0,0.900004474609,95.0333333333,0.0,  ,  ,1.524,  ,  
2019-03-24 19:35:00,1.6,0.886608654327,991.6,  ,  ,0.0,1.60000795486,95.0,0.0,  ,  ,1.524,  ,  
2019-03-24 19:40:00,1.6,0.886608654327,991.6,  ,  ,0.0,0.80000397743,95.0,0.0,  ,  ,1.524,  ,  
2019-03-24 19:45:00,1.6,0.886608654327,991.6,  ,  ,0.0,0.0,95.0,0.0,  ,  ,1.524,  ,  
2019-03-24 19:50:00,1.6,0.886608654327,991.6,  ,  ,0.0,0.0,95.0,0.0,  ,  ,1.524,  ,  
2019-03-24 19:55:00,1.6,0.886608654327,991.6,  ,  ,0.0,0.900004474609,95.0,0.0,  ,  ,1.524,  ,  
2019-03-24 20:00:00,1.6,0.886608654327,991.6,  ,  ,0.0,0.80000397743,95.0,0.0,  ,  ,1.524,  ,  
2019-03-24 20:05:00,1.54041666667,0.827380002273,991.6,  ,  ,0.0,0.0,95.0,0.0,  ,  ,1.524,  ,  
2019-03-24 20:10:00,1.44375,0.731288575532,991.6,  ,  ,0.0,0.0,95.0,0.0,  ,  ,1.524,  ,  
2019-03-24 20:15:00,1.39041666667,0.619879929592,991.6,  ,  ,0.0,0.0,94.6,0.0,  ,  ,1.524,  ,  
2019-03-24 20:20:00,1.27041666667,0.558986127334,991.6,  ,  ,0.0,0.0,95.0,0.0,  ,  ,1.524,  ,  
2019-03-24 20:25:00,1.17708333333,0.466207577777,991.6,  ,  ,0.0,0.0,95.0,0.0,  ,  ,1.524,  ,  
2019-03-24 20:30:00,1.1,0.447013694291,991.6,  ,  ,0.0,0.0,95.3958333333,0.0,  ,  ,1.524,  ,  
2019-03-24 20:35:00,1.04708333333,0.481601072357,991.6,  ,  ,0.0,0.0,96.0,0.0,  ,  ,1.524,  ,  
2019-03-24 20:40:00,0.98375,0.418567359316,991.607007952,  ,  ,0.0,0.0,96.0,0.0,  ,  ,1.524,  ,  
2019-03-24 20:45:00,0.919583333333,0.354704174534,991.7,  ,  ,0.0,0.0,96.0,0.0,  ,  ,1.524,  ,  
2019-03-24 20:50:00,0.90375,0.338945713834,991.7,  ,  ,0.0,0.0,96.0,0.0,  ,  ,1.524,  ,  
2019-03-24 20:55:00,0.9,0.335213446101,991.707057654,  ,  ,0.0,0.900004474609,96.0,0.0,  ,  ,1.524,  ,  
2019-03-24 21:00:00,0.9,0.335213446101,991.8,  ,  ,0.0,1.30000646332,96.0,0.0,  ,  ,1.524,  ,  
2019-03-24 21:05:00,0.890416666667,0.3256754273,991.8,  ,  ,0.0,0.80000397743,96.0,0.0,  ,  ,1.524,  ,  
2019-03-24 21:10:00,0.8,0.135403213296,991.792992048,  ,  ,0.0,0.0,95.3041666667,0.0,  ,  ,1.524,  ,  
2019-03-24 21:15:00,0.740416666667,0.0321336405869,991.7,  ,  ,0.0,0.0,95.0,0.0,  ,  ,1.524,  ,  
2019-03-24 21:20:00,0.660416666667,-0.0473918674119,991.7,  ,  ,0.0,0.0,95.0,0.0,  ,  ,1.524,  ,  
2019-03-24 21:25:00,0.567083333333,-0.140171827091,991.7,  ,  ,0.0,0.0,95.0,0.0,  ,  ,1.524,  ,  
2019-03-24 21:30:00,0.420416666667,-0.285969342509,991.7,  ,  ,0.0,0.0,95.0,0.0,  ,  ,1.524,  ,  
2019-03-24 21:35:00,0.347083333333,-0.287412671142,991.7,  ,  ,0.0,0.600002983073,95.4958333333,0.0,  ,  ,1.524,  ,  
2019-03-24 21:40:00,0.27375,-0.321487607496,991.685984095,  ,  ,0.0,0.0,95.7666666667,0.0,  ,  ,1.524,  ,  
2019-03-24 21:45:00,0.2,-0.361481394839,991.5,  ,  ,0.0,0.0,96.0,0.0,  ,  ,1.524,  ,  
2019-03-24 21:50:00,0.130416666667,-0.430736708375,991.5,  ,  ,0.0,0.0,96.0,0.0,  ,  ,1.524,  ,  
2019-03-24 21:55:00,0.0470833333333,-0.513677329454,991.5,  ,  ,0.0,0.0,96.0,0.0,  ,  ,1.524,  ,  
2019-03-24 22:00:00,-0.0829166666667,-0.643064972177,991.5,  ,  ,0.0,1.4000069605,96.0,0.0,  ,  ,1.524,  ,  
2019-03-24 22:05:00,-0.1,-0.660067860294,991.5,  ,  ,0.0,0.80000397743,96.0,0.0,  ,  ,1.524,  ,  
2019-03-24 22:10:00,-0.0604166666667,-0.611165541318,991.5,  ,  ,0.0,0.80000397743,96.0666666667,0.0,  ,  ,1.524,  ,  
2019-03-24 22:15:00,0.00666666666667,-0.553903580062,991.5,  ,  ,0.0,2.10001044075,96.0,0.0,  ,  ,1.524,  ,  
2019-03-24 22:20:00,0.0995833333333,-0.461424722191,991.5,  ,  ,0.0,2.80001392101,96.0,0.0,  ,  ,1.524,  ,  
2019-03-24 22:25:00,0.0504166666667,-0.629183987662,991.507046477,  ,  ,0.0,1.60000795486,95.1708333333,0.0,  ,  ,1.524,  ,  
2019-03-24 22:30:00,-0.01625,-0.720051463412,991.6,  ,  ,0.492502448606,2.60001292665,95.0,0.0,  ,  ,1.524,  ,  
2019-03-24 22:35:00,-0.1,-0.803306303089,991.6,  ,  ,0.600002983073,2.60001292665,95.0,0.0,  ,  ,1.524,  ,  
2019-03-24 22:40:00,-0.18625,-0.889046543448,991.607007952,  ,  ,0.600002983073,2.80001392101,95.0,0.0,  ,  ,1.524,  ,  
2019-03-24 22:45:00,-0.239583333333,-0.942064755285,991.7,  ,  ,0.600002983073,2.90001441819,95.0,0.0,  ,  ,1.524,  ,  
2019-03-24 22:50:00,-0.3,-1.00212453349,991.7,  ,  ,0.600002983073,2.40001193229,95.0,0.0,  ,  ,1.524,  ,  
2019-03-24 22:55:00,-0.3,-1.00212453349,991.707057654,  ,  ,0.600002983073,3.40001690408,95.0,0.0,  ,  ,1.524,  ,  
2019-03-24 23:00:00,-0.277083333333,-1.11826885443,991.8,  ,  ,0.764170465941,2.60001292665,94.0375,0.0,  ,  ,1.524,  ,  
2019-03-24 23:05:00,-0.203333333333,-1.05048207281,991.8,  ,  ,0.80000397743,2.40001193229,94.0,0.0,  ,  ,1.524,  ,  
2019-03-24 23:10:00,-0.2,-1.04717247718,991.8,  ,  ,0.635836494562,1.9000094464,94.0,0.0,  ,  ,1.524,  ,  
2019-03-24 23:15:00,-0.15375,-1.0200172417,991.8,  ,  ,0.600002983073,1.60000795486,93.8708333333,0.0,  ,  ,1.524,  ,  
2019-03-24 23:20:00,-0.07375,-1.06779948999,991.8,  ,  ,0.107500534467,0.80000397743,93.0,0.0,  ,  ,1.524,  ,  
2019-03-24 23:25:00,0.07625,-0.919052232191,991.792988563,  ,  ,0.0,2.60001292665,93.0,0.0,  ,  ,1.524,  ,  
2019-03-24 23:30:00,0.18625,-0.853517384428,991.7,  ,  ,0.0,2.40001193229,92.7041666667,0.0,  ,  ,1.524,  ,  
2019-03-24 23:35:00,0.203333333333,-0.940746265286,991.7,  ,  ,0.0,3.10001541254,92.0,0.0,  ,  ,1.524,  ,  
2019-03-24 23:40:00,0.259583333333,-0.885036041428,991.692992048,  ,  ,0.0,1.9000094464,92.0,0.0,  ,  ,1.524,  ,  
2019-03-24 23:45:00,0.217083333333,-0.927128198865,991.6,  ,  ,0.0,2.40001193229,92.0,0.0,  ,  ,1.524,  ,  
2019-03-24 23:50:00,0.2,-0.944047615861,991.6,  ,  ,0.492502448606,1.10000546897,92.0,0.0,  ,  ,1.524,  ,  
  

    

