Time,TemperatureC,DewpointC,PressurehPa,WindDirection,WindDirectionDegrees,WindSpeedKMH,WindSpeedGustKMH,Humidity,HourlyPrecipMM,Conditions,Clouds,dailyrainMM,SoftwareType,DateUTC
                
2019-09-24 00:00:00,4.4,1.59858310318,751.56180336,  ,  ,1.08417205691,2.10001044075,81.9958333333,0.0,  ,  ,0.0,  ,  
2019-09-24 00:05:00,4.4,1.5992919395,751.56180336,  ,  ,1.10000546897,3.10001541254,82.0,0.0,  ,  ,0.0,  ,  
2019-09-24 00:10:00,4.38041666667,1.58015906288,751.56180336,  ,  ,0.82375409551,3.80001889279,82.0,0.0,  ,  ,0.0,  ,  
2019-09-24 00:15:00,4.32625,1.52723815383,751.56180336,  ,  ,0.80000397743,2.60001292665,82.0,0.0,  ,  ,0.0,  ,  
2019-09-24 00:20:00,4.38666666667,1.61458961421,751.56180336,  ,  ,0.80000397743,2.10001044075,82.1666666667,0.0,  ,  ,0.0,  ,  
2019-09-24 00:25:00,4.4,1.61062899541,751.56180336,  ,  ,0.80000397743,3.10001541254,82.0666666667,0.0,  ,  ,0.0,  ,  
2019-09-24 00:30:00,4.4,1.62195791838,751.56180336,  ,  ,0.80000397743,2.80001392101,82.1333333333,0.0,  ,  ,0.0,  ,  
2019-09-24 00:35:00,4.4,1.52611409902,751.56180336,  ,  ,0.80000397743,3.80001889279,81.5708333333,0.0,  ,  ,0.0,  ,  
2019-09-24 00:40:00,4.43,1.54828155248,751.56180336,  ,  ,0.892087768583,4.10002038433,81.5291666667,0.0,  ,  ,0.0,  ,  
2019-09-24 00:45:00,4.47,1.6676815036,751.620414737,  ,  ,0.900004474609,3.10001541254,82.0,0.0,  ,  ,0.0,  ,  
2019-09-24 00:50:00,4.4,1.5992919395,751.636809528,  ,  ,1.08417205691,2.10001044075,82.0,0.0,  ,  ,0.0,  ,  
2019-09-24 00:55:00,4.4,1.64953817282,751.636809528,  ,  ,1.10000546897,2.60001292665,82.2958333333,0.0,  ,  ,0.0,  ,  
2019-09-24 01:00:00,4.39333333333,1.67830921031,751.636809528,  ,  ,0.639586513206,3.10001541254,82.5041666667,0.0,  ,  ,0.0,  ,  
2019-09-24 01:05:00,4.31,1.51136182769,751.636809528,  ,  ,0.600002983073,3.60001789844,82.0,0.0,  ,  ,0.0,  ,  
2019-09-24 01:10:00,4.30375,1.50525554184,751.636809528,  ,  ,0.876254356529,3.3000164069,82.0,0.0,  ,  ,0.0,  ,  
2019-09-24 01:15:00,4.31,1.51136182769,751.578198151,  ,  ,0.900004474609,1.60000795486,82.0,0.0,  ,  ,0.0,  ,  
2019-09-24 01:20:00,4.3,1.50159176858,751.56180336,  ,  ,0.807920683457,3.10001541254,82.0,0.0,  ,  ,0.0,  ,  
2019-09-24 01:25:00,4.3,1.60254674182,751.56180336,  ,  ,0.80000397743,1.10000546897,82.5958333333,0.0,  ,  ,0.0,  ,  
2019-09-24 01:30:00,4.27375,1.66108277356,751.620443868,  ,  ,0.615836395126,1.30000646332,83.0958333333,0.0,  ,  ,0.0,  ,  
2019-09-24 01:35:00,4.13708333333,1.73844518971,751.636809528,  ,  ,0.600002983073,1.60000795486,84.3625,0.0,  ,  ,0.0,  ,  
2019-09-24 01:40:00,3.9975,1.77770019009,751.636809528,  ,  ,0.0475002361599,1.10000546897,85.4333333333,0.0,  ,  ,0.0,  ,  
2019-09-24 01:45:00,3.85708333333,1.60101022647,751.695412757,  ,  ,0.0,0.600002983073,85.1958333333,0.0,  ,  ,0.0,  ,  
2019-09-24 01:50:00,3.73708333333,1.59800767872,751.711815696,  ,  ,0.0,0.0,85.9,0.0,  ,  ,0.0,  ,  
2019-09-24 01:55:00,3.62041666667,1.49961391085,751.711815696,  ,  ,0.0,0.0,86.0,0.0,  ,  ,0.0,  ,  
2019-09-24 02:00:00,3.49416666667,1.45027471736,751.653204319,  ,  ,0.0,0.80000397743,86.4625,0.0,  ,  ,0.0,  ,  
2019-09-24 02:05:00,3.4,1.44400371814,751.636809528,  ,  ,0.0,1.4000069605,87.0,0.0,  ,  ,0.0,  ,  
2019-09-24 02:10:00,3.36375,1.40833946681,751.636809528,  ,  ,0.0,0.80000397743,87.0,0.0,  ,  ,0.0,  ,  
2019-09-24 02:15:00,3.28708333333,1.33291133833,751.695450036,  ,  ,0.0,0.80000397743,87.0,0.0,  ,  ,0.0,  ,  
2019-09-24 02:20:00,3.18041666667,1.22796720782,751.711815696,  ,  ,0.0,0.900004474609,87.0,0.0,  ,  ,0.0,  ,  
2019-09-24 02:25:00,3.08708333333,1.1567574563,751.711815696,  ,  ,0.0,1.30000646332,87.1291666667,0.0,  ,  ,0.0,  ,  
2019-09-24 02:30:00,2.94041666667,1.15056284287,751.653204319,  ,  ,0.0,1.30000646332,88.0,0.0,  ,  ,0.0,  ,  
2019-09-24 02:35:00,2.88375,1.09473590291,751.636809528,  ,  ,0.0,1.30000646332,88.0,0.0,  ,  ,0.0,  ,  
2019-09-24 02:40:00,2.80333333333,1.09876330409,751.636809528,  ,  ,0.0,0.900004474609,88.5291666667,0.0,  ,  ,0.0,  ,  
2019-09-24 02:45:00,2.8,1.16918141654,751.695450036,  ,  ,0.0,0.80000397743,89.0,0.0,  ,  ,0.0,  ,  
2019-09-24 02:50:00,2.74708333333,1.1169798894,751.711815696,  ,  ,0.0,0.0,89.0,0.0,  ,  ,0.0,  ,  
2019-09-24 02:55:00,2.71,1.08039762401,751.711815696,  ,  ,0.0,0.0,89.0,0.0,  ,  ,0.0,  ,  
2019-09-24 03:00:00,2.73958333333,1.23848123489,751.653175188,  ,  ,0.0,0.0,89.8291666667,0.0,  ,  ,0.0,  ,  
2019-09-24 03:05:00,2.8,1.27360089924,751.636809528,  ,  ,0.0,1.4000069605,89.6708333333,0.0,  ,  ,0.0,  ,  
2019-09-24 03:10:00,2.76041666667,1.13013304477,751.636809528,  ,  ,0.0,0.80000397743,89.0,0.0,  ,  ,0.0,  ,  
2019-09-24 03:15:00,2.7,1.07053273036,751.636809528,  ,  ,0.0,0.80000397743,89.0,0.0,  ,  ,0.0,  ,  
2019-09-24 03:20:00,2.69333333333,1.0639561315,751.636809528,  ,  ,0.0,0.0,89.0,0.0,  ,  ,0.0,  ,  
2019-09-24 03:25:00,2.60041666667,1.00798483933,751.636809528,  ,  ,0.0,0.80000397743,89.2291666667,0.0,  ,  ,0.0,  ,  
2019-09-24 03:30:00,2.57375,1.10110176596,751.636809528,  ,  ,0.0,1.80000894922,90.0,0.0,  ,  ,0.0,  ,  
2019-09-24 03:35:00,2.44708333333,0.975982627755,751.636809528,  ,  ,0.0,0.0,90.0,0.0,  ,  ,0.0,  ,  
2019-09-24 03:40:00,2.4,0.92947432091,751.636809528,  ,  ,0.0,0.80000397743,90.0,0.0,  ,  ,0.0,  ,  
2019-09-24 03:45:00,2.33041666667,0.993040975727,751.695412757,  ,  ,0.0,0.900004474609,90.8625,0.0,  ,  ,0.0,  ,  
2019-09-24 03:50:00,2.3,0.983945711219,751.711815696,  ,  ,0.0,0.900004474609,91.0,0.0,  ,  ,0.0,  ,  
2019-09-24 03:55:00,2.30625,1.04024939509,751.711815696,  ,  ,0.0,1.4000069605,91.3291666667,0.0,  ,  ,0.0,  ,  
2019-09-24 04:00:00,2.30708333333,1.00683039207,751.653204319,  ,  ,0.0,0.600002983073,91.1041666667,0.0,  ,  ,0.0,  ,  
2019-09-24 04:05:00,2.3,0.983945711219,751.636809528,  ,  ,0.0,0.0,91.0,0.0,  ,  ,0.0,  ,  
2019-09-24 04:10:00,2.3,1.00363190412,751.636809528,  ,  ,0.0,0.900004474609,91.1291666667,0.0,  ,  ,0.0,  ,  
2019-09-24 04:15:00,2.3,1.13571510138,751.636809528,  ,  ,0.0,0.600002983073,92.0,0.0,  ,  ,0.0,  ,  
2019-09-24 04:20:00,2.3,1.13571510138,751.636809528,  ,  ,0.0,1.60000795486,92.0,0.0,  ,  ,0.0,  ,  
2019-09-24 04:25:00,2.3,1.13571510138,751.636809528,  ,  ,0.0,0.0,92.0,0.0,  ,  ,0.0,  ,  
2019-09-24 04:30:00,2.3,1.20541598752,751.636809528,  ,  ,0.0,1.10000546897,92.4625,0.0,  ,  ,0.0,  ,  
2019-09-24 04:35:00,2.34958333333,1.24075228411,751.636809528,  ,  ,0.0,0.900004474609,92.3708333333,0.0,  ,  ,0.0,  ,  
2019-09-24 04:40:00,2.4,1.23474701719,751.636809528,  ,  ,0.0,0.900004474609,92.0,0.0,  ,  ,0.0,  ,  
2019-09-24 04:45:00,2.4,1.23915535893,751.636809528,  ,  ,0.0,0.0,92.0291666667,0.0,  ,  ,0.0,  ,  
2019-09-24 04:50:00,2.4,1.38519035654,751.636809528,  ,  ,0.0,1.30000646332,93.0,0.0,  ,  ,0.0,  ,  
2019-09-24 04:55:00,2.44291666667,1.4277449735,751.636809528,  ,  ,0.0,0.900004474609,93.0,0.0,  ,  ,0.0,  ,  
2019-09-24 05:00:00,2.55625,1.5401219053,751.69541865,  ,  ,0.0,1.80000894922,93.0,0.0,  ,  ,0.0,  ,  
2019-09-24 05:05:00,2.6,1.58350258622,751.711815696,  ,  ,0.0,0.0,93.0,0.0,  ,  ,0.0,  ,  
2019-09-24 05:10:00,2.61333333333,1.59672335188,751.711815696,  ,  ,0.0,0.600002983073,93.0,0.0,  ,  ,0.0,  ,  
2019-09-24 05:15:00,2.69625,1.67893984904,751.653214781,  ,  ,0.0,0.0,93.0,0.0,  ,  ,0.0,  ,  
2019-09-24 05:20:00,2.71625,1.69877092801,751.636809528,  ,  ,0.0,1.10000546897,93.0,0.0,  ,  ,0.0,  ,  
2019-09-24 05:25:00,2.8,1.78181341951,751.636809528,  ,  ,0.0,2.40001193229,93.0,0.0,  ,  ,0.0,  ,  
2019-09-24 05:30:00,2.84291666667,1.89870533147,751.636809528,  ,  ,0.0,0.600002983073,93.4958333333,0.0,  ,  ,0.0,  ,  
2019-09-24 05:35:00,2.9,2.03060800685,751.636809528,  ,  ,0.0,1.10000546897,94.0,0.0,  ,  ,0.0,  ,  
2019-09-24 05:40:00,2.9,2.02129681726,751.636809528,  ,  ,0.0,1.9000094464,93.9375,0.0,  ,  ,0.0,  ,  
2019-09-24 05:45:00,2.92958333333,2.04445242579,751.636809528,  ,  ,0.0,0.0,93.8958333333,0.0,  ,  ,0.0,  ,  
2019-09-24 05:50:00,2.94,2.07031943062,751.636809528,  ,  ,0.0,0.600002983073,94.0,0.0,  ,  ,0.0,  ,  
2019-09-24 05:55:00,2.90041666667,2.03102166776,751.636809528,  ,  ,0.0,0.600002983073,94.0,0.0,  ,  ,0.0,  ,  
2019-09-24 06:00:00,2.9,2.03060800685,751.636809528,  ,  ,0.0,0.80000397743,94.0,0.0,  ,  ,0.508,  ,  
2019-09-24 06:05:00,2.83708333333,1.96814514999,751.636809528,  ,  ,0.0,0.0,94.0,0.0,  ,  ,0.508,  ,  
2019-09-24 06:10:00,2.8,1.93132923867,751.636809528,  ,  ,0.0,0.0,94.0,0.0,  ,  ,0.508,  ,  
2019-09-24 06:15:00,2.75708333333,1.88872200921,751.695439787,  ,  ,0.0,0.0,94.0,0.0,  ,  ,0.508,  ,  
2019-09-24 06:20:00,2.7,1.83205017229,751.711815696,  ,  ,0.0,0.80000397743,94.0,0.0,  ,  ,0.508,  ,  
2019-09-24 06:25:00,2.7,1.96530750571,751.711815696,  ,  ,0.0,0.0,94.9,0.0,  ,  ,0.508,  ,  
2019-09-24 06:30:00,2.69666666667,1.91215572812,751.770427073,  ,  ,0.0,0.80000397743,94.5625,0.0,  ,  ,0.508,  ,  
2019-09-24 06:35:00,2.61041666667,1.89099723258,751.786821864,  ,  ,0.0,0.0,95.0,0.0,  ,  ,0.508,  ,  
2019-09-24 06:40:00,2.60666666667,1.88726965162,751.786821864,  ,  ,0.0,0.0,95.0,0.0,  ,  ,0.508,  ,  
2019-09-24 06:45:00,2.60333333333,1.88395624602,751.786821864,  ,  ,0.0,1.60000795486,95.0,0.0,  ,  ,0.508,  ,  
2019-09-24 06:50:00,2.68625,1.96637712849,751.786821864,  ,  ,0.0,0.0,95.0,0.0,  ,  ,0.508,  ,  
2019-09-24 06:55:00,2.7,2.05780292347,751.786821864,  ,  ,0.0,0.0,95.5291666667,0.0,  ,  ,0.508,  ,  
2019-09-24 07:00:00,2.79291666667,2.21914394997,751.786821864,  ,  ,0.0,0.0,96.0,0.0,  ,  ,0.508,  ,  
2019-09-24 07:05:00,2.8,2.16826839996,751.786821864,  ,  ,0.0,0.0,95.6041666667,0.0,  ,  ,0.508,  ,  
2019-09-24 07:10:00,2.8,2.07944670532,751.786821864,  ,  ,0.0,0.0,95.0,0.0,  ,  ,0.508,  ,  
2019-09-24 07:15:00,2.8,2.07944670532,751.786821864,  ,  ,0.0,0.0,95.0,0.0,  ,  ,0.508,  ,  
2019-09-24 07:20:00,2.8,2.07944670532,751.786821864,  ,  ,0.0,0.0,95.0,0.0,  ,  ,0.508,  ,  
2019-09-24 07:25:00,2.83958333333,2.1187931862,751.786821864,  ,  ,0.0,0.0,95.0,0.0,  ,  ,0.508,  ,  
2019-09-24 07:30:00,2.9,2.30560273047,751.786821864,  ,  ,0.0,0.0,95.8625,0.0,  ,  ,0.508,  ,  
2019-09-24 07:35:00,2.93625,2.36179396138,751.786821864,  ,  ,0.0,0.0,96.0,0.0,  ,  ,0.508,  ,  
2019-09-24 07:40:00,3.04625,2.4712692764,751.786821864,  ,  ,0.0,0.0,96.0,0.0,  ,  ,0.508,  ,  
2019-09-24 07:45:00,3.1,2.52476280934,751.786821864,  ,  ,0.0,0.0,96.0,0.0,  ,  ,0.508,  ,  
2019-09-24 07:50:00,3.16291666667,2.57333240321,751.786821864,  ,  ,0.0,0.0,95.9041666667,0.0,  ,  ,0.508,  ,  
2019-09-24 07:55:00,3.2,2.47705146371,751.786821864,  ,  ,0.0,0.0,95.0,0.0,  ,  ,0.508,  ,  
2019-09-24 08:00:00,3.22625,2.61065986835,751.786821864,  ,  ,0.0,0.900004474609,95.7291666667,0.0,  ,  ,0.508,  ,  
2019-09-24 08:05:00,3.29666666667,2.58855157131,751.786821864,  ,  ,0.0,0.0,95.1041666667,0.0,  ,  ,0.508,  ,  
2019-09-24 08:10:00,3.31958333333,2.59591795021,751.786821864,  ,  ,0.0,1.30000646332,95.0,0.0,  ,  ,0.508,  ,  
2019-09-24 08:15:00,3.39666666667,2.67253901685,751.786821864,  ,  ,0.0,0.0,95.0,0.0,  ,  ,0.508,  ,  
2019-09-24 08:20:00,3.47291666667,2.72360390221,751.786821864,  ,  ,0.0,1.60000795486,94.8333333333,0.0,  ,  ,0.508,  ,  
2019-09-24 08:25:00,3.60583333333,2.75691372674,751.786821864,  ,  ,0.0,2.10001044075,94.1708333333,0.0,  ,  ,0.508,  ,  
2019-09-24 08:30:00,3.69666666667,2.82151820919,751.786821864,  ,  ,0.0,0.80000397743,94.0,0.0,  ,  ,0.508,  ,  
2019-09-24 08:35:00,3.74625,2.92065823239,751.786821864,  ,  ,0.0,2.10001044075,94.3333333333,0.0,  ,  ,0.508,  ,  
2019-09-24 08:40:00,3.8,2.83947798809,751.786821864,  ,  ,0.0,1.80000894922,93.4375,0.0,  ,  ,0.508,  ,  
2019-09-24 08:45:00,3.87958333333,2.79214502297,751.786821864,  ,  ,0.0,3.3000164069,92.6041666667,0.0,  ,  ,0.508,  ,  
2019-09-24 08:50:00,3.89,2.84172658389,751.786821864,  ,  ,0.828754120369,2.10001044075,92.8625,0.0,  ,  ,0.508,  ,  
2019-09-24 08:55:00,3.95291666667,2.92496551855,751.786821864,  ,  ,0.900004474609,1.9000094464,93.0,0.0,  ,  ,0.508,  ,  
2019-09-24 09:00:00,4.08958333333,2.97483674786,751.845462372,  ,  ,0.623753101153,3.40001690408,92.4375,0.0,  ,  ,0.508,  ,  
2019-09-24 09:05:00,4.1,2.89841454955,751.861828032,  ,  ,0.600002983073,4.10002038433,91.8708333333,0.0,  ,  ,0.508,  ,  
2019-09-24 09:10:00,4.10333333333,2.76748241155,751.861828032,  ,  ,0.876254356529,3.3000164069,91.0,0.0,  ,  ,0.508,  ,  
2019-09-24 09:15:00,4.05333333333,2.84069884714,751.920439409,  ,  ,0.900004474609,2.80001392101,91.7958333333,0.0,  ,  ,0.508,  ,  
2019-09-24 09:20:00,4.11625,2.93431987694,751.9368342,  ,  ,1.26833963922,1.80000894922,92.0,0.0,  ,  ,0.508,  ,  
2019-09-24 09:25:00,4.20333333333,2.9288713477,751.9368342,  ,  ,1.30000646332,3.80001889279,91.4041666667,0.0,  ,  ,0.508,  ,  
2019-09-24 09:30:00,4.2,2.86308374066,751.878193692,  ,  ,0.839587507564,1.60000795486,91.0,0.0,  ,  ,0.508,  ,  
2019-09-24 09:35:00,4.28291666667,3.02240953958,751.861828032,  ,  ,0.80000397743,1.9000094464,91.5,0.0,  ,  ,0.508,  ,  
2019-09-24 09:40:00,4.3,2.96198122296,751.861828032,  ,  ,0.0633336482132,1.80000894922,91.0,0.0,  ,  ,0.508,  ,  
2019-09-24 09:45:00,4.31958333333,2.98134859366,751.920439409,  ,  ,0.0,1.30000646332,91.0,0.0,  ,  ,0.508,  ,  
2019-09-24 09:50:00,4.38666666667,3.03216913653,751.9368342,  ,  ,0.0,3.10001541254,90.9,0.0,  ,  ,0.508,  ,  
  
  
  
  
  
  
  
  
  
  
  
  
  
  
  
  
  
  
  
  
  
  
  
  
  
  
  
  
  
  
  
  
  
  
  
  
  
  
  
  
  
  
  
  
  
  
  
  
  
  
  
  
  
  
  
  
  
  
  
  
  
  
  
  
  
  
  
  
2019-09-24 15:35:00,7.1,1.51370421449,751.9368342,  ,  ,1.10000546897,4.50002237305,67.5971223022,0.0,  ,  ,0.508,  ,  
2019-09-24 15:40:00,7.17656903766,1.75111013271,751.886246044,  ,  ,1.10000546897,3.40001690408,68.3974895397,0.0,  ,  ,0.508,  ,  
2019-09-24 15:45:00,7.2,1.50712569104,751.861828032,  ,  ,1.10000546897,4.80002386458,67.1041666667,0.0,  ,  ,0.508,  ,  
2019-09-24 15:50:00,7.12375,1.28751661431,751.861828032,  ,  ,1.10000546897,4.80002386458,66.4,0.0,  ,  ,0.508,  ,  
2019-09-24 15:55:00,6.94416666667,1.26304224244,751.861828032,  ,  ,1.10000546897,4.80002386458,67.1041666667,0.0,  ,  ,0.508,  ,  
2019-09-24 16:00:00,6.81041666667,1.11902843396,751.861828032,  ,  ,1.37625684242,5.10002535612,67.025,0.0,  ,  ,0.508,  ,  
2019-09-24 16:05:00,6.72041666667,1.54936692525,751.861828032,  ,  ,1.4000069605,4.60002287023,69.5583333333,0.0,  ,  ,0.508,  ,  
2019-09-24 16:10:00,6.64708333333,1.48160735533,751.811265007,  ,  ,1.30792316935,5.00002485894,69.5708333333,0.0,  ,  ,0.508,  ,  
2019-09-24 16:15:00,6.4975,1.2630734329,751.786821864,  ,  ,1.30000646332,2.90001441819,69.1958333333,0.0,  ,  ,0.508,  ,  
2019-09-24 16:20:00,6.39375,1.24552848574,751.786821864,  ,  ,1.30000646332,2.90001441819,69.6041666667,0.0,  ,  ,0.508,  ,  
2019-09-24 16:25:00,6.29041666667,0.924493585314,751.786821864,  ,  ,1.30000646332,5.00002485894,68.5,0.0,  ,  ,0.508,  ,  
2019-09-24 16:30:00,6.2,0.952257410923,751.786821864,  ,  ,1.11583888102,4.30002137869,69.0666666667,0.0,  ,  ,0.508,  ,  
2019-09-24 16:35:00,6.2,0.938859560564,751.786821864,  ,  ,1.10000546897,4.30002137869,69.0,0.0,  ,  ,0.508,  ,  
2019-09-24 16:40:00,6.2,0.859073401692,751.83738656,  ,  ,1.37625684242,3.80001889279,68.6041666667,0.0,  ,  ,0.508,  ,  
2019-09-24 16:45:00,6.14708333333,0.590641426963,751.861828032,  ,  ,1.4000069605,5.00002485894,67.5333333333,0.0,  ,  ,0.508,  ,  
2019-09-24 16:50:00,6.1,0.788623437497,751.861828032,  ,  ,1.30792316935,4.10002038433,68.7291666667,0.0,  ,  ,0.508,  ,  
2019-09-24 16:55:00,6.10333333333,0.806086411038,751.912369151,  ,  ,1.30000646332,4.30002137869,68.8,0.0,  ,  ,0.508,  ,  
2019-09-24 17:00:00,6.1,0.883253445343,751.9368342,  ,  ,1.30000646332,4.50002237305,69.2,0.0,  ,  ,0.508,  ,  
2019-09-24 17:05:00,6.1,0.795341722466,751.9368342,  ,  ,1.30000646332,3.60001789844,68.7625,0.0,  ,  ,0.508,  ,  
2019-09-24 17:10:00,6.1,0.963201080471,751.886279216,  ,  ,1.11583888102,2.80001392101,69.6,0.0,  ,  ,0.508,  ,  
2019-09-24 17:15:00,6.1,1.04274369828,751.861828032,  ,  ,1.10000546897,3.3000164069,70.0,0.0,  ,  ,0.508,  ,  
2019-09-24 17:20:00,6.03041666667,0.976016827411,751.861828032,  ,  ,0.82375409551,3.3000164069,70.0,0.0,  ,  ,0.508,  ,  
2019-09-24 17:25:00,6.0,1.08415698263,751.861828032,  ,  ,0.80000397743,2.40001193229,70.6958333333,0.0,  ,  ,0.508,  ,  
2019-09-24 17:30:00,6.0,1.1690641886,751.861828032,  ,  ,0.80000397743,2.30001143511,71.1291666667,0.0,  ,  ,0.508,  ,  
2019-09-24 17:35:00,5.99375,1.26207658708,751.861828032,  ,  ,0.80000397743,2.10001044075,71.6375,0.0,  ,  ,0.508,  ,  
2019-09-24 17:40:00,5.95333333333,1.26682901049,751.861828032,  ,  ,0.615836395126,1.80000894922,71.8625,0.0,  ,  ,0.508,  ,  
2019-09-24 17:45:00,5.9,1.41421120122,751.861828032,  ,  ,0.600002983073,1.9000094464,72.8958333333,0.0,  ,  ,0.508,  ,  
2019-09-24 17:50:00,5.9,1.43410150102,751.861828032,  ,  ,0.600002983073,1.80000894922,73.0,0.0,  ,  ,0.508,  ,  
2019-09-24 17:55:00,5.9,1.43410150102,751.861828032,  ,  ,0.600002983073,1.9000094464,73.0,0.0,  ,  ,0.508,  ,  
2019-09-24 18:00:00,5.9,1.37674935831,751.861828032,  ,  ,0.600002983073,2.90001441819,72.7,0.0,  ,  ,0.508,  ,  
2019-09-24 18:05:00,5.88041666667,1.41522959723,751.861828032,  ,  ,0.600002983073,2.60001292665,73.0,0.0,  ,  ,0.508,  ,  
2019-09-24 18:10:00,5.80666666667,1.37511386423,751.861828032,  ,  ,0.784170565377,1.4000069605,73.1625,0.0,  ,  ,0.508,  ,  
2019-09-24 18:15:00,5.8,1.5272624454,751.861828032,  ,  ,0.80000397743,1.4000069605,74.0,0.0,  ,  ,0.508,  ,  
2019-09-24 18:20:00,5.8,1.5272624454,751.861828032,  ,  ,0.0633336482132,1.60000795486,74.0,0.0,  ,  ,0.508,  ,  
2019-09-24 18:25:00,5.75708333333,1.49133054831,751.861828032,  ,  ,0.0,1.4000069605,74.0291666667,0.0,  ,  ,0.508,  ,  
2019-09-24 18:30:00,5.7,1.45660251184,751.861828032,  ,  ,0.0,0.900004474609,74.1375,0.0,  ,  ,0.508,  ,  
2019-09-24 18:35:00,5.7,1.56118488345,751.861828032,  ,  ,0.0,1.9000094464,74.6958333333,0.0,  ,  ,0.508,  ,  
2019-09-24 18:40:00,5.68375,1.60215908348,751.962962475,  ,  ,0.0,1.30000646332,75.0,0.0,  ,  ,0.508,  ,  
2019-09-24 18:45:00,5.6,1.52119406874,752.011840368,  ,  ,0.0,0.900004474609,75.0,0.0,  ,  ,0.508,  ,  
2019-09-24 18:50:00,5.53708333333,1.54605843209,752.011840368,  ,  ,0.0,1.10000546897,75.4625,0.0,  ,  ,0.508,  ,  
2019-09-24 18:55:00,5.44375,1.53633297829,752.062407589,  ,  ,0.0,1.80000894922,75.9,0.0,  ,  ,0.508,  ,  
2019-09-24 19:00:00,5.4,1.51232976623,752.086846536,  ,  ,0.0,0.900004474609,76.0,0.0,  ,  ,0.508,  ,  
2019-09-24 19:05:00,5.39666666667,1.50910219344,752.086846536,  ,  ,0.0,1.4000069605,76.0,0.0,  ,  ,0.508,  ,  
2019-09-24 19:10:00,5.30375,1.48542917564,752.086846536,  ,  ,0.0,1.4000069605,76.3625,0.0,  ,  ,0.508,  ,  
2019-09-24 19:15:00,5.3,1.59771083352,752.086846536,  ,  ,0.0,1.10000546897,77.0,0.0,  ,  ,0.508,  ,  
2019-09-24 19:20:00,5.3,1.50079470555,752.086846536,  ,  ,0.0,1.9000094464,76.4666666667,0.0,  ,  ,0.762,  ,  
2019-09-24 19:25:00,5.3,1.59771083352,752.086846536,  ,  ,0.0,1.4000069605,77.0,0.0,  ,  ,0.762,  ,  
2019-09-24 19:30:00,5.3,1.59771083352,752.086846536,  ,  ,0.0,1.10000546897,77.0,0.0,  ,  ,0.762,  ,  
2019-09-24 19:35:00,5.3,1.61581655541,752.086846536,  ,  ,0.0,1.9000094464,77.1,0.0,  ,  ,0.762,  ,  
2019-09-24 19:40:00,5.29708333333,1.68445147588,752.137409561,  ,  ,0.0,0.80000397743,77.4958333333,0.0,  ,  ,0.762,  ,  
2019-09-24 19:45:00,5.20666666667,1.67525729612,752.161852704,  ,  ,0.0,0.900004474609,77.9333333333,0.0,  ,  ,0.762,  ,  
2019-09-24 19:50:00,5.2,1.70381751282,752.161852704,  ,  ,0.0,1.30000646332,78.1291666667,0.0,  ,  ,0.762,  ,  
2019-09-24 19:55:00,5.2,1.80527555265,752.212379247,  ,  ,0.0,1.4000069605,78.6987447699,0.0,  ,  ,0.762,  ,  
2019-09-24 20:00:00,5.16375,1.82341606293,752.236858872,  ,  ,0.0,1.10000546897,79.0,0.0,  ,  ,0.762,  ,  
2019-09-24 20:05:00,5.10333333333,1.76464970077,752.236858872,  ,  ,0.0,1.30000646332,79.0,0.0,  ,  ,0.762,  ,  
2019-09-24 20:10:00,5.1,1.76140740702,752.287421897,  ,  ,0.0,1.60000795486,79.0,0.0,  ,  ,0.762,  ,  
2019-09-24 20:15:00,5.18958333333,1.84854362607,752.31186504,  ,  ,0.0,1.80000894922,79.0,0.0,  ,  ,0.762,  ,  
2019-09-24 20:20:00,5.2,1.85867568719,752.31186504,  ,  ,0.0,2.10001044075,79.0,0.0,  ,  ,0.762,  ,  
2019-09-24 20:25:00,5.27291666667,1.8059102303,752.31186504,  ,  ,0.0,2.60001292665,78.3041666667,0.0,  ,  ,0.762,  ,  
2019-09-24 20:30:00,5.32958333333,1.87732842872,752.31186504,  ,  ,0.552502746913,1.80000894922,78.3958333333,0.0,  ,  ,0.762,  ,  
2019-09-24 20:35:00,5.36708333333,1.99237108839,752.31186504,  ,  ,0.600002983073,2.10001044075,78.8375,0.0,  ,  ,0.762,  ,  
2019-09-24 20:40:00,5.3,1.81287754479,752.261302015,  ,  ,0.0475002361599,1.30000646332,78.1958333333,0.0,  ,  ,0.762,  ,  
2019-09-24 20:45:00,5.3,1.95594286566,752.236858872,  ,  ,0.0,0.600002983073,79.0,0.0,  ,  ,0.762,  ,  
2019-09-24 20:50:00,5.3,2.07284186228,752.236858872,  ,  ,0.0,0.0,79.6625,0.0,  ,  ,0.762,  ,  
2019-09-24 20:55:00,5.20708333333,2.04665796492,752.236858872,  ,  ,0.0,1.4000069605,80.0291666667,0.0,  ,  ,0.762,  ,  
2019-09-24 21:00:00,5.17375,2.06221407136,752.236858872,  ,  ,0.0,2.30001143511,80.3041666667,0.0,  ,  ,0.762,  ,  
2019-09-24 21:05:00,5.04708333333,1.91988812875,752.236858872,  ,  ,0.0,0.600002983073,80.1958333333,0.0,  ,  ,0.762,  ,  
2019-09-24 21:10:00,4.94375,1.91259021091,752.236858872,  ,  ,0.0,0.600002983073,80.7333333333,0.0,  ,  ,0.762,  ,  
2019-09-24 21:15:00,4.9,1.9160396619,752.236858872,  ,  ,0.0,0.80000397743,81.0,0.0,  ,  ,0.762,  ,  
2019-09-24 21:20:00,4.9,1.80122823677,752.236858872,  ,  ,0.0,2.30001143511,80.3375,0.0,  ,  ,0.762,  ,  
2019-09-24 21:25:00,4.93625,1.69602522583,752.236858872,  ,  ,0.0,1.10000546897,79.5333333333,0.0,  ,  ,0.762,  ,  
2019-09-24 21:30:00,5.01291666667,1.74208962018,752.236858872,  ,  ,0.0,0.600002983073,79.3708333333,0.0,  ,  ,0.762,  ,  
2019-09-24 21:35:00,5.04041666667,1.82010394609,752.236858872,  ,  ,0.0,0.600002983073,79.6625,0.0,  ,  ,0.762,  ,  
2019-09-24 21:40:00,5.0,1.92043347355,752.287447028,  ,  ,0.0,0.600002983073,80.4625,0.0,  ,  ,0.762,  ,  
2019-09-24 21:45:00,4.94708333333,1.96197176637,752.31186504,  ,  ,0.0,0.600002983073,81.0,0.0,  ,  ,0.762,  ,  
2019-09-24 21:50:00,4.9,2.08137204014,752.31186504,  ,  ,0.0,0.0,81.9625,0.0,  ,  ,0.762,  ,  
2019-09-24 21:55:00,4.89041666667,2.07841634386,752.31186504,  ,  ,0.0,0.0,82.0,0.0,  ,  ,0.762,  ,  
2019-09-24 22:00:00,4.80333333333,1.99333981825,752.31186504,  ,  ,0.0,0.0,82.0,0.0,  ,  ,0.762,  ,  
2019-09-24 22:05:00,4.8,2.05749775839,752.31186504,  ,  ,0.0,0.0,82.3958333333,0.0,  ,  ,0.762,  ,  
2019-09-24 22:10:00,4.8,2.15984410592,752.31186504,  ,  ,0.0,0.0,83.0,0.0,  ,  ,0.762,  ,  
2019-09-24 22:15:00,4.71708333333,2.2235987313,752.31186504,  ,  ,0.0,0.900004474609,83.8625,0.0,  ,  ,0.762,  ,  
2019-09-24 22:20:00,4.64708333333,2.31024143363,752.31186504,  ,  ,0.0,0.0,84.7958333333,0.0,  ,  ,0.762,  ,  
2019-09-24 22:25:00,4.47416666667,2.17434558544,752.261314163,  ,  ,0.0,0.0,85.0,0.0,  ,  ,0.762,  ,  
2019-09-24 22:30:00,4.32708333333,2.15513391323,752.236858872,  ,  ,0.0,0.0,85.7625,0.0,  ,  ,0.762,  ,  
2019-09-24 22:35:00,4.1775,2.04693750532,752.236858872,  ,  ,0.0,0.0,86.0,0.0,  ,  ,0.762,  ,  
2019-09-24 22:40:00,4.08708333333,2.07023686419,752.287421897,  ,  ,0.0,0.0,86.6916666667,0.0,  ,  ,0.762,  ,  
2019-09-24 22:45:00,4.0,2.38312431569,752.31186504,  ,  ,0.0,0.0,89.1916666667,0.0,  ,  ,0.762,  ,  
2019-09-24 22:50:00,3.93041666667,2.36878792973,752.31186504,  ,  ,0.0,0.0,89.5375,0.0,  ,  ,0.762,  ,  
2019-09-24 22:55:00,3.9,2.39027985174,752.31186504,  ,  ,0.0,0.0,89.8666666667,0.0,  ,  ,0.762,  ,  
2019-09-24 23:00:00,3.82041666667,2.18561751466,752.31186504,  ,  ,0.0,0.0,89.0625,0.0,  ,  ,0.762,  ,  
2019-09-24 23:05:00,3.78041666667,2.29298564999,752.31186504,  ,  ,0.0,0.0,90.0,0.0,  ,  ,0.762,  ,  
2019-09-24 23:10:00,3.64375,2.21434531617,752.261314163,  ,  ,0.0,0.0,90.3625,0.0,  ,  ,0.762,  ,  
2019-09-24 23:15:00,3.4975,2.16831618909,752.236858872,  ,  ,0.0,0.0,91.0,0.0,  ,  ,0.762,  ,  
2019-09-24 23:20:00,3.4,2.07188761338,752.236858872,  ,  ,0.0,0.0,91.0,0.0,  ,  ,0.762,  ,  
2019-09-24 23:25:00,3.33708333333,2.00966210783,752.236858872,  ,  ,0.0,0.0,91.0,0.0,  ,  ,0.762,  ,  
2019-09-24 23:30:00,3.3,1.97298606381,752.236858872,  ,  ,0.0,0.0,91.0,0.0,  ,  ,0.762,  ,  
2019-09-24 23:35:00,3.20708333333,1.88108963562,752.236858872,  ,  ,0.0,0.0,91.0,0.0,  ,  ,0.762,  ,  
2019-09-24 23:40:00,3.2,1.9092551411,752.236858872,  ,  ,0.0,0.0,91.2291666667,0.0,  ,  ,0.762,  ,  
2019-09-24 23:45:00,3.20958333333,2.03647816191,752.236858872,  ,  ,0.0,0.0,92.0,0.0,  ,  ,0.762,  ,  
2019-09-24 23:50:00,3.29333333333,2.11941436895,752.236858872,  ,  ,0.0,0.0,92.0,0.0,  ,  ,0.762,  ,  
  

    

