Time,TemperatureC,DewpointC,PressurehPa,WindDirection,WindDirectionDegrees,WindSpeedKMH,WindSpeedGustKMH,Humidity,HourlyPrecipMM,Conditions,Clouds,dailyrainMM,SoftwareType,DateUTC
                
2019-08-25 00:00:00,13.9154166667,12.8011561754,756.512210448,  ,  ,0.542502697195,3.10001541254,93.0,0.0,  ,  ,0.0,  ,  
2019-08-25 00:05:00,13.9,12.8243413276,756.512210448,  ,  ,0.600002983073,2.40001193229,93.2343096234,0.0,  ,  ,0.0,  ,  
2019-08-25 00:10:00,13.8933333333,12.9122836548,756.512210448,  ,  ,0.600002983073,1.80000894922,93.8125,0.0,  ,  ,0.0,  ,  
2019-08-25 00:15:00,13.8354166667,12.8853559591,756.512210448,  ,  ,0.600002983073,0.600002983073,94.0,0.0,  ,  ,0.0,  ,  
2019-08-25 00:20:00,13.8,12.8502063092,756.557608918,  ,  ,0.0575002858778,0.600002983073,94.0,0.0,  ,  ,0.0,  ,  
2019-08-25 00:25:00,13.8,12.8502063092,756.587216616,  ,  ,0.0,0.0,94.0,0.0,  ,  ,0.0,  ,  
2019-08-25 00:30:00,13.8,12.8502063092,756.587216616,  ,  ,0.0,0.0,94.0,0.0,  ,  ,0.0,  ,  
2019-08-25 00:35:00,13.8,12.8502063092,756.632625959,  ,  ,0.0,1.4000069605,94.0,0.0,  ,  ,0.0,  ,  
2019-08-25 00:40:00,13.7966666667,12.8468981049,756.662222784,  ,  ,0.0,0.0,94.0,0.0,  ,  ,0.0,  ,  
2019-08-25 00:45:00,13.7654166667,12.8158836738,756.662222784,  ,  ,0.0,0.0,94.0,0.0,  ,  ,0.0,  ,  
2019-08-25 00:50:00,13.7745833333,12.8249812433,756.707624216,  ,  ,0.0,0.0,94.0,0.0,  ,  ,0.0,  ,  
2019-08-25 00:55:00,13.7533333333,12.838414372,756.737228952,  ,  ,0.0,1.10000546897,94.2125,0.0,  ,  ,0.0,  ,  
2019-08-25 01:00:00,13.8,12.9724659094,756.737228952,  ,  ,0.0,3.10001541254,94.7541666667,0.0,  ,  ,0.0,  ,  
2019-08-25 01:05:00,13.8,12.8610484172,756.737228952,  ,  ,0.0,2.40001193229,94.0666666667,0.0,  ,  ,0.0,  ,  
2019-08-25 01:10:00,13.8,12.8502063092,756.737228952,  ,  ,0.0,2.30001143511,94.0,0.0,  ,  ,0.0,  ,  
2019-08-25 01:15:00,13.7354166667,12.7861097925,756.737228952,  ,  ,0.0,0.0,94.0,0.0,  ,  ,0.0,  ,  
2019-08-25 01:20:00,13.7,12.7509600371,756.737228952,  ,  ,0.0,0.0,94.0,0.0,  ,  ,0.0,  ,  
2019-08-25 01:25:00,13.7,12.7509600371,756.737228952,  ,  ,0.0,1.9000094464,94.0,0.0,  ,  ,0.0,  ,  
2019-08-25 01:30:00,13.6720833333,12.7955590055,756.737228952,  ,  ,0.0,1.30000646332,94.4458333333,0.0,  ,  ,0.0,  ,  
2019-08-25 01:35:00,13.6,12.7199331777,756.828025892,  ,  ,0.0,2.60001292665,94.4208333333,0.0,  ,  ,0.0,  ,  
2019-08-25 01:40:00,13.6,12.684168081,756.887241288,  ,  ,0.0,0.0,94.2,0.0,  ,  ,0.0,  ,  
2019-08-25 01:45:00,13.6,12.6517134669,756.887241288,  ,  ,0.0,2.40001193229,94.0,0.0,  ,  ,0.0,  ,  
2019-08-25 01:50:00,13.56875,12.6206988526,756.887241288,  ,  ,0.0,0.600002983073,94.0,0.0,  ,  ,0.0,  ,  
2019-08-25 01:55:00,13.5,12.6010872622,756.887241288,  ,  ,0.0,0.0,94.3,0.0,  ,  ,0.0,  ,  
2019-08-25 02:00:00,13.4820833333,12.5994729993,756.887241288,  ,  ,0.0,2.30001143511,94.4,0.0,  ,  ,0.0,  ,  
2019-08-25 02:05:00,13.4066666667,12.4780711063,756.93262505,  ,  ,0.0,0.600002983073,94.1125,0.0,  ,  ,0.0,  ,  
2019-08-25 02:10:00,13.4545833333,12.6078233862,756.962247456,  ,  ,0.0,0.80000397743,94.6208333333,0.0,  ,  ,0.0,  ,  
2019-08-25 02:15:00,13.49,12.5425418955,756.962247456,  ,  ,0.0,0.0,94.0,0.0,  ,  ,0.0,  ,  
2019-08-25 02:20:00,13.4733333333,12.5260007168,757.007668479,  ,  ,0.0,2.30001143511,94.0,0.0,  ,  ,0.0,  ,  
2019-08-25 02:25:00,13.4966666667,12.5491583646,757.037253624,  ,  ,0.0,0.600002983073,94.0,0.0,  ,  ,0.0,  ,  
2019-08-25 02:30:00,13.4454166667,12.4982942241,757.037253624,  ,  ,0.0,0.0,94.0,0.0,  ,  ,0.0,  ,  
2019-08-25 02:35:00,13.4,12.4532194324,757.082659942,  ,  ,0.0,0.0,94.0,0.0,  ,  ,0.0,  ,  
2019-08-25 02:40:00,13.4,12.4532194324,757.112259792,  ,  ,0.0,0.600002983073,94.0,0.0,  ,  ,0.0,  ,  
2019-08-25 02:45:00,13.4,12.4532194324,757.112259792,  ,  ,0.0,1.9000094464,94.0,0.0,  ,  ,0.0,  ,  
2019-08-25 02:50:00,13.3520833333,12.4616345172,757.157680815,  ,  ,0.0,0.0,94.3458333333,0.0,  ,  ,0.0,  ,  
2019-08-25 02:55:00,13.3,12.3789349283,757.18726596,  ,  ,0.0,0.0,94.1541666667,0.0,  ,  ,0.0,  ,  
2019-08-25 03:00:00,13.3,12.469041955,757.18726596,  ,  ,0.0,1.10000546897,94.7125,0.0,  ,  ,0.0,  ,  
2019-08-25 03:05:00,13.3,12.4240469208,757.18726596,  ,  ,0.0,0.0,94.4333333333,0.0,  ,  ,0.0,  ,  
2019-08-25 03:10:00,13.3,12.4004955864,757.18726596,  ,  ,0.0,3.60001789844,94.2875,0.0,  ,  ,0.0,  ,  
2019-08-25 03:15:00,13.3,12.386349427,757.18726596,  ,  ,0.0,2.80001392101,94.2,0.0,  ,  ,0.0,  ,  
2019-08-25 03:20:00,13.3,12.3539719681,757.232675303,  ,  ,0.0,1.60000795486,94.0,0.0,  ,  ,0.0,  ,  
2019-08-25 03:25:00,13.3,12.3539719681,757.262272128,  ,  ,0.0,2.10001044075,94.0,0.0,  ,  ,0.0,  ,  
2019-08-25 03:30:00,13.2966666667,12.3506637142,757.262272128,  ,  ,0.0,3.90001938997,94.0,0.0,  ,  ,0.0,  ,  
2019-08-25 03:35:00,13.2220833333,12.2766414455,757.353281606,  ,  ,0.0,2.10001044075,94.0,0.0,  ,  ,0.0,  ,  
2019-08-25 03:40:00,13.2,12.1823886018,757.412284464,  ,  ,0.0,3.40001690408,93.5541666667,0.0,  ,  ,0.0,  ,  
2019-08-25 03:45:00,13.2,12.2351490442,757.412284464,  ,  ,0.0,2.10001044075,93.8791666667,0.0,  ,  ,0.0,  ,  
2019-08-25 03:50:00,13.1954166667,12.1615765955,757.457668226,  ,  ,0.0,3.10001541254,93.4541666667,0.0,  ,  ,0.0,  ,  
2019-08-25 03:55:00,13.1033333333,12.1284230135,757.487290632,  ,  ,0.0,0.600002983073,93.8125,0.0,  ,  ,0.0,  ,  
2019-08-25 04:00:00,13.1,12.1554761452,757.487290632,  ,  ,0.0,1.80000894922,94.0,0.0,  ,  ,0.0,  ,  
2019-08-25 04:05:00,13.0054166667,12.0616037471,757.53269695,  ,  ,0.0,2.30001143511,94.0,0.0,  ,  ,0.0,  ,  
2019-08-25 04:10:00,12.93875,11.9954380199,757.5622968,  ,  ,0.0,0.0,94.0,0.0,  ,  ,0.0,  ,  
2019-08-25 04:15:00,12.9,11.9569791301,757.5622968,  ,  ,0.0,0.0,94.0,0.0,  ,  ,0.0,  ,  
2019-08-25 04:20:00,12.9,11.9569791301,757.5622968,  ,  ,0.0,0.0,94.0,0.0,  ,  ,0.0,  ,  
2019-08-25 04:25:00,12.9,11.9569791301,757.5622968,  ,  ,0.0,1.9000094464,94.0,0.0,  ,  ,0.0,  ,  
2019-08-25 04:30:00,12.9,11.9569791301,757.5622968,  ,  ,0.0,1.10000546897,94.0,0.0,  ,  ,0.0,  ,  
2019-08-25 04:35:00,12.8720833333,11.9292721603,757.607703118,  ,  ,0.0,2.80001392101,94.0,0.0,  ,  ,0.0,  ,  
2019-08-25 04:40:00,12.8,11.8577301755,757.637302968,  ,  ,0.0,2.90001441819,94.0,0.0,  ,  ,0.0,  ,  
2019-08-25 04:45:00,12.8,11.8577301755,757.637302968,  ,  ,0.0,0.0,94.0,0.0,  ,  ,0.0,  ,  
2019-08-25 04:50:00,12.7520833333,11.8101732791,757.682701438,  ,  ,0.0,0.0,94.0,0.0,  ,  ,0.0,  ,  
2019-08-25 04:55:00,12.7,11.7584809227,757.712309136,  ,  ,0.0,0.0,94.0,0.0,  ,  ,0.0,  ,  
2019-08-25 05:00:00,12.6520833333,11.7109238835,757.712309136,  ,  ,0.0,0.0,94.0,0.0,  ,  ,0.0,  ,  
2019-08-25 05:05:00,12.6,11.6592313719,757.757715454,  ,  ,0.0,2.10001044075,94.0,0.0,  ,  ,0.0,  ,  
2019-08-25 05:10:00,12.6,11.7523062899,757.787315304,  ,  ,0.0,0.80000397743,94.5791666667,0.0,  ,  ,0.0,  ,  
2019-08-25 05:15:00,12.6,11.8196226989,757.787315304,  ,  ,0.0,1.10000546897,95.0,0.0,  ,  ,0.0,  ,  
2019-08-25 05:20:00,12.5966666667,11.8163101182,757.832721622,  ,  ,0.0,0.900004474609,95.0,0.0,  ,  ,0.0,  ,  
2019-08-25 05:25:00,12.52875,11.7488162254,757.862321472,  ,  ,0.0,1.9000094464,95.0,0.0,  ,  ,0.0,  ,  
2019-08-25 05:30:00,12.4154166667,11.6361881256,757.862321472,  ,  ,0.0,1.4000069605,95.0,0.0,  ,  ,0.0,  ,  
2019-08-25 05:35:00,12.4,11.6208673668,757.953163518,  ,  ,0.0,0.0,95.0,0.0,  ,  ,0.0,  ,  
2019-08-25 05:40:00,12.4,11.6281713802,758.012333808,  ,  ,0.0,0.80000397743,95.0458333333,0.0,  ,  ,0.0,  ,  
2019-08-25 05:45:00,12.4,11.6719305915,758.012333808,  ,  ,0.0,1.9000094464,95.3208333333,0.0,  ,  ,0.0,  ,  
2019-08-25 05:50:00,12.4,11.6208673668,758.103107038,  ,  ,0.0,1.4000069605,95.0,0.0,  ,  ,0.0,  ,  
2019-08-25 05:55:00,12.4,11.6208673668,758.162346144,  ,  ,0.0,2.10001044075,95.0,0.0,  ,  ,0.0,  ,  
2019-08-25 06:00:00,12.4991666667,11.7194170095,758.162346144,  ,  ,0.0,2.80001392101,95.0,0.0,  ,  ,0.0,  ,  
2019-08-25 06:05:00,12.61,11.8295604395,758.162346144,  ,  ,0.0,2.40001193229,95.0,0.0,  ,  ,0.0,  ,  
2019-08-25 06:10:00,12.6,11.7449589193,758.162346144,  ,  ,0.542502697195,1.80000894922,94.5333333333,0.0,  ,  ,0.0,  ,  
2019-08-25 06:15:00,12.61,11.7207819729,758.162346144,  ,  ,0.600002983073,2.10001044075,94.3208333333,0.0,  ,  ,0.0,  ,  
2019-08-25 06:20:00,12.6545833333,11.7509796866,758.253149009,  ,  ,0.600002983073,2.90001441819,94.2333333333,0.0,  ,  ,0.0,  ,  
2019-08-25 06:25:00,12.6020833333,11.661299074,758.31235848,  ,  ,0.600002983073,1.9000094464,94.0,0.0,  ,  ,0.0,  ,  
2019-08-25 06:30:00,12.6233333333,11.7487441476,758.31235848,  ,  ,0.600002983073,2.40001193229,94.4125,0.0,  ,  ,0.0,  ,  
2019-08-25 06:35:00,12.7025,11.8661390851,758.403096558,  ,  ,0.600002983073,1.60000795486,94.6541666667,0.0,  ,  ,0.0,  ,  
2019-08-25 06:40:00,12.8245833333,11.8821289044,758.462370816,  ,  ,0.600002983073,2.30001143511,94.0,0.0,  ,  ,0.0,  ,  
2019-08-25 06:45:00,12.9233333333,11.9801371767,758.462370816,  ,  ,0.600002983073,3.10001541254,94.0,0.0,  ,  ,0.0,  ,  
2019-08-25 06:50:00,13.0191666667,11.9705173112,758.507732044,  ,  ,0.600002983073,2.10001044075,93.3541666667,0.0,  ,  ,0.0,  ,  
2019-08-25 06:55:00,13.0733333333,11.9773836513,758.537376984,  ,  ,0.600002983073,2.30001143511,93.0666666667,0.0,  ,  ,0.0,  ,  
2019-08-25 07:00:00,13.1066666667,12.043038304,758.537376984,  ,  ,0.600002983073,3.3000164069,93.2666666667,0.0,  ,  ,0.0,  ,  
2019-08-25 07:05:00,13.1479166667,12.0404284835,758.582746023,  ,  ,0.600002983073,2.10001044075,93.0,0.0,  ,  ,0.0,  ,  
2019-08-25 07:10:00,13.2,12.0920528911,758.612383152,  ,  ,0.600002983073,2.80001392101,93.0,0.0,  ,  ,0.0,  ,  
2019-08-25 07:15:00,13.2745833333,12.1496176858,758.612383152,  ,  ,0.600002983073,3.60001789844,92.9,0.0,  ,  ,0.0,  ,  
2019-08-25 07:20:00,13.34125,12.1315488093,758.612383152,  ,  ,0.780837215471,2.90001441819,92.3875,0.0,  ,  ,0.0,  ,  
2019-08-25 07:25:00,13.4145833333,12.1402498567,758.612383152,  ,  ,0.80000397743,2.40001193229,92.0,0.0,  ,  ,0.0,  ,  
2019-08-25 07:30:00,13.5745833333,12.298629558,758.612383152,  ,  ,0.80000397743,2.80001392101,92.0,0.0,  ,  ,0.0,  ,  
2019-08-25 07:35:00,13.64,12.2338917855,758.703105607,  ,  ,0.80000397743,3.80001889279,91.2208333333,0.0,  ,  ,0.0,  ,  
2019-08-25 07:40:00,13.6,12.1574722215,758.762395488,  ,  ,1.07125532603,2.60001292665,91.0,0.0,  ,  ,0.0,  ,  
2019-08-25 07:45:00,13.6245833333,12.1817741217,758.762395488,  ,  ,1.10000546897,3.10001541254,91.0,0.0,  ,  ,0.0,  ,  
2019-08-25 07:50:00,13.6945833333,12.3863273833,758.853133566,  ,  ,0.919171236569,1.60000795486,91.8125,0.0,  ,  ,0.0,  ,  
2019-08-25 07:55:00,13.86125,12.4303768397,758.912407824,  ,  ,0.900004474609,2.90001441819,91.0875,0.0,  ,  ,0.0,  ,  
2019-08-25 08:00:00,13.9679166667,12.5211740787,758.912407824,  ,  ,0.628753126012,3.40001690408,91.0,0.0,  ,  ,0.0,  ,  
2019-08-25 08:05:00,14.04125,12.4983749393,758.957717825,  ,  ,0.600002983073,3.3000164069,90.4333333333,0.0,  ,  ,0.0,  ,  
2019-08-25 08:10:00,14.14125,12.6006681074,758.987413992,  ,  ,0.780837215471,2.60001292665,90.4541666667,0.0,  ,  ,0.0,  ,  
2019-08-25 08:15:00,14.2,12.5818680856,758.987413992,  ,  ,0.80000397743,2.10001044075,90.0,0.0,  ,  ,0.0,  ,  
2019-08-25 08:20:00,14.2245833333,12.5948274614,759.032800607,  ,  ,0.619169745032,2.30001143511,89.9333333333,0.0,  ,  ,0.0,  ,  
2019-08-25 08:25:00,14.31125,12.6916930897,759.06242016,  ,  ,0.600002983073,2.10001044075,90.0,0.0,  ,  ,0.0,  ,  
2019-08-25 08:30:00,14.4033333333,12.6668758828,759.06242016,  ,  ,0.600002983073,2.60001292665,89.3208333333,0.0,  ,  ,0.0,  ,  
2019-08-25 08:35:00,14.4691666667,12.7282415629,759.153158238,  ,  ,0.600002983073,2.30001143511,89.3,0.0,  ,  ,0.0,  ,  
2019-08-25 08:40:00,14.6145833333,12.81232361,759.212432496,  ,  ,0.600002983073,2.40001193229,88.9541666667,0.0,  ,  ,0.0,  ,  
2019-08-25 08:45:00,14.7145833333,12.8843639894,759.212432496,  ,  ,0.600002983073,2.60001292665,88.8,0.0,  ,  ,0.0,  ,  
2019-08-25 08:50:00,14.7979166667,12.9571539012,759.257681997,  ,  ,0.600002983073,2.30001143511,88.7458333333,0.0,  ,  ,0.0,  ,  
2019-08-25 08:55:00,14.8866666667,12.9248352953,759.287438664,  ,  ,0.600002983073,2.80001392101,88.0541666667,0.0,  ,  ,0.0,  ,  
2019-08-25 09:00:00,14.9891666667,13.0199509445,759.287438664,  ,  ,0.600002983073,2.40001193229,88.0208333333,0.0,  ,  ,0.0,  ,  
2019-08-25 09:05:00,15.12125,13.1020263173,759.377953066,  ,  ,0.600002983073,1.80000894922,87.7458333333,0.0,  ,  ,0.0,  ,  
2019-08-25 09:10:00,15.2658333333,13.1873976061,759.437451,  ,  ,0.600002983073,2.30001143511,87.4208333333,0.0,  ,  ,0.0,  ,  
2019-08-25 09:15:00,15.41125,13.1834874461,759.437451,  ,  ,0.600002983073,1.9000094464,86.5875,0.0,  ,  ,0.0,  ,  
2019-08-25 09:20:00,15.5545833333,13.2354436384,759.437451,  ,  ,0.0575002858778,2.60001292665,86.0875,0.0,  ,  ,0.0,  ,  
2019-08-25 09:25:00,15.60125,13.2344070198,759.437451,  ,  ,0.0,2.10001044075,85.825,0.0,  ,  ,0.0,  ,  
2019-08-25 09:30:00,15.6845833333,13.3511781397,759.437451,  ,  ,0.542502697195,1.80000894922,86.0208333333,0.0,  ,  ,0.0,  ,  
2019-08-25 09:35:00,15.7945833333,13.4554390559,759.482834762,  ,  ,0.600002983073,1.9000094464,86.0,0.0,  ,  ,0.0,  ,  
2019-08-25 09:40:00,15.9691666667,13.5168819979,759.512457168,  ,  ,0.0575002858778,1.9000094464,85.3875,0.0,  ,  ,0.0,  ,  
2019-08-25 09:45:00,16.0654166667,13.5171834802,759.512457168,  ,  ,0.0,2.40001193229,84.8666666667,0.0,  ,  ,0.0,  ,  
2019-08-25 09:50:00,16.1125,13.5874715427,759.557753101,  ,  ,0.723336929593,2.40001193229,85.0,0.0,  ,  ,0.0,  ,  
2019-08-25 09:55:00,16.2845833333,13.5655995232,759.587463336,  ,  ,0.80000397743,2.60001292665,83.9541666667,0.0,  ,  ,0.0,  ,  
2019-08-25 10:00:00,16.3479166667,13.6581041378,759.587463336,  ,  ,0.80000397743,2.60001292665,84.1208333333,0.0,  ,  ,0.0,  ,  
2019-08-25 10:05:00,16.5591666667,13.6582843926,759.587463336,  ,  ,0.80000397743,2.90001441819,83.0,0.0,  ,  ,0.0,  ,  
2019-08-25 10:10:00,16.69125,13.7564057103,759.587463336,  ,  ,0.80000397743,2.10001044075,82.8333333333,0.0,  ,  ,0.0,  ,  
2019-08-25 10:15:00,16.76125,13.664374038,759.587463336,  ,  ,0.80000397743,2.90001441819,81.975,0.0,  ,  ,0.0,  ,  
2019-08-25 10:20:00,16.8379166667,13.6268864097,759.587463336,  ,  ,0.80000397743,2.90001441819,81.3791666667,0.0,  ,  ,0.0,  ,  
2019-08-25 10:25:00,17.1079497908,13.6863157872,759.587463336,  ,  ,0.80000397743,1.9000094464,80.309623431,0.0,  ,  ,0.0,  ,  
2019-08-25 10:30:00,17.2966666667,13.7308221078,759.587463336,  ,  ,0.619169745032,2.30001143511,79.5875,0.0,  ,  ,0.0,  ,  
2019-08-25 10:35:00,17.21875,13.7691133641,759.632608699,  ,  ,0.600002983073,2.90001441819,80.1791666667,0.0,  ,  ,0.0,  ,  
2019-08-25 10:40:00,17.3391666667,13.6856337951,759.662469504,  ,  ,0.87125433167,3.60001789844,79.1416666667,0.0,  ,  ,0.0,  ,  
2019-08-25 10:45:00,17.4,13.5277100278,759.662469504,  ,  ,0.900004474609,3.90001938997,78.0333333333,0.0,  ,  ,0.0,  ,  
2019-08-25 10:50:00,17.3008333333,13.516637878,759.662469504,  ,  ,1.26167293941,3.10001541254,78.4666666667,0.0,  ,  ,0.0,  ,  
2019-08-25 10:55:00,17.24125,13.5003751953,759.662469504,  ,  ,1.30000646332,3.10001541254,78.6791666667,0.0,  ,  ,0.0,  ,  
2019-08-25 11:00:00,17.4704166667,13.5803911747,759.662469504,  ,  ,1.11917223093,3.10001541254,77.9541666667,0.0,  ,  ,0.0,  ,  
2019-08-25 11:05:00,17.68125,13.6393089874,759.752715375,  ,  ,1.10000546897,4.30002137869,77.2208333333,0.0,  ,  ,0.0,  ,  
2019-08-25 11:10:00,17.6933333333,13.7330316739,759.81248184,  ,  ,1.37125681756,2.30001143511,77.6333333333,0.0,  ,  ,0.0,  ,  
2019-08-25 11:15:00,17.71125,13.7636184539,759.81248184,  ,  ,1.4000069605,2.80001392101,77.7,0.0,  ,  ,0.0,  ,  
2019-08-25 11:20:00,17.7420833333,13.5338105206,759.81248184,  ,  ,0.67667003091,4.10002038433,76.4,0.0,  ,  ,0.0,  ,  
2019-08-25 11:25:00,17.7,13.4368472081,759.81248184,  ,  ,0.600002983073,3.40001690408,76.1208333333,0.0,  ,  ,0.0,  ,  
2019-08-25 11:30:00,17.8025,13.5157421742,759.81248184,  ,  ,1.32333991267,3.40001690408,76.0208333333,0.0,  ,  ,0.0,  ,  
2019-08-25 11:35:00,18.0225,13.5911485652,759.81248184,  ,  ,1.4000069605,3.90001938997,75.3458333333,0.0,  ,  ,0.0,  ,  
2019-08-25 11:40:00,18.1179166667,13.7419277303,759.81248184,  ,  ,1.3095898443,3.60001789844,75.6333333333,0.0,  ,  ,0.0,  ,  
2019-08-25 11:45:00,18.2545833333,13.6706404348,759.81248184,  ,  ,1.30000646332,4.30002137869,74.6416666667,0.0,  ,  ,0.0,  ,  
2019-08-25 11:50:00,18.20875,13.5722371017,759.857695139,  ,  ,1.57125781192,3.80001889279,74.3791666667,0.0,  ,  ,0.0,  ,  
2019-08-25 11:55:00,18.1866666667,13.7036184948,759.887488008,  ,  ,1.60000795486,3.60001789844,75.1208333333,0.0,  ,  ,0.0,  ,  
2019-08-25 12:00:00,18.20125,13.7611994117,759.887488008,  ,  ,1.32875660626,2.30001143511,75.3333333333,0.0,  ,  ,0.0,  ,  
2019-08-25 12:05:00,18.33125,13.6047504836,759.842350235,  ,  ,1.30000646332,3.10001541254,73.9666666667,0.0,  ,  ,0.0,  ,  
2019-08-25 12:10:00,18.4033333333,13.4481649671,759.81248184,  ,  ,0.938337998528,2.90001441819,72.8875,0.0,  ,  ,0.0,  ,  
2019-08-25 12:15:00,18.5391666667,13.4658809967,759.81248184,  ,  ,0.900004474609,3.80001889279,72.3541666667,0.0,  ,  ,0.0,  ,  
2019-08-25 12:20:00,18.5608333333,13.4539184543,759.857642037,  ,  ,1.35209005561,3.10001541254,72.2,0.0,  ,  ,0.0,  ,  
2019-08-25 12:25:00,18.5125,13.5935391692,759.887488008,  ,  ,1.4000069605,2.80001392101,73.0791666667,0.0,  ,  ,0.0,  ,  
2019-08-25 12:30:00,18.6845833333,13.5940737775,759.887488008,  ,  ,0.947921379507,3.40001690408,72.3,0.0,  ,  ,0.0,  ,  
2019-08-25 12:35:00,18.76125,13.7005159755,759.842365072,  ,  ,0.900004474609,3.90001938997,72.4541666667,0.0,  ,  ,0.0,  ,  
2019-08-25 12:40:00,18.8133333333,13.4070955761,759.81248184,  ,  ,1.26167293941,3.3000164069,70.8541666667,0.0,  ,  ,0.0,  ,  
2019-08-25 12:45:00,18.8,13.3219141004,759.81248184,  ,  ,1.30000646332,4.10002038433,70.5208333333,0.0,  ,  ,0.0,  ,  
2019-08-25 12:50:00,18.7966666667,13.4928846917,759.857642037,  ,  ,1.84250916052,3.10001541254,71.325,0.0,  ,  ,0.0,  ,  
2019-08-25 12:55:00,18.79,13.4999538902,759.887488008,  ,  ,1.9000094464,2.80001392101,71.3875,0.0,  ,  ,0.0,  ,  
2019-08-25 13:00:00,18.9404166667,13.706991178,759.887488008,  ,  ,0.905421168206,2.40001193229,71.6791666667,0.0,  ,  ,0.0,  ,  
2019-08-25 13:05:00,19.17125,13.565238036,759.887488008,  ,  ,0.80000397743,3.60001789844,70.0083333333,0.0,  ,  ,0.0,  ,  
2019-08-25 13:10:00,19.10875,13.4403570159,759.887488008,  ,  ,1.07125532603,3.80001889279,69.7125,0.0,  ,  ,0.0,  ,  
2019-08-25 13:15:00,19.14125,13.5099742174,759.887488008,  ,  ,1.10000546897,2.60001292665,69.8875,0.0,  ,  ,0.0,  ,  
2019-08-25 13:20:00,19.2441176471,13.6183431304,759.932574505,  ,  ,0.919332301795,2.60001292665,69.9327731092,0.0,  ,  ,0.0,  ,  
2019-08-25 13:25:00,19.2620833333,13.7088478259,759.962494176,  ,  ,0.900004474609,3.60001789844,70.2666666667,0.0,  ,  ,0.0,  ,  
2019-08-25 13:30:00,19.2,13.7930178327,759.962494176,  ,  ,1.08083870701,4.80002386458,70.925,0.0,  ,  ,0.0,  ,  
2019-08-25 13:35:00,19.0183333333,13.7144673397,760.007602259,  ,  ,1.10000546897,4.10002038433,71.3666666667,0.0,  ,  ,0.0,  ,  
2019-08-25 13:40:00,18.8133333333,13.5079711413,760.037500344,  ,  ,1.82334239856,3.80001889279,71.3208333333,0.0,  ,  ,0.0,  ,  
2019-08-25 13:45:00,18.84125,13.4555176399,760.037500344,  ,  ,1.9000094464,3.10001541254,70.9541666667,0.0,  ,  ,0.0,  ,  
2019-08-25 13:50:00,19.0358333333,13.4365804756,760.037500344,  ,  ,1.4479238654,2.80001392101,70.0125,0.0,  ,  ,0.0,  ,  
2019-08-25 13:55:00,19.2358333333,13.6782422299,760.037500344,  ,  ,1.4000069605,2.80001392101,70.2416666667,0.0,  ,  ,0.0,  ,  
2019-08-25 14:00:00,19.2933333333,13.7634016783,760.037500344,  ,  ,1.12875561191,2.40001193229,70.3791666667,0.0,  ,  ,0.0,  ,  
2019-08-25 14:05:00,19.2420833333,13.6238522075,759.99245193,  ,  ,1.10000546897,3.40001690408,69.9666666667,0.0,  ,  ,0.0,  ,  
2019-08-25 14:10:00,19.1654166667,13.6818795417,759.962494176,  ,  ,0.919171236569,2.60001292665,70.5666666667,0.0,  ,  ,0.0,  ,  
2019-08-25 14:15:00,19.2325,13.6878302363,759.962494176,  ,  ,0.900004474609,2.90001441819,70.3,0.0,  ,  ,0.0,  ,  
2019-08-25 14:20:00,19.38125,13.8694627835,759.962494176,  ,  ,1.08083870701,3.40001690408,70.4791666667,0.0,  ,  ,0.0,  ,  
2019-08-25 14:25:00,19.4266666667,13.849014521,759.962494176,  ,  ,1.10000546897,3.80001889279,70.1875,0.0,  ,  ,0.0,  ,  
2019-08-25 14:30:00,19.2908333333,13.7244927073,759.962494176,  ,  ,1.55209104996,3.3000164069,70.2125,0.0,  ,  ,0.0,  ,  
2019-08-25 14:35:00,19.0675,13.6823038975,760.052561673,  ,  ,1.60000795486,3.3000164069,71.0,0.0,  ,  ,0.0,  ,  
2019-08-25 14:40:00,19.0225,13.6536149499,760.112506512,  ,  ,0.967088141467,2.60001292665,71.0666666667,0.0,  ,  ,0.0,  ,  
2019-08-25 14:45:00,19.2079166667,13.734400273,760.112506512,  ,  ,0.900004474609,2.10001044075,70.6208333333,0.0,  ,  ,0.0,  ,  
2019-08-25 14:50:00,19.35,13.6949734899,760.067442776,  ,  ,0.80958735841,3.40001690408,69.8208333333,0.0,  ,  ,0.0,  ,  
2019-08-25 14:55:00,19.2475,13.4327569622,760.037500344,  ,  ,0.80000397743,3.40001690408,69.0791666667,0.0,  ,  ,0.0,  ,  
2019-08-25 15:00:00,19.11,13.5048021023,760.037500344,  ,  ,0.89042109363,1.4000069605,70.0,0.0,  ,  ,0.0,  ,  
2019-08-25 15:05:00,19.1591666667,13.5957276165,760.037500344,  ,  ,0.900004474609,2.10001044075,70.2,0.0,  ,  ,0.0,  ,  
2019-08-25 15:10:00,19.3645833333,13.5909136061,760.037500344,  ,  ,0.628753126012,3.10001541254,69.2875,0.0,  ,  ,0.0,  ,  
2019-08-25 15:15:00,19.4566666667,13.7951584984,760.037500344,  ,  ,0.600002983073,3.3000164069,69.8125,0.0,  ,  ,0.0,  ,  
2019-08-25 15:20:00,19.4,13.989216534,760.082533868,  ,  ,1.23292279647,2.90001441819,70.9458333333,0.0,  ,  ,0.0,  ,  
2019-08-25 15:25:00,19.3654166667,14.0040289696,760.112506512,  ,  ,1.30000646332,3.3000164069,71.1666666667,0.0,  ,  ,0.0,  ,  
2019-08-25 15:30:00,19.1475,13.7734401038,760.112506512,  ,  ,1.39042357952,4.30002137869,71.0666666667,0.0,  ,  ,0.0,  ,  
2019-08-25 15:35:00,19.0454166667,13.5742105765,760.112506512,  ,  ,1.4000069605,3.40001690408,70.6,0.0,  ,  ,0.0,  ,  
2019-08-25 15:40:00,19.1125,13.8407309182,760.112506512,  ,  ,1.5808411929,2.60001292665,71.5333333333,0.0,  ,  ,0.0,  ,  
2019-08-25 15:45:00,19.26125,13.8027473844,760.112506512,  ,  ,1.60000795486,1.60000795486,70.7,0.0,  ,  ,0.0,  ,  
2019-08-25 15:50:00,19.3745833333,13.7872708887,760.112506512,  ,  ,0.695836792869,1.9000094464,70.1333333333,0.0,  ,  ,0.0,  ,  
2019-08-25 15:55:00,19.5458333333,13.9309804948,760.112506512,  ,  ,0.600002983073,1.9000094464,70.0416666667,0.0,  ,  ,0.0,  ,  
2019-08-25 16:00:00,19.6645833333,13.9672869551,760.112506512,  ,  ,0.600002983073,4.30002137869,69.6916666667,0.0,  ,  ,0.0,  ,  
2019-08-25 16:05:00,19.7,14.3275103816,760.157554926,  ,  ,0.600002983073,3.80001889279,71.1791666667,0.0,  ,  ,0.0,  ,  
2019-08-25 16:10:00,19.5229166667,14.1740137755,760.18751268,  ,  ,1.68500837746,4.30002137869,71.2541666667,0.0,  ,  ,0.0,  ,  
2019-08-25 16:15:00,19.2575,14.0614372201,760.18751268,  ,  ,1.80000894922,3.80001889279,71.9125,0.0,  ,  ,0.0,  ,  
2019-08-25 16:20:00,19.1008333333,14.0294839368,760.18751268,  ,  ,1.61917471682,3.90001938997,72.4666666667,0.0,  ,  ,0.0,  ,  
2019-08-25 16:25:00,19.07125,14.0108156702,760.18751268,  ,  ,1.60000795486,3.3000164069,72.5125,0.0,  ,  ,0.0,  ,  
2019-08-25 16:30:00,19.1,13.9978778254,760.18751268,  ,  ,1.60000795486,3.10001541254,72.3221757322,0.0,  ,  ,0.0,  ,  
2019-08-25 16:35:00,19.1045833333,14.0188802053,760.232621285,  ,  ,1.60000795486,2.80001392101,72.4,0.0,  ,  ,0.0,  ,  
2019-08-25 16:40:00,19.22125,14.2231945013,760.262518848,  ,  ,1.32875660626,4.30002137869,72.8333333333,0.0,  ,  ,0.0,  ,  
2019-08-25 16:45:00,19.3,14.1308496666,760.262518848,  ,  ,1.30000646332,5.00002485894,72.0458333333,0.0,  ,  ,0.0,  ,  
2019-08-25 16:50:00,19.3579166667,14.4182261897,760.262518848,  ,  ,1.57125781192,2.60001292665,73.1333333333,0.0,  ,  ,0.0,  ,  
2019-08-25 16:55:00,19.3966666667,14.1034446572,760.262518848,  ,  ,1.60000795486,2.90001441819,71.4875,0.0,  ,  ,0.0,  ,  
2019-08-25 17:00:00,19.2541666667,14.1055875304,760.262518848,  ,  ,1.14792237387,3.3000164069,72.1333333333,0.0,  ,  ,0.0,  ,  
2019-08-25 17:05:00,19.1320833333,14.1471823935,760.307552372,  ,  ,1.10000546897,2.90001441819,72.8791666667,0.0,  ,  ,0.0,  ,  
2019-08-25 17:10:00,19.1033333333,13.9437959678,760.337525016,  ,  ,1.55209104996,3.10001541254,72.0541666667,0.0,  ,  ,0.0,  ,  
2019-08-25 17:15:00,19.1,13.9173876684,760.337525016,  ,  ,1.60000795486,3.90001938997,71.9458333333,0.0,  ,  ,0.0,  ,  
2019-08-25 17:20:00,19.0208333333,14.1808623403,760.38255854,  ,  ,1.60000795486,2.60001292665,73.5458333333,0.0,  ,  ,0.0,  ,  
2019-08-25 17:25:00,18.86875,14.118216858,760.412531184,  ,  ,1.60000795486,3.3000164069,73.9458333333,0.0,  ,  ,0.0,  ,  
2019-08-25 17:30:00,18.8,14.092829563,760.412531184,  ,  ,0.967088141467,3.40001690408,74.1416666667,0.0,  ,  ,0.0,  ,  
2019-08-25 17:35:00,18.8,14.1214484348,760.457579598,  ,  ,0.900004474609,2.90001441819,74.2791666667,0.0,  ,  ,0.0,  ,  
2019-08-25 17:40:00,18.8266666667,14.1610130457,760.487537352,  ,  ,1.35209005561,2.80001392101,74.3458333333,0.0,  ,  ,0.0,  ,  
2019-08-25 17:45:00,18.8133333333,14.212123641,760.487537352,  ,  ,1.4000069605,2.90001441819,74.6541666667,0.0,  ,  ,0.0,  ,  
2019-08-25 17:50:00,18.6475,14.0228619083,760.532570876,  ,  ,0.947921379507,2.90001441819,74.5125,0.0,  ,  ,0.0,  ,  
2019-08-25 17:55:00,18.4575,13.7584480513,760.56254352,  ,  ,0.900004474609,3.40001690408,74.1208333333,0.0,  ,  ,0.0,  ,  
2019-08-25 18:00:00,18.3141666667,13.5882920464,760.56254352,  ,  ,1.08083870701,2.40001193229,73.9666666667,0.0,  ,  ,0.0,  ,  
2019-08-25 18:05:00,18.1754166667,13.3364976569,760.56254352,  ,  ,1.10000546897,3.90001938997,73.4,0.0,  ,  ,0.0,  ,  
2019-08-25 18:10:00,18.1,13.3888753698,760.56254352,  ,  ,1.28083970137,3.80001889279,74.0,0.0,  ,  ,0.0,  ,  
2019-08-25 18:15:00,17.9708333333,13.3359779813,760.56254352,  ,  ,1.30000646332,3.80001889279,74.3458333333,0.0,  ,  ,0.0,  ,  
2019-08-25 18:20:00,17.9066666667,13.3307805624,760.607577044,  ,  ,0.847920882329,2.90001441819,74.6208333333,0.0,  ,  ,0.0,  ,  
2019-08-25 18:25:00,17.8854166667,13.2303996101,760.637549688,  ,  ,0.80000397743,2.90001441819,74.2333333333,0.0,  ,  ,0.0,  ,  
2019-08-25 18:30:00,17.7954166667,13.1599865457,760.637549688,  ,  ,0.80000397743,3.40001690408,74.3125,0.0,  ,  ,0.0,  ,  
2019-08-25 18:35:00,17.6920833333,13.1673968894,760.637549688,  ,  ,0.80000397743,3.10001541254,74.8333333333,0.0,  ,  ,0.0,  ,  
2019-08-25 18:40:00,17.55875,13.0660112136,760.637549688,  ,  ,0.80000397743,2.80001392101,74.9666666667,0.0,  ,  ,0.0,  ,  
2019-08-25 18:45:00,17.3808333333,12.8193180153,760.637549688,  ,  ,0.80000397743,2.80001392101,74.6,0.0,  ,  ,0.0,  ,  
2019-08-25 18:50:00,17.2241666667,12.7498869856,760.682598102,  ,  ,0.80000397743,1.80000894922,75.0,0.0,  ,  ,0.0,  ,  
2019-08-25 18:55:00,17.0341666667,12.5597131513,760.712555856,  ,  ,0.80000397743,2.40001193229,74.9666666667,0.0,  ,  ,0.0,  ,  
2019-08-25 19:00:00,16.95,12.4852548916,760.712555856,  ,  ,0.619169745032,1.30000646332,75.0,0.0,  ,  ,0.0,  ,  
2019-08-25 19:05:00,16.8520833333,12.4406098194,760.802622905,  ,  ,0.600002983073,1.30000646332,75.2458333333,0.0,  ,  ,0.0,  ,  
2019-08-25 19:10:00,16.7354166667,12.4799136596,760.862568192,  ,  ,0.0575002858778,2.30001143511,76.0,0.0,  ,  ,0.0,  ,  
2019-08-25 19:15:00,16.5908333333,12.3893185968,760.862568192,  ,  ,0.0,1.4000069605,76.2458333333,0.0,  ,  ,0.0,  ,  
2019-08-25 19:20:00,16.3941666667,12.4106225316,760.862568192,  ,  ,0.0,1.30000646332,77.3125,0.0,  ,  ,0.0,  ,  
2019-08-25 19:25:00,16.2520833333,12.4077915885,760.862568192,  ,  ,0.0,0.0,78.0,0.0,  ,  ,0.0,  ,  
2019-08-25 19:30:00,16.1275,12.4576965152,760.862568192,  ,  ,0.0,0.0,78.8791666667,0.0,  ,  ,0.0,  ,  
2019-08-25 19:35:00,15.9454166667,12.5132716097,760.90754201,  ,  ,0.0,0.0,80.0916666667,0.0,  ,  ,0.0,  ,  
2019-08-25 19:40:00,15.8075,12.6159986779,760.93757436,  ,  ,0.0,0.0,81.3458333333,0.0,  ,  ,0.0,  ,  
2019-08-25 19:45:00,15.6341666667,12.5505337237,760.93757436,  ,  ,0.0,0.0,81.9,0.0,  ,  ,0.0,  ,  
2019-08-25 19:50:00,15.3908333333,12.4142695483,761.027641857,  ,  ,0.0,0.0,82.4458333333,0.0,  ,  ,0.0,  ,  
2019-08-25 19:55:00,15.1941666667,12.4057766287,761.087586696,  ,  ,0.0,0.0,83.4458333333,0.0,  ,  ,0.0,  ,  
2019-08-25 20:00:00,14.92625,12.2828786846,761.087586696,  ,  ,0.0,0.0,84.2125,0.0,  ,  ,0.0,  ,  
2019-08-25 20:05:00,14.7008333333,12.3425734715,761.132679912,  ,  ,0.0,0.0,85.7791666667,0.0,  ,  ,0.0,  ,  
2019-08-25 20:10:00,14.4395833333,12.2332103241,761.162592864,  ,  ,0.0,0.0,86.6125,0.0,  ,  ,0.0,  ,  
2019-08-25 20:15:00,14.1908333333,12.0646094512,761.162592864,  ,  ,0.0,0.0,87.0458333333,0.0,  ,  ,0.0,  ,  
2019-08-25 20:20:00,13.8929166667,11.9966474849,761.162592864,  ,  ,0.0,0.0,88.3458333333,0.0,  ,  ,0.0,  ,  
2019-08-25 20:25:00,13.6629166667,11.9181871583,761.162592864,  ,  ,0.0,0.0,89.2125,0.0,  ,  ,0.0,  ,  
2019-08-25 20:30:00,13.3841666667,11.776465681,761.162592864,  ,  ,0.0,0.0,90.0,0.0,  ,  ,0.0,  ,  
2019-08-25 20:35:00,13.1841666667,11.7040072051,761.162592864,  ,  ,0.0,0.0,90.7458333333,0.0,  ,  ,0.0,  ,  
2019-08-25 20:40:00,12.9875,11.592811113,761.162592864,  ,  ,0.0,0.0,91.2458333333,0.0,  ,  ,0.0,  ,  
2019-08-25 20:45:00,12.7641666667,11.4964093282,761.162592864,  ,  ,0.0,0.0,92.0,0.0,  ,  ,0.0,  ,  
2019-08-25 20:50:00,12.62875,11.4081519533,761.162592864,  ,  ,0.0,0.0,92.2791666667,0.0,  ,  ,0.0,  ,  
2019-08-25 20:55:00,12.4541666667,11.3527823474,761.162592864,  ,  ,0.0,0.0,93.0,0.0,  ,  ,0.0,  ,  
2019-08-25 21:00:00,12.3254166667,11.2251632892,761.162592864,  ,  ,0.0,0.0,93.0,0.0,  ,  ,0.0,  ,  
2019-08-25 21:05:00,12.2154166667,11.1559479935,761.162592864,  ,  ,0.0,0.0,93.2458333333,0.0,  ,  ,0.0,  ,  
2019-08-25 21:10:00,12.1054166667,11.1683552525,761.162592864,  ,  ,0.0,0.0,94.0,0.0,  ,  ,0.0,  ,  
2019-08-25 21:15:00,12.0554166667,10.9845046358,761.162592864,  ,  ,0.0,0.0,93.1666666667,0.0,  ,  ,0.0,  ,  
2019-08-25 21:20:00,11.9454166667,11.0095529925,761.162592864,  ,  ,0.0,0.0,94.0,0.0,  ,  ,0.0,  ,  
2019-08-25 21:25:00,11.8620833333,10.9268431799,761.162592864,  ,  ,0.0,0.0,94.0,0.0,  ,  ,0.0,  ,  
2019-08-25 21:30:00,11.7554166667,10.8209743176,761.162592864,  ,  ,0.0,0.0,94.0,0.0,  ,  ,0.0,  ,  
2019-08-25 21:35:00,11.6720833333,10.738264033,761.11754445,  ,  ,0.0,0.0,94.0,0.0,  ,  ,0.0,  ,  
2019-08-25 21:40:00,11.58875,10.7955094342,761.087586696,  ,  ,0.0,0.0,94.8791666667,0.0,  ,  ,0.0,  ,  
2019-08-25 21:45:00,11.43875,10.6655857342,761.087586696,  ,  ,0.0,0.0,95.0,0.0,  ,  ,0.0,  ,  
2019-08-25 21:50:00,11.3720833333,10.5993321502,761.087586696,  ,  ,0.0,0.0,95.0,0.0,  ,  ,0.0,  ,  
2019-08-25 21:55:00,11.27875,10.5065769477,761.087586696,  ,  ,0.0,0.0,95.0,0.0,  ,  ,0.0,  ,  
2019-08-25 22:00:00,11.19875,10.4270723168,761.087586696,  ,  ,0.0,0.0,95.0,0.0,  ,  ,0.0,  ,  
2019-08-25 22:05:00,11.1033333333,10.3322462738,761.13263511,  ,  ,0.0,0.0,95.0,0.0,  ,  ,0.0,  ,  
2019-08-25 22:10:00,11.04875,10.2780007068,761.162592864,  ,  ,0.0,0.0,95.0,0.0,  ,  ,0.0,  ,  
2019-08-25 22:15:00,10.9120833333,10.1421794216,761.162592864,  ,  ,0.0,0.0,95.0,0.0,  ,  ,0.0,  ,  
2019-08-25 22:20:00,10.88875,10.1262066557,761.207626388,  ,  ,0.0,0.0,95.0458333333,0.0,  ,  ,0.0,  ,  
2019-08-25 22:25:00,10.8,10.18743299,761.237599032,  ,  ,0.0,0.0,96.0,0.0,  ,  ,0.0,  ,  
2019-08-25 22:30:00,10.7820833333,10.1696045426,761.237599032,  ,  ,0.0,0.0,96.0,0.0,  ,  ,0.0,  ,  
2019-08-25 22:35:00,10.6933333333,10.081291442,761.237599032,  ,  ,0.0,0.0,96.0,0.0,  ,  ,0.0,  ,  
2019-08-25 22:40:00,10.6020833333,9.99049048636,761.237599032,  ,  ,0.0,0.0,96.0,0.0,  ,  ,0.0,  ,  
2019-08-25 22:45:00,10.4908333333,9.87978772899,761.237599032,  ,  ,0.0,0.0,96.0,0.0,  ,  ,0.0,  ,  
2019-08-25 22:50:00,10.4,9.7894010268,761.192550282,  ,  ,0.0,0.0,96.0,0.0,  ,  ,0.0,  ,  
2019-08-25 22:55:00,10.3420833333,9.73176905367,761.162592864,  ,  ,0.0,0.0,96.0,0.0,  ,  ,0.0,  ,  
2019-08-25 23:00:00,10.2733333333,9.66335691327,761.162592864,  ,  ,0.0,0.0,96.0,0.0,  ,  ,0.0,  ,  
2019-08-25 23:05:00,10.2020833333,9.59245696021,761.162592864,  ,  ,0.0,0.0,96.0,0.0,  ,  ,0.0,  ,  
2019-08-25 23:10:00,10.2,9.59038386066,761.162592864,  ,  ,0.0,0.0,96.0,0.0,  ,  ,0.0,  ,  
2019-08-25 23:15:00,10.11875,9.50953291135,761.162592864,  ,  ,0.0,0.0,96.0,0.0,  ,  ,0.0,  ,  
2019-08-25 23:20:00,10.1,9.49087498146,761.162592864,  ,  ,0.0,0.0,96.0,0.0,  ,  ,0.0,  ,  
2019-08-25 23:25:00,10.0154166667,9.40670690035,761.162592864,  ,  ,0.0,0.0,96.0,0.0,  ,  ,0.0,  ,  
2019-08-25 23:30:00,9.94875,9.34036742654,761.162592864,  ,  ,0.0,0.0,96.0,0.0,  ,  ,0.0,  ,  
2019-08-25 23:35:00,9.9,9.29185663078,761.252689692,  ,  ,0.0,0.0,96.0,0.0,  ,  ,0.0,  ,  
2019-08-25 23:40:00,9.81875,9.21100520025,761.3126052,  ,  ,0.0,0.0,96.0,0.0,  ,  ,0.0,  ,  
2019-08-25 23:45:00,9.8,9.19234715931,761.3126052,  ,  ,0.0,0.0,96.0,0.0,  ,  ,0.0,  ,  
2019-08-25 23:50:00,9.76541666667,9.15793342115,761.357638724,  ,  ,0.0,0.0,96.0,0.0,  ,  ,0.0,  ,  
  

    

