Time,TemperatureC,DewpointC,PressurehPa,WindDirection,WindDirectionDegrees,WindSpeedKMH,WindSpeedGustKMH,Humidity,HourlyPrecipMM,Conditions,Clouds,dailyrainMM,SoftwareType,DateUTC
                
2018-12-25 00:00:00,-9.2,-10.1374088381,996.2,  ,  ,0.0,1.4000069605,92.8666666667,0.0,  ,  ,0.0,  ,  
2018-12-25 00:05:00,-9.2,-10.2385146543,996.2,  ,  ,0.0,1.60000795486,92.125,0.0,  ,  ,0.0,  ,  
2018-12-25 00:10:00,-9.2,-10.2556261852,996.2,  ,  ,0.0,1.9000094464,92.0,0.0,  ,  ,0.0,  ,  
2018-12-25 00:15:00,-9.2,-10.2556261852,996.310735586,  ,  ,0.180000894922,0.900004474609,92.0,0.0,  ,  ,0.0,  ,  
2018-12-25 00:20:00,-9.2075,-10.2630570493,996.4,  ,  ,0.600002983073,1.30000646332,92.0,0.0,  ,  ,0.0,  ,  
2018-12-25 00:25:00,-9.28,-10.3348888515,996.4,  ,  ,0.420002088151,1.60000795486,92.0,0.0,  ,  ,0.0,  ,  
2018-12-25 00:30:00,-9.3,-10.3547045581,996.455318091,  ,  ,0.0,1.4000069605,92.0,0.0,  ,  ,0.0,  ,  
2018-12-25 00:35:00,-9.3,-10.3535641407,996.5,  ,  ,0.0,0.900004474609,92.0083333333,0.0,  ,  ,0.0,  ,  
2018-12-25 00:40:00,-9.3,-10.3000678488,996.5,  ,  ,0.0,1.30000646332,92.4,0.0,  ,  ,0.0,  ,  
2018-12-25 00:45:00,-9.3,-10.2230247698,996.5,  ,  ,0.0,0.80000397743,92.9666666667,0.0,  ,  ,0.0,  ,  
2018-12-25 00:50:00,-9.3,-10.2185058396,996.5,  ,  ,0.0,0.900004474609,93.0,0.0,  ,  ,0.0,  ,  
2018-12-25 00:55:00,-9.3,-10.2185058396,996.5,  ,  ,0.0,0.900004474609,93.0,0.0,  ,  ,0.0,  ,  
2018-12-25 01:00:00,-9.3,-10.2185058396,996.444632207,  ,  ,0.0,1.10000546897,93.0,0.0,  ,  ,0.0,  ,  
2018-12-25 01:05:00,-9.3,-10.2185058396,996.4,  ,  ,0.0,0.600002983073,93.0,0.0,  ,  ,0.0,  ,  
2018-12-25 01:10:00,-9.3,-10.2185058396,996.4,  ,  ,0.0,1.10000546897,93.0,0.0,  ,  ,0.0,  ,  
2018-12-25 01:15:00,-9.29666666667,-10.2151992624,996.4,  ,  ,0.0,1.10000546897,93.0,0.0,  ,  ,0.0,  ,  
2018-12-25 01:20:00,-9.3,-10.2185058396,996.4,  ,  ,0.0,1.30000646332,93.0,0.0,  ,  ,0.0,  ,  
2018-12-25 01:25:00,-9.3,-10.2185058396,996.4,  ,  ,0.0,0.900004474609,93.0,0.0,  ,  ,0.0,  ,  
2018-12-25 01:30:00,-9.3,-10.2467728166,996.510735587,  ,  ,0.0,3.3000164069,92.7916666667,0.0,  ,  ,0.0,  ,  
2018-12-25 01:35:00,-9.3,-10.3547045581,996.6,  ,  ,0.270001342383,2.80001392101,92.0,0.0,  ,  ,0.0,  ,  
2018-12-25 01:40:00,-9.3,-10.3547045581,996.6,  ,  ,0.900004474609,3.40001690408,92.0,0.0,  ,  ,0.0,  ,  
2018-12-25 01:45:00,-9.3,-10.3547045581,996.655318091,  ,  ,0.960004772917,3.10001541254,92.0,0.0,  ,  ,0.0,  ,  
2018-12-25 01:50:00,-9.35732217573,-10.4114986178,996.7,  ,  ,1.10000546897,2.90001441819,92.0,0.0,  ,  ,0.0,  ,  
2018-12-25 01:55:00,-9.33,-10.3844281482,996.7,  ,  ,1.04059094763,2.10001044075,92.0,0.0,  ,  ,0.0,  ,  
2018-12-25 02:00:00,-9.34333333333,-10.3976386442,996.810444778,  ,  ,0.900004474609,2.30001143511,92.0,0.0,  ,  ,0.0,  ,  
2018-12-25 02:05:00,-9.34958333333,-10.4038310666,996.9,  ,  ,0.811254033363,1.80000894922,92.0,0.0,  ,  ,0.0,  ,  
2018-12-25 02:10:00,-9.33708333333,-10.3914462233,996.9,  ,  ,0.600002983073,2.60001292665,92.0,0.0,  ,  ,0.0,  ,  
2018-12-25 02:15:00,-9.38333333333,-10.437270175,996.955218688,  ,  ,0.688753424319,2.30001143511,92.0,0.0,  ,  ,0.0,  ,  
2018-12-25 02:20:00,-9.39666666667,-10.4504806995,997.0,  ,  ,0.900004474609,2.30001143511,92.0,0.0,  ,  ,0.0,  ,  
2018-12-25 02:25:00,-9.4,-10.4537833317,997.0,  ,  ,0.811254033363,2.60001292665,92.0,0.0,  ,  ,0.0,  ,  
2018-12-25 02:30:00,-9.4,-10.4537833317,997.0,  ,  ,0.600002983073,2.10001044075,92.0,0.0,  ,  ,0.0,  ,  
2018-12-25 02:35:00,-9.4,-10.454353078,997.0,  ,  ,0.688753424319,3.60001789844,91.9958333333,0.0,  ,  ,0.0,  ,  
2018-12-25 02:40:00,-9.4,-10.5171657049,997.0,  ,  ,0.900004474609,2.80001392101,91.5375,0.0,  ,  ,0.0,  ,  
2018-12-25 02:45:00,-9.4,-10.454353078,997.055191257,  ,  ,1.04792187669,3.10001541254,91.9958333333,0.0,  ,  ,0.0,  ,  
2018-12-25 02:50:00,-9.40333333333,-10.5944837528,997.1,  ,  ,1.4000069605,4.30002137869,91.0,0.0,  ,  ,0.0,  ,  
2018-12-25 02:55:00,-9.40666666667,-10.5977823935,997.1,  ,  ,1.4000069605,3.90001938997,91.0,0.0,  ,  ,0.0,  ,  
2018-12-25 03:00:00,-9.42333333333,-10.6142756041,997.210437376,  ,  ,1.4000069605,4.10002038433,91.0,0.0,  ,  ,0.0,  ,  
2018-12-25 03:05:00,-9.49041666667,-10.6800860698,997.3,  ,  ,1.54792436258,3.80001889279,91.0041666667,0.0,  ,  ,0.0,  ,  
2018-12-25 03:10:00,-9.5,-10.5528625059,997.3,  ,  ,1.9000094464,3.40001690408,92.0,0.0,  ,  ,0.0,  ,  
2018-12-25 03:15:00,-9.5,-10.5528625059,997.3,  ,  ,1.7225085639,4.30002137869,92.0,0.0,  ,  ,0.0,  ,  
2018-12-25 03:20:00,-9.5,-10.5528625059,997.3,  ,  ,1.30000646332,3.40001690408,92.0,0.0,  ,  ,0.0,  ,  
2018-12-25 03:25:00,-9.54333333333,-10.5957969392,997.3,  ,  ,1.38875690457,3.40001690408,92.0,0.0,  ,  ,0.0,  ,  
2018-12-25 03:30:00,-9.53,-10.5825863363,997.244781312,  ,  ,1.60000795486,2.90001441819,92.0,0.0,  ,  ,0.0,  ,  
2018-12-25 03:35:00,-9.50333333333,-10.556165152,997.2,  ,  ,1.54084099403,2.80001392101,92.0,0.0,  ,  ,0.0,  ,  
2018-12-25 03:40:00,-9.5,-10.5528625059,997.2,  ,  ,1.4000069605,2.80001392101,92.0,0.0,  ,  ,0.0,  ,  
2018-12-25 03:45:00,-9.5,-10.5528625059,997.2,  ,  ,1.37042348009,3.10001541254,92.0,0.0,  ,  ,0.0,  ,  
2018-12-25 03:50:00,-9.49291666667,-10.5458443846,997.2,  ,  ,1.30000646332,2.90001441819,92.0,0.0,  ,  ,0.0,  ,  
2018-12-25 03:55:00,-9.40333333333,-10.4570859644,997.2,  ,  ,1.18167254166,2.30001143511,92.0,0.0,  ,  ,0.0,  ,  
2018-12-25 04:00:00,-9.4,-10.4537833317,997.255191257,  ,  ,0.900004474609,2.60001292665,92.0,0.0,  ,  ,0.0,  ,  
2018-12-25 04:05:00,-9.4,-10.4031675844,997.3,  ,  ,0.870420994194,1.4000069605,92.3708333333,0.0,  ,  ,0.0,  ,  
2018-12-25 04:10:00,-9.4,-10.3589560778,997.3,  ,  ,0.80000397743,1.80000894922,92.6958333333,0.0,  ,  ,0.0,  ,  
2018-12-25 04:15:00,-9.4,-10.3306878132,997.3,  ,  ,0.7408370166,1.60000795486,92.9041666667,0.0,  ,  ,0.0,  ,  
2018-12-25 04:20:00,-9.38958333333,-10.3073702468,997.3,  ,  ,0.600002983073,0.80000397743,93.0,0.0,  ,  ,0.0,  ,  
2018-12-25 04:25:00,-9.34333333333,-10.2614913783,997.3,  ,  ,0.42250210058,1.4000069605,93.0,0.0,  ,  ,0.0,  ,  
2018-12-25 04:30:00,-9.33,-10.2482650517,997.244844845,  ,  ,0.0,0.900004474609,93.0,0.0,  ,  ,0.0,  ,  
2018-12-25 04:35:00,-9.30333333333,-10.2218124171,997.2,  ,  ,0.0,1.60000795486,93.0,0.0,  ,  ,0.0,  ,  
2018-12-25 04:40:00,-9.3,-10.2185058396,997.2,  ,  ,0.0,0.600002983073,93.0,0.0,  ,  ,0.0,  ,  
2018-12-25 04:45:00,-9.3,-10.2185058396,997.144808743,  ,  ,0.0,0.0,93.0,0.0,  ,  ,0.0,  ,  
2018-12-25 04:50:00,-9.3,-10.2185058396,997.1,  ,  ,0.0,1.10000546897,93.0,0.0,  ,  ,0.0,  ,  
2018-12-25 04:55:00,-9.3,-10.2185058396,997.1,  ,  ,0.0,1.80000894922,93.0,0.0,  ,  ,0.0,  ,  
2018-12-25 05:00:00,-9.3,-10.2185058396,997.155218688,  ,  ,0.0,1.80000894922,93.0,0.0,  ,  ,0.0,  ,  
2018-12-25 05:05:00,-9.3,-10.2185058396,997.2,  ,  ,0.0,1.10000546897,93.0,0.0,  ,  ,0.0,  ,  
2018-12-25 05:10:00,-9.3,-10.2185058396,997.2,  ,  ,0.0,1.80000894922,93.0,0.0,  ,  ,0.0,  ,  
2018-12-25 05:15:00,-9.22958333333,-10.148654479,997.255191257,  ,  ,0.0,0.900004474609,93.0,0.0,  ,  ,0.0,  ,  
2018-12-25 05:20:00,-9.2,-10.1193086928,997.3,  ,  ,0.0,0.900004474609,93.0,0.0,  ,  ,0.0,  ,  
2018-12-25 05:25:00,-9.2,-10.1193086928,997.3,  ,  ,0.0,0.80000397743,93.0,0.0,  ,  ,0.0,  ,  
2018-12-25 05:30:00,-9.2,-10.1193086928,997.355218688,  ,  ,0.0,1.10000546897,93.0,0.0,  ,  ,0.0,  ,  
2018-12-25 05:35:00,-9.2,-10.1193086928,997.4,  ,  ,0.0,3.3000164069,93.0,0.0,  ,  ,0.0,  ,  
2018-12-25 05:40:00,-9.2,-10.1193086928,997.4,  ,  ,0.0,3.40001690408,93.0,0.0,  ,  ,0.0,  ,  
2018-12-25 05:45:00,-9.18625,-10.1056691125,997.455132699,  ,  ,0.325418284569,2.10001044075,93.0,0.0,  ,  ,0.0,  ,  
2018-12-25 05:50:00,-9.10333333333,-10.0234184497,997.5,  ,  ,1.10000546897,2.40001193229,93.0,0.0,  ,  ,0.0,  ,  
2018-12-25 05:55:00,-9.1,-10.0201118954,997.5,  ,  ,1.04083850814,1.9000094464,93.0,0.0,  ,  ,0.0,  ,  
2018-12-25 06:00:00,-9.1,-10.0201118954,997.555218688,  ,  ,0.900004474609,2.30001143511,93.0,0.0,  ,  ,0.0,  ,  
2018-12-25 06:05:00,-9.1,-10.0201118954,997.6,  ,  ,0.900004474609,2.30001143511,93.0,0.0,  ,  ,0.0,  ,  
2018-12-25 06:10:00,-9.1,-10.0201118954,997.6,  ,  ,0.900004474609,2.80001392101,93.0,0.0,  ,  ,0.0,  ,  
2018-12-25 06:15:00,-9.07291666667,-9.99324615622,997.6,  ,  ,0.870420994194,2.30001143511,93.0,0.0,  ,  ,0.0,  ,  
2018-12-25 06:20:00,-9.03333333333,-9.95398089118,997.6,  ,  ,0.80000397743,1.60000795486,93.0,0.0,  ,  ,0.0,  ,  
2018-12-25 06:25:00,-9.0,-9.92091544729,997.6,  ,  ,0.563336134107,1.30000646332,93.0,0.0,  ,  ,0.0,  ,  
2018-12-25 06:30:00,-9.0,-9.92091544729,997.655246146,  ,  ,0.0,1.4000069605,93.0,0.0,  ,  ,0.0,  ,  
2018-12-25 06:35:00,-8.99333333333,-9.91430236317,997.7,  ,  ,0.0,1.30000646332,93.0,0.0,  ,  ,0.0,  ,  
2018-12-25 06:40:00,-9.0,-9.92091544729,997.7,  ,  ,0.0,1.10000546897,93.0,0.0,  ,  ,0.0,  ,  
2018-12-25 06:45:00,-9.0,-9.92091544729,997.810382514,  ,  ,0.0,0.0,93.0,0.0,  ,  ,0.0,  ,  
2018-12-25 06:50:00,-9.0,-9.92091544729,997.9,  ,  ,0.0,0.0,93.0,0.0,  ,  ,0.0,  ,  
2018-12-25 06:55:00,-9.0,-9.92091544729,997.9,  ,  ,0.0,0.0,93.0,0.0,  ,  ,0.0,  ,  
2018-12-25 07:00:00,-9.0,-9.92091544729,997.955044955,  ,  ,0.0,0.0,93.0,0.0,  ,  ,0.0,  ,  
2018-12-25 07:05:00,-9.0,-9.92091544729,998.0,  ,  ,0.0,0.0,93.0,0.0,  ,  ,0.0,  ,  
2018-12-25 07:10:00,-8.96625,-9.8874367249,998.0,  ,  ,0.0,1.4000069605,93.0,0.0,  ,  ,0.0,  ,  
2018-12-25 07:15:00,-8.9,-9.82171934849,998.055191257,  ,  ,0.0,0.0,93.0,0.0,  ,  ,0.0,  ,  
2018-12-25 07:20:00,-8.9,-9.82171934849,998.1,  ,  ,0.0,0.600002983073,93.0,0.0,  ,  ,0.0,  ,  
2018-12-25 07:25:00,-8.9,-9.82171934849,998.1,  ,  ,0.0,0.0,93.0,0.0,  ,  ,0.0,  ,  
2018-12-25 07:30:00,-8.9,-9.82171934849,998.265656064,  ,  ,0.0,0.0,93.0,0.0,  ,  ,0.0,  ,  
2018-12-25 07:35:00,-8.9,-9.82171934849,998.4,  ,  ,0.0,0.0,93.0,0.0,  ,  ,0.0,  ,  
2018-12-25 07:40:00,-8.87666666667,-9.79857364237,998.4,  ,  ,0.0,0.0,93.0,0.0,  ,  ,0.0,  ,  
2018-12-25 07:45:00,-8.89333333333,-9.81510628766,998.344772386,  ,  ,0.0,0.0,93.0,0.0,  ,  ,0.0,  ,  
2018-12-25 07:50:00,-8.89333333333,-9.75120368749,998.3,  ,  ,0.0,0.0,93.4708333333,0.0,  ,  ,0.0,  ,  
2018-12-25 07:55:00,-8.80625,-9.59323892105,998.3,  ,  ,0.0,0.0,94.0,0.0,  ,  ,0.0,  ,  
2018-12-25 08:00:00,-8.8,-9.61459028998,998.3,  ,  ,0.0,0.0,93.7958333333,0.0,  ,  ,0.0,  ,  
2018-12-25 08:05:00,-8.8,-9.70891629931,998.3,  ,  ,0.0,0.0,93.1,0.0,  ,  ,0.0,  ,  
2018-12-25 08:10:00,-8.8,-9.722523599,998.3,  ,  ,0.0,0.0,93.0,0.0,  ,  ,0.0,  ,  
2018-12-25 08:15:00,-8.8,-9.722523599,998.35526839,  ,  ,0.0,0.0,93.0,0.0,  ,  ,0.0,  ,  
2018-12-25 08:20:00,-8.8,-9.722523599,998.4,  ,  ,0.0,0.0,93.0,0.0,  ,  ,0.0,  ,  
2018-12-25 08:25:00,-8.8,-9.722523599,998.4,  ,  ,0.0,0.0,93.0,0.0,  ,  ,0.0,  ,  
2018-12-25 08:30:00,-8.8,-9.722523599,998.455240934,  ,  ,0.0,0.0,93.0,0.0,  ,  ,0.0,  ,  
2018-12-25 08:35:00,-8.8,-9.722523599,998.5,  ,  ,0.0,0.600002983073,93.0,0.0,  ,  ,0.0,  ,  
2018-12-25 08:40:00,-8.79625,-9.71880376519,998.5,  ,  ,0.0,1.30000646332,93.0,0.0,  ,  ,0.0,  ,  
2018-12-25 08:45:00,-8.74333333333,-9.66631282935,998.5,  ,  ,0.0,0.80000397743,93.0,0.0,  ,  ,0.0,  ,  
2018-12-25 08:50:00,-8.71666666667,-9.63986074126,998.5,  ,  ,0.0,2.80001392101,93.0,0.0,  ,  ,0.0,  ,  
2018-12-25 08:55:00,-8.72041666667,-9.64358056465,998.5,  ,  ,0.0,1.10000546897,93.0,0.0,  ,  ,0.0,  ,  
2018-12-25 09:00:00,-8.75333333333,-9.67623236878,998.555205205,  ,  ,0.0,1.60000795486,93.0,0.0,  ,  ,0.0,  ,  
2018-12-25 09:05:00,-8.79666666667,-9.71921708004,998.6,  ,  ,0.0,1.30000646332,93.0,0.0,  ,  ,0.0,  ,  
2018-12-25 09:10:00,-8.8,-9.722523599,998.6,  ,  ,0.0,1.4000069605,93.0,0.0,  ,  ,0.0,  ,  
2018-12-25 09:15:00,-8.8,-9.7543246154,998.655240934,  ,  ,0.0,1.30000646332,92.7666666667,0.0,  ,  ,0.0,  ,  
2018-12-25 09:20:00,-8.8,-9.81871161887,998.7,  ,  ,0.0,1.60000795486,92.2958333333,0.0,  ,  ,0.0,  ,  
2018-12-25 09:25:00,-8.8,-9.84500591344,998.7,  ,  ,0.0,1.4000069605,92.1041666667,0.0,  ,  ,0.0,  ,  
2018-12-25 09:30:00,-8.79666666667,-9.71921708004,998.75526839,  ,  ,0.0,0.600002983073,93.0,0.0,  ,  ,0.0,  ,  
2018-12-25 09:35:00,-8.71958333333,-9.64275393718,998.8,  ,  ,0.0,0.600002983073,93.0,0.0,  ,  ,0.0,  ,  
2018-12-25 09:40:00,-8.70666666667,-9.62994121463,998.8,  ,  ,0.0,0.0,93.0,0.0,  ,  ,0.0,  ,  
2018-12-25 09:45:00,-8.7,-9.62332819882,998.8,  ,  ,0.0,0.600002983073,93.0,0.0,  ,  ,0.0,  ,  
2018-12-25 09:50:00,-8.7,-9.62332819882,998.8,  ,  ,0.0,0.0,93.0,0.0,  ,  ,0.0,  ,  
2018-12-25 09:55:00,-8.7,-9.62332819882,998.8,  ,  ,0.0,0.900004474609,93.0,0.0,  ,  ,0.0,  ,  
2018-12-25 10:00:00,-8.7,-9.62332819882,998.855240934,  ,  ,0.0,0.900004474609,93.0,0.0,  ,  ,0.0,  ,  
2018-12-25 10:05:00,-8.7,-9.62332819882,998.9,  ,  ,0.0,0.600002983073,93.0,0.0,  ,  ,0.0,  ,  
2018-12-25 10:10:00,-8.7,-9.62332819882,998.9,  ,  ,0.0,0.600002983073,93.0,0.0,  ,  ,0.0,  ,  
2018-12-25 10:15:00,-8.7,-9.62332819882,998.9,  ,  ,0.0,0.80000397743,93.0,0.0,  ,  ,0.0,  ,  
2018-12-25 10:20:00,-8.7,-9.62332819882,998.9,  ,  ,0.0,0.0,93.0,0.0,  ,  ,0.0,  ,  
2018-12-25 10:25:00,-8.7,-9.62332819882,998.9,  ,  ,0.0,1.30000646332,93.0,0.0,  ,  ,0.0,  ,  
2018-12-25 10:30:00,-8.7,-9.62332819882,998.9,  ,  ,0.0,0.900004474609,93.0,0.0,  ,  ,0.0,  ,  
2018-12-25 10:35:00,-8.7,-9.62332819882,998.9,  ,  ,0.0,0.600002983073,93.0,0.0,  ,  ,0.0,  ,  
2018-12-25 10:40:00,-8.68958333333,-9.59880775317,998.9,  ,  ,0.0,0.600002983073,93.1041666667,0.0,  ,  ,0.0,  ,  
2018-12-25 10:45:00,-8.60666666667,-9.42657903442,998.955240934,  ,  ,0.0,0.0,93.7666666667,0.0,  ,  ,0.0,  ,  
2018-12-25 10:50:00,-8.6,-9.42052411156,999.0,  ,  ,0.0,0.0,93.7625,0.0,  ,  ,0.0,  ,  
2018-12-25 10:55:00,-8.59333333333,-9.51752015697,999.0,  ,  ,0.0,0.600002983073,93.0,0.0,  ,  ,0.0,  ,  
2018-12-25 11:00:00,-8.58291666667,-9.45726315675,999.0,  ,  ,0.0,0.900004474609,93.3666666667,0.0,  ,  ,0.0,  ,  
2018-12-25 11:05:00,-8.50708333333,-9.43196472624,999.0,  ,  ,0.0,0.600002983073,93.0,0.0,  ,  ,0.0,  ,  
2018-12-25 11:10:00,-8.50291666667,-9.37277307907,999.0,  ,  ,0.0,0.0,93.4041666667,0.0,  ,  ,0.0,  ,  
2018-12-25 11:15:00,-8.43625,-9.3577192905,999.0,  ,  ,0.0,0.0,93.0291666667,0.0,  ,  ,0.0,  ,  
2018-12-25 11:20:00,-8.40666666667,-9.33235704005,999.0,  ,  ,0.0,0.0,93.0,0.0,  ,  ,0.0,  ,  
2018-12-25 11:25:00,-8.44041666667,-9.36583510275,999.0,  ,  ,0.0,0.0,93.0,0.0,  ,  ,0.0,  ,  
2018-12-25 11:30:00,-8.43625,-9.36170200644,998.94473161,  ,  ,0.0,0.600002983073,93.0,0.0,  ,  ,0.0,  ,  
2018-12-25 11:35:00,-8.4,-9.3257440941,998.9,  ,  ,0.0,1.10000546897,93.0,0.0,  ,  ,0.0,  ,  
2018-12-25 11:40:00,-8.4,-9.3257440941,998.9,  ,  ,0.0,0.0,93.0,0.0,  ,  ,0.0,  ,  
2018-12-25 11:45:00,-8.34625,-9.27242727409,998.955174129,  ,  ,0.0,1.10000546897,93.0,0.0,  ,  ,0.0,  ,  
2018-12-25 11:50:00,-8.31,-9.23646947571,999.0,  ,  ,0.0,1.10000546897,93.0,0.0,  ,  ,0.0,  ,  
2018-12-25 11:55:00,-8.30333333333,-9.22985655227,999.0,  ,  ,0.0,0.900004474609,93.0,0.0,  ,  ,0.0,  ,  
2018-12-25 12:00:00,-8.3,-9.22655009113,999.0,  ,  ,0.0,0.80000397743,93.0,0.0,  ,  ,0.0,  ,  
2018-12-25 12:05:00,-8.3,-9.22655009113,999.0,  ,  ,0.0,1.10000546897,93.0,0.0,  ,  ,0.0,  ,  
2018-12-25 12:10:00,-8.30708333333,-9.27522334008,999.0,  ,  ,0.0,2.80001392101,92.6958333333,0.0,  ,  ,0.0,  ,  
2018-12-25 12:15:00,-8.37,-9.44766997043,998.889463221,  ,  ,0.177500882492,3.80001889279,91.8958333333,0.0,  ,  ,0.0,  ,  
2018-12-25 12:20:00,-8.42708333333,-9.62841600708,998.8,  ,  ,0.600002983073,2.10001044075,91.0,0.0,  ,  ,0.0,  ,  
2018-12-25 12:25:00,-8.49666666667,-9.69727216183,998.8,  ,  ,0.659169943904,1.30000646332,91.0,0.0,  ,  ,0.0,  ,  
2018-12-25 12:30:00,-8.54708333333,-9.74716208742,998.689518132,  ,  ,0.80000397743,0.900004474609,91.0,0.0,  ,  ,0.0,  ,  
2018-12-25 12:35:00,-8.6,-9.70195653817,998.6,  ,  ,0.563336134107,1.4000069605,91.7041666667,0.0,  ,  ,0.0,  ,  
2018-12-25 12:40:00,-8.61,-9.67107193972,998.6,  ,  ,0.0,1.4000069605,92.0,0.0,  ,  ,0.0,  ,  
2018-12-25 12:45:00,-8.69375,-9.80976208504,998.6,  ,  ,0.0,1.9000094464,91.5958333333,0.0,  ,  ,0.0,  ,  
2018-12-25 12:50:00,-8.75708333333,-9.95496929526,998.6,  ,  ,0.0,2.60001292665,91.0,0.0,  ,  ,0.0,  ,  
2018-12-25 12:55:00,-8.80333333333,-10.0007366269,998.6,  ,  ,0.236667843323,1.30000646332,91.0,0.0,  ,  ,0.0,  ,  
2018-12-25 13:00:00,-8.87041666667,-10.1325799426,998.6,  ,  ,0.80000397743,0.900004474609,90.5291666667,0.0,  ,  ,0.0,  ,  
2018-12-25 13:05:00,-8.99416666667,-10.328821681,998.6,  ,  ,0.563336134107,0.900004474609,90.0,0.0,  ,  ,0.0,  ,  
2018-12-25 13:10:00,-9.14375,-10.4766648305,998.6,  ,  ,0.0,0.600002983073,90.0,0.0,  ,  ,0.0,  ,  
2018-12-25 13:15:00,-9.20333333333,-10.4329188842,998.655151817,  ,  ,0.0,0.0,90.7375,0.0,  ,  ,0.0,  ,  
2018-12-25 13:20:00,-9.26041666667,-10.4530550086,998.7,  ,  ,0.0,0.0,91.0,0.0,  ,  ,0.0,  ,  
2018-12-25 13:25:00,-9.3,-10.4830163305,998.7,  ,  ,0.0,0.600002983073,91.0666666667,0.0,  ,  ,0.0,  ,  
2018-12-25 13:30:00,-9.3,-10.3586967428,998.7,  ,  ,0.0,0.0,91.9708333333,0.0,  ,  ,0.0,  ,  
2018-12-25 13:35:00,-9.3,-10.3547045581,998.7,  ,  ,0.0,0.0,92.0,0.0,  ,  ,0.0,  ,  
2018-12-25 13:40:00,-9.3,-10.3547045581,998.7,  ,  ,0.0,0.0,92.0,0.0,  ,  ,0.0,  ,  
2018-12-25 13:45:00,-9.3,-10.3547045581,998.7,  ,  ,0.0,0.0,92.0,0.0,  ,  ,0.0,  ,  
2018-12-25 13:50:00,-9.3,-10.3547045581,998.7,  ,  ,0.0,0.0,92.0,0.0,  ,  ,0.0,  ,  
2018-12-25 13:55:00,-9.3,-10.3547045581,998.7,  ,  ,0.0,0.0,92.0,0.0,  ,  ,0.0,  ,  
2018-12-25 14:00:00,-9.3,-10.3547045581,998.810244878,  ,  ,0.0,0.0,92.0,0.0,  ,  ,0.0,  ,  
2018-12-25 14:05:00,-9.3,-10.3547045581,998.9,  ,  ,0.0,0.0,92.0,0.0,  ,  ,0.0,  ,  
2018-12-25 14:10:00,-9.3,-10.3547045581,998.9,  ,  ,0.0,0.0,92.0,0.0,  ,  ,0.0,  ,  
2018-12-25 14:15:00,-9.25291666667,-10.3080551077,998.9,  ,  ,0.0,0.0,92.0,0.0,  ,  ,0.0,  ,  
2018-12-25 14:20:00,-9.2,-10.2607636757,998.9,  ,  ,0.0,0.0,91.9625,0.0,  ,  ,0.0,  ,  
2018-12-25 14:25:00,-9.18333333333,-10.3767745826,998.9,  ,  ,0.0,0.0,91.0,0.0,  ,  ,0.0,  ,  
2018-12-25 14:30:00,-9.11625,-10.3103902144,998.955240934,  ,  ,0.0,0.0,91.0,0.0,  ,  ,0.0,  ,  
2018-12-25 14:35:00,-9.1,-10.2943095595,999.0,  ,  ,0.0,0.0,91.0,0.0,  ,  ,0.0,  ,  
2018-12-25 14:40:00,-9.1,-10.2943095595,999.0,  ,  ,0.0,0.0,91.0,0.0,  ,  ,0.0,  ,  
2018-12-25 14:45:00,-9.1,-10.3967736903,999.055177589,  ,  ,0.0,0.0,90.2625,0.0,  ,  ,0.0,  ,  
2018-12-25 14:50:00,-9.1,-10.4334236811,999.1,  ,  ,0.0,0.80000397743,90.0,0.0,  ,  ,0.0,  ,  
2018-12-25 14:55:00,-9.1,-10.4386671519,999.1,  ,  ,0.0,0.0,89.9625,0.0,  ,  ,0.0,  ,  
2018-12-25 15:00:00,-9.16708333333,-10.6401404175,999.044781312,  ,  ,0.0,0.0,89.0,0.0,  ,  ,0.0,  ,  
2018-12-25 15:05:00,-9.2,-10.5829850755,999.0,  ,  ,0.0,0.0,89.6375,0.0,  ,  ,0.0,  ,  
2018-12-25 15:10:00,-9.20333333333,-10.535555313,999.0,  ,  ,0.0,0.0,90.0,0.0,  ,  ,0.0,  ,  
2018-12-25 15:15:00,-9.27708333333,-10.6084479764,999.165722802,  ,  ,0.0,0.0,90.0,0.0,  ,  ,0.0,  ,  
2018-12-25 15:20:00,-9.3,-10.6310982949,999.3,  ,  ,0.0,0.0,90.0,0.0,  ,  ,0.0,  ,  
2018-12-25 15:25:00,-9.3,-10.6310982949,999.3,  ,  ,0.0,0.0,90.0,0.0,  ,  ,0.0,  ,  
2018-12-25 15:30:00,-9.33041666667,-10.6611614858,999.355232849,  ,  ,0.0,0.0,90.0,0.0,  ,  ,0.0,  ,  
2018-12-25 15:35:00,-9.4,-10.6783235552,999.4,  ,  ,0.0,0.0,90.3708333333,0.0,  ,  ,0.0,  ,  
2018-12-25 15:40:00,-9.4,-10.5911851127,999.4,  ,  ,0.0,0.0,91.0,0.0,  ,  ,0.0,  ,  
2018-12-25 15:45:00,-9.4,-10.5681918615,999.455218688,  ,  ,0.0,0.0,91.1666666667,0.0,  ,  ,0.0,  ,  
2018-12-25 15:50:00,-9.4,-10.5911851127,999.5,  ,  ,0.0,0.0,91.0,0.0,  ,  ,0.0,  ,  
2018-12-25 15:55:00,-9.44333333333,-10.5789672114,999.5,  ,  ,0.0,0.0,91.4,0.0,  ,  ,0.0,  ,  
2018-12-25 16:00:00,-9.47375,-10.6130913979,999.555240934,  ,  ,0.0,0.0,91.3708333333,0.0,  ,  ,0.0,  ,  
2018-12-25 16:05:00,-9.46,-10.5132307882,999.6,  ,  ,0.0,0.0,92.0,0.0,  ,  ,0.0,  ,  
2018-12-25 16:10:00,-9.49333333333,-10.5462572152,999.6,  ,  ,0.0,0.0,92.0,0.0,  ,  ,0.0,  ,  
2018-12-25 16:15:00,-9.52041666667,-10.6696042786,999.655323383,  ,  ,0.0,0.0,91.2958333333,0.0,  ,  ,0.0,  ,  
2018-12-25 16:20:00,-9.6,-10.7891044098,999.7,  ,  ,0.0,0.0,91.0,0.0,  ,  ,0.0,  ,  
2018-12-25 16:25:00,-9.6,-10.68268758,999.7,  ,  ,0.0,0.0,91.775,0.0,  ,  ,0.0,  ,  
2018-12-25 16:30:00,-9.68041666667,-10.6319433864,999.755240934,  ,  ,0.0,0.0,92.7333333333,0.0,  ,  ,0.0,  ,  
2018-12-25 16:35:00,-9.7,-10.525534439,999.8,  ,  ,0.0,0.0,93.6666666667,0.0,  ,  ,0.0,  ,  
2018-12-25 16:40:00,-9.75375,-10.6686172815,999.8,  ,  ,0.0,0.0,93.0,0.0,  ,  ,0.0,  ,  
2018-12-25 16:45:00,-9.8,-10.7144968131,999.8,  ,  ,0.0,0.0,93.0,0.0,  ,  ,0.0,  ,  
2018-12-25 16:50:00,-9.88375,-10.797576155,999.8,  ,  ,0.0,0.0,93.0,0.0,  ,  ,0.0,  ,  
2018-12-25 16:55:00,-9.93041666667,-10.9029688916,999.8,  ,  ,0.0,0.0,92.5625,0.0,  ,  ,0.0,  ,  
2018-12-25 17:00:00,-10.0604166667,-11.1075596783,999.910437376,  ,  ,0.0,0.0,92.0041666667,0.0,  ,  ,0.0,  ,  
2018-12-25 17:05:00,-10.1,-10.9533299686,1000.0,  ,  ,0.0,0.0,93.4375,0.0,  ,  ,0.0,  ,  
2018-12-25 17:10:00,-10.0833333333,-10.9647451589,1000.0,  ,  ,0.0,0.0,93.2291666667,0.0,  ,  ,0.0,  ,  
2018-12-25 17:15:00,-10.1,-11.0120955891,1000.0,  ,  ,0.0,0.0,93.0,0.0,  ,  ,0.0,  ,  
2018-12-25 17:20:00,-10.1,-11.0120955891,1000.0,  ,  ,0.0,0.0,93.0,0.0,  ,  ,0.0,  ,  
2018-12-25 17:25:00,-10.1,-11.0120955891,1000.0,  ,  ,0.0,0.0,93.0,0.0,  ,  ,0.0,  ,  
2018-12-25 17:30:00,-10.15375,-11.0654157019,999.94473161,  ,  ,0.0,0.0,93.0,0.0,  ,  ,0.0,  ,  
2018-12-25 17:35:00,-10.16625,-11.0280179455,999.9,  ,  ,0.0,0.0,93.3708333333,0.0,  ,  ,0.0,  ,  
2018-12-25 17:40:00,-10.1,-10.9857606426,999.9,  ,  ,0.0,0.0,93.1958333333,0.0,  ,  ,0.0,  ,  
2018-12-25 17:45:00,-10.1,-11.0120955891,999.844759066,  ,  ,0.0,0.0,93.0,0.0,  ,  ,0.0,  ,  
2018-12-25 17:50:00,-10.0695833333,-10.9819222366,999.8,  ,  ,0.0,0.0,93.0,0.0,  ,  ,0.0,  ,  
2018-12-25 17:55:00,-9.97333333333,-10.886442389,999.8,  ,  ,0.0,0.0,93.0,0.0,  ,  ,0.0,  ,  
2018-12-25 18:00:00,-9.90958333333,-10.8507566861,999.744660679,  ,  ,0.0,0.0,92.7958333333,0.0,  ,  ,0.0,  ,  
2018-12-25 18:05:00,-9.85958333333,-10.8542022425,999.7,  ,  ,0.0,0.0,92.4041666667,0.0,  ,  ,0.0,  ,  
2018-12-25 18:10:00,-9.76,-10.6209189981,999.7,  ,  ,0.0,0.0,93.4,0.0,  ,  ,0.0,  ,  
2018-12-25 18:15:00,-9.78666666667,-10.8329175449,999.644632207,  ,  ,0.0,0.0,92.0291666667,0.0,  ,  ,0.0,  ,  
2018-12-25 18:20:00,-9.8,-10.8047555119,999.6,  ,  ,0.0,0.0,92.3333333333,0.0,  ,  ,0.0,  ,  
2018-12-25 18:25:00,-9.82333333333,-10.800186081,999.6,  ,  ,0.0,0.0,92.5375,0.0,  ,  ,0.0,  ,  
2018-12-25 18:30:00,-9.80666666667,-10.721110085,999.544832751,  ,  ,0.0,0.0,93.0,0.0,  ,  ,0.0,  ,  
2018-12-25 18:35:00,-9.78625,-10.7059193057,999.5,  ,  ,0.0,0.0,92.9625,0.0,  ,  ,0.0,  ,  
2018-12-25 18:40:00,-9.7,-10.7561371915,999.5,  ,  ,0.0,0.0,91.9625,0.0,  ,  ,0.0,  ,  
2018-12-25 18:45:00,-9.7,-10.7823102253,999.444632207,  ,  ,0.0,0.0,91.7708333333,0.0,  ,  ,0.0,  ,  
2018-12-25 18:50:00,-9.69666666667,-10.7477193839,999.4,  ,  ,0.0,0.600002983073,92.0,0.0,  ,  ,0.0,  ,  
2018-12-25 18:55:00,-9.62291666667,-10.6746478731,999.4,  ,  ,0.0,0.0,92.0,0.0,  ,  ,0.0,  ,  
2018-12-25 19:00:00,-9.60333333333,-10.6552447401,999.289363817,  ,  ,0.0,0.0,92.0,0.0,  ,  ,0.0,  ,  
2018-12-25 19:05:00,-9.65041666667,-10.6922338057,999.2,  ,  ,0.0,0.0,92.0708333333,0.0,  ,  ,0.0,  ,  
2018-12-25 19:10:00,-9.7,-10.7567056544,999.2,  ,  ,0.0,0.0,91.9583333333,0.0,  ,  ,0.0,  ,  
2018-12-25 19:15:00,-9.75375,-10.9412560995,999.255422886,  ,  ,0.0,0.0,91.0,0.0,  ,  ,0.0,  ,  
2018-12-25 19:20:00,-9.86375,-11.0501132491,999.3,  ,  ,0.0,0.0,91.0,0.0,  ,  ,0.0,  ,  
2018-12-25 19:25:00,-9.94708333333,-10.963550787,999.3,  ,  ,0.0,0.0,92.2375,0.0,  ,  ,0.0,  ,  
2018-12-25 19:30:00,-10.0770833333,-11.0878734171,999.189264414,  ,  ,0.0,0.0,92.2708333333,0.0,  ,  ,0.0,  ,  
2018-12-25 19:35:00,-10.1504166667,-11.1075906966,999.1,  ,  ,0.0,0.0,92.6625,0.0,  ,  ,0.0,  ,  
2018-12-25 19:40:00,-10.2,-11.2464279434,999.1,  ,  ,0.0,0.0,92.0,0.0,  ,  ,0.0,  ,  
2018-12-25 19:45:00,-10.2,-11.2464279434,999.044694695,  ,  ,0.0,0.0,92.0,0.0,  ,  ,0.0,  ,  
2018-12-25 19:50:00,-10.2,-11.2419025351,999.0,  ,  ,0.0,0.0,92.0333333333,0.0,  ,  ,0.0,  ,  
2018-12-25 19:55:00,-10.2,-11.1871476771,999.0,  ,  ,0.0,0.0,92.4375,0.0,  ,  ,0.0,  ,  
2018-12-25 20:00:00,-10.17625,-11.087735779,998.944659712,  ,  ,0.0,0.0,93.0,0.0,  ,  ,0.0,  ,  
2018-12-25 20:05:00,-10.1,-11.0666027661,998.9,  ,  ,0.0,0.0,92.5958333333,0.0,  ,  ,0.0,  ,  
2018-12-25 20:10:00,-10.1,-11.1836335692,998.9,  ,  ,0.0,0.0,91.7333333333,0.0,  ,  ,0.0,  ,  
2018-12-25 20:15:00,-10.1804166667,-11.2270243576,998.844743398,  ,  ,0.0,0.0,92.0,0.0,  ,  ,0.0,  ,  
2018-12-25 20:20:00,-10.2,-11.2464279434,998.8,  ,  ,0.0,0.0,92.0,0.0,  ,  ,0.0,  ,  
2018-12-25 20:25:00,-10.2,-11.2464279434,998.8,  ,  ,0.0,0.0,92.0,0.0,  ,  ,0.0,  ,  
2018-12-25 20:30:00,-10.2033333333,-11.2497306829,998.855340288,  ,  ,0.0,0.0,92.0,0.0,  ,  ,0.0,  ,  
2018-12-25 20:35:00,-10.2836820084,-11.329342041,998.9,  ,  ,0.0,0.0,92.0,0.0,  ,  ,0.0,  ,  
2018-12-25 20:40:00,-10.3,-11.3455103227,998.9,  ,  ,0.0,0.0,92.0,0.0,  ,  ,0.0,  ,  
2018-12-25 20:45:00,-10.3,-11.3455103227,998.844781312,  ,  ,0.0,0.0,92.0,0.0,  ,  ,0.0,  ,  
2018-12-25 20:50:00,-10.3,-11.3455103227,998.8,  ,  ,0.0,1.60000795486,92.0,0.0,  ,  ,0.0,  ,  
2018-12-25 20:55:00,-10.3,-11.3455103227,998.8,  ,  ,0.0,0.600002983073,92.0,0.0,  ,  ,0.0,  ,  
2018-12-25 21:00:00,-10.3,-11.3455103227,998.689486796,  ,  ,0.0,0.600002983073,92.0,0.0,  ,  ,0.0,  ,  
2018-12-25 21:05:00,-10.3,-11.3364688816,998.6,  ,  ,0.0,0.0,92.0666666667,0.0,  ,  ,0.0,  ,  
2018-12-25 21:10:00,-10.2466666667,-11.1934831388,998.6,  ,  ,0.0,0.0,92.7333333333,0.0,  ,  ,0.0,  ,  
2018-12-25 21:15:00,-10.2,-11.2102654447,998.48971684,  ,  ,0.0,0.0,92.2666666667,0.0,  ,  ,0.0,  ,  
2018-12-25 21:20:00,-10.1033333333,-11.0828628878,998.4,  ,  ,0.0,0.900004474609,92.5,0.0,  ,  ,0.0,  ,  
2018-12-25 21:25:00,-10.03,-11.0779888179,998.4,  ,  ,0.0,0.0,92.0,0.0,  ,  ,0.0,  ,  
2018-12-25 21:30:00,-9.99666666667,-11.0449616742,998.4,  ,  ,0.0,0.0,92.0,0.0,  ,  ,0.0,  ,  
2018-12-25 21:35:00,-9.97333333333,-11.094592399,998.4,  ,  ,0.0,0.0,91.4666666667,0.0,  ,  ,0.0,  ,  
2018-12-25 21:40:00,-9.99666666667,-11.1085840777,998.4,  ,  ,0.0,0.0,91.5333333333,0.0,  ,  ,0.0,  ,  
2018-12-25 21:45:00,-10.0733333333,-11.2575206211,998.34485842,  ,  ,0.0,0.0,91.0,0.0,  ,  ,0.0,  ,  
2018-12-25 21:50:00,-10.1,-11.247363299,998.3,  ,  ,0.0,0.900004474609,91.2666666667,0.0,  ,  ,0.0,  ,  
2018-12-25 21:55:00,-10.1,-11.1201916168,998.3,  ,  ,0.0,0.900004474609,92.2,0.0,  ,  ,0.0,  ,  
2018-12-25 22:00:00,-10.0933333333,-11.1271559903,998.24485842,  ,  ,0.0,0.600002983073,92.1,0.0,  ,  ,0.0,  ,  
2018-12-25 22:05:00,-10.01,-11.0581725263,998.2,  ,  ,0.0,0.0,92.0,0.0,  ,  ,0.0,  ,  
2018-12-25 22:10:00,-9.98666666667,-11.0350535398,998.2,  ,  ,0.0,0.0,92.0,0.0,  ,  ,0.0,  ,  
2018-12-25 22:15:00,-9.94,-10.988815632,998.144831014,  ,  ,0.0,0.80000397743,92.0,0.0,  ,  ,0.0,  ,  
2018-12-25 22:20:00,-10.0266666667,-11.2113382908,998.1,  ,  ,0.0,0.0,91.0,0.0,  ,  ,0.0,  ,  
2018-12-25 22:25:00,-10.1,-11.2839105684,998.1,  ,  ,0.0,0.0,91.0,0.0,  ,  ,0.0,  ,  
2018-12-25 22:30:00,-10.1,-11.1609428374,998.04485842,  ,  ,0.0,0.900004474609,91.9,0.0,  ,  ,0.0,  ,  
2018-12-25 22:35:00,-10.1,-11.1473459646,998.0,  ,  ,0.0,1.4000069605,92.0,0.0,  ,  ,0.0,  ,  
2018-12-25 22:40:00,-10.1,-11.2793369529,998.0,  ,  ,0.0,0.600002983073,91.0333333333,0.0,  ,  ,0.0,  ,  
2018-12-25 22:45:00,-10.1233333333,-11.2887200006,997.944727636,  ,  ,0.0,1.9000094464,91.1333333333,0.0,  ,  ,0.0,  ,  
2018-12-25 22:50:00,-10.1033333333,-11.1506486908,997.9,  ,  ,0.0,0.0,92.0,0.0,  ,  ,0.0,  ,  
2018-12-25 22:55:00,-10.1,-11.1836335692,997.9,  ,  ,0.0,1.80000894922,91.7333333333,0.0,  ,  ,0.0,  ,  
2018-12-25 23:00:00,-10.1066666667,-11.2905080602,997.844880716,  ,  ,0.0,1.4000069605,91.0,0.0,  ,  ,0.0,  ,  
2018-12-25 23:05:00,-10.2,-11.3600399408,997.8,  ,  ,0.0,0.80000397743,91.1666666667,0.0,  ,  ,0.0,  ,  
2018-12-25 23:10:00,-10.2,-11.2464279434,997.8,  ,  ,0.0,2.10001044075,92.0,0.0,  ,  ,0.0,  ,  
2018-12-25 23:15:00,-10.2,-11.3281357529,997.744905095,  ,  ,0.0,1.60000795486,91.4,0.0,  ,  ,0.0,  ,  
2018-12-25 23:20:00,-10.2,-11.3828731571,997.7,  ,  ,0.0,0.0,91.0,0.0,  ,  ,0.0,  ,  
2018-12-25 23:25:00,-10.2,-11.3828731571,997.7,  ,  ,0.0,1.30000646332,91.0,0.0,  ,  ,0.0,  ,  
2018-12-25 23:30:00,-10.2,-11.369168767,997.7,  ,  ,0.0,1.4000069605,91.1,0.0,  ,  ,0.0,  ,  
2018-12-25 23:35:00,-10.2,-11.3144847079,997.7,  ,  ,0.0,0.80000397743,91.5,0.0,  ,  ,0.0,  ,  
2018-12-25 23:40:00,-10.1166666667,-11.2092271539,997.7,  ,  ,0.0,1.80000894922,91.6666666667,0.0,  ,  ,0.0,  ,  
2018-12-25 23:45:00,-10.1466666667,-11.3300930535,997.589518132,  ,  ,0.175000870063,1.80000894922,91.0,0.0,  ,  ,0.0,  ,  
2018-12-25 23:50:00,-10.2,-11.3828731571,997.5,  ,  ,0.600002983073,2.10001044075,91.0,0.0,  ,  ,0.0,  ,  
  

    

