Time,TemperatureC,DewpointC,PressurehPa,WindDirection,WindDirectionDegrees,WindSpeedKMH,WindSpeedGustKMH,Humidity,HourlyPrecipMM,Conditions,Clouds,dailyrainMM,SoftwareType,DateUTC
                
2019-12-27 00:00:00,0.4,0.261284575364,746.658680339,  ,  ,0.0,1.30000646332,99.0,0.0,  ,  ,0.0,  ,  
2019-12-27 00:05:00,0.4,0.261284575364,746.611396272,  ,  ,0.0,0.0,99.0,0.0,  ,  ,0.0,  ,  
2019-12-27 00:10:00,0.4,0.261284575364,746.611396272,  ,  ,0.0,0.0,99.0,0.0,  ,  ,0.0,  ,  
2019-12-27 00:15:00,0.4,0.261284575364,746.611396272,  ,  ,0.0,0.0,99.0,0.0,  ,  ,0.0,  ,  
2019-12-27 00:20:00,0.4,0.261284575364,746.611396272,  ,  ,0.0,0.0,99.0,0.0,  ,  ,0.0,  ,  
2019-12-27 00:25:00,0.4,0.261284575364,746.611396272,  ,  ,0.0,0.0,99.0,0.0,  ,  ,0.0,  ,  
2019-12-27 00:30:00,0.4,0.261284575364,746.611396272,  ,  ,0.0,0.0,99.0,0.0,  ,  ,0.0,  ,  
2019-12-27 00:35:00,0.4,0.261284575364,746.611396272,  ,  ,0.0,0.0,99.0,0.0,  ,  ,0.0,  ,  
2019-12-27 00:40:00,0.4,0.261284575364,746.611396272,  ,  ,0.0,0.0,99.0,0.0,  ,  ,0.0,  ,  
2019-12-27 00:45:00,0.4,0.261284575364,746.611396272,  ,  ,0.0,0.0,99.0,0.0,  ,  ,0.0,  ,  
2019-12-27 00:50:00,0.4,0.261284575364,746.611396272,  ,  ,0.0,0.0,99.0,0.0,  ,  ,0.0,  ,  
2019-12-27 00:55:00,0.37125,0.232568062691,746.611396272,  ,  ,0.0,0.0,99.0,0.0,  ,  ,0.0,  ,  
2019-12-27 01:00:00,0.3,0.161401035609,746.611396272,  ,  ,0.0,0.0,99.0,0.0,  ,  ,0.0,  ,  
2019-12-27 01:05:00,0.3,0.161401035609,746.611396272,  ,  ,0.0,0.600002983073,99.0,0.0,  ,  ,0.0,  ,  
2019-12-27 01:10:00,0.3,0.161401035609,746.611396272,  ,  ,0.0,0.0,99.0,0.0,  ,  ,0.0,  ,  
2019-12-27 01:15:00,0.3,0.161401035609,746.611396272,  ,  ,0.0,1.60000795486,99.0,0.0,  ,  ,0.0,  ,  
2019-12-27 01:20:00,0.247916666667,0.109378339294,746.611396272,  ,  ,0.0,1.80000894922,99.0,0.0,  ,  ,0.0,  ,  
2019-12-27 01:25:00,0.2,0.0615174469738,746.611396272,  ,  ,0.0,0.80000397743,99.0,0.0,  ,  ,0.0,  ,  
2019-12-27 01:30:00,0.2,0.0615174469738,746.611396272,  ,  ,0.0,1.4000069605,99.0,0.0,  ,  ,0.0,  ,  
2019-12-27 01:35:00,0.2,0.0615174469738,746.611396272,  ,  ,0.0,0.600002983073,99.0,0.0,  ,  ,0.0,  ,  
2019-12-27 01:40:00,0.2,0.0615174469738,746.611396272,  ,  ,0.0,1.60000795486,99.0,0.0,  ,  ,0.0,  ,  
2019-12-27 01:45:00,0.2,0.0615174469738,746.611396272,  ,  ,0.0,1.10000546897,99.0,0.0,  ,  ,0.0,  ,  
2019-12-27 01:50:00,0.2,0.0615174469738,746.611396272,  ,  ,0.0,1.30000646332,99.0,0.0,  ,  ,0.0,  ,  
2019-12-27 01:55:00,0.194583333333,0.0561070845272,746.611396272,  ,  ,0.0,1.4000069605,99.0,0.0,  ,  ,0.0,  ,  
2019-12-27 02:00:00,0.172083333333,0.0336332697524,746.583562389,  ,  ,0.0,0.0,99.0,0.0,  ,  ,0.0,  ,  
2019-12-27 02:05:00,0.173333333333,0.0348818150826,746.536390104,  ,  ,0.0,0.0,99.0,0.0,  ,  ,0.0,  ,  
2019-12-27 02:10:00,0.2,0.0615174469738,746.536390104,  ,  ,0.0,0.900004474609,99.0,0.0,  ,  ,0.0,  ,  
2019-12-27 02:15:00,0.13125,-0.00715254856688,746.536390104,  ,  ,0.0,1.4000069605,99.0,0.0,  ,  ,0.0,  ,  
2019-12-27 02:20:00,0.1,-0.038366190541,746.536390104,  ,  ,0.0,1.9000094464,99.0,0.0,  ,  ,0.0,  ,  
2019-12-27 02:25:00,0.1,-0.038366190541,746.536390104,  ,  ,0.0,1.60000795486,99.0,0.0,  ,  ,0.0,  ,  
2019-12-27 02:30:00,0.1,-0.038366190541,746.536390104,  ,  ,0.0,1.30000646332,99.0,0.0,  ,  ,0.0,  ,  
2019-12-27 02:35:00,0.1,-0.038366190541,746.536390104,  ,  ,0.0,0.0,99.0,0.0,  ,  ,0.0,  ,  
2019-12-27 02:40:00,0.1,-0.038366190541,746.536390104,  ,  ,0.0,0.0,99.0,0.0,  ,  ,0.0,  ,  
2019-12-27 02:45:00,0.1,-0.038366190541,746.50855622,  ,  ,0.0,1.30000646332,99.0,0.0,  ,  ,0.0,  ,  
2019-12-27 02:50:00,0.1,-0.038366190541,746.461383936,  ,  ,0.0,0.600002983073,99.0,0.0,  ,  ,0.0,  ,  
2019-12-27 02:55:00,0.1,-0.038366190541,746.461383936,  ,  ,0.0,0.0,99.0,0.0,  ,  ,0.0,  ,  
2019-12-27 03:00:00,0.1,-0.038366190541,746.461383936,  ,  ,0.0,0.80000397743,99.0,0.0,  ,  ,0.0,  ,  
2019-12-27 03:05:00,0.1,-0.038366190541,746.461383936,  ,  ,0.0,1.30000646332,99.0,0.0,  ,  ,0.0,  ,  
2019-12-27 03:10:00,0.1,-0.038366190541,746.461383936,  ,  ,0.0,0.0,99.0,0.0,  ,  ,0.0,  ,  
2019-12-27 03:15:00,0.1,-0.038366190541,746.461383936,  ,  ,0.0,0.900004474609,99.0,0.0,  ,  ,0.0,  ,  
2019-12-27 03:20:00,0.1,-0.038366190541,746.461383936,  ,  ,0.0,0.80000397743,99.0,0.0,  ,  ,0.0,  ,  
2019-12-27 03:25:00,0.1,-0.038366190541,746.461383936,  ,  ,0.0,0.0,99.0,0.0,  ,  ,0.0,  ,  
2019-12-27 03:30:00,0.1,-0.038366190541,746.433550053,  ,  ,0.0,1.4000069605,99.0,0.0,  ,  ,0.0,  ,  
2019-12-27 03:35:00,0.1,-0.038366190541,746.386377768,  ,  ,0.0,1.10000546897,99.0,0.0,  ,  ,0.0,  ,  
2019-12-27 03:40:00,0.1,-0.038366190541,746.386377768,  ,  ,0.0,0.80000397743,99.0,0.0,  ,  ,0.0,  ,  
2019-12-27 03:45:00,0.1,-0.038366190541,746.358530051,  ,  ,0.0,0.0,99.0,0.0,  ,  ,0.0,  ,  
2019-12-27 03:50:00,0.1,-0.038366190541,746.3113716,  ,  ,0.0,1.80000894922,99.0,0.0,  ,  ,0.0,  ,  
2019-12-27 03:55:00,0.1,-0.038366190541,746.3113716,  ,  ,0.0,0.0,99.0,0.0,  ,  ,0.0,  ,  
2019-12-27 04:00:00,0.1,-0.038366190541,746.283537716,  ,  ,0.0,0.900004474609,99.0,0.0,  ,  ,0.0,  ,  
2019-12-27 04:05:00,0.1,-0.038366190541,746.236365432,  ,  ,0.0,2.10001044075,99.0,0.0,  ,  ,0.0,  ,  
2019-12-27 04:10:00,0.1,-0.038366190541,746.236365432,  ,  ,0.0,1.4000069605,99.0,0.0,  ,  ,0.0,  ,  
2019-12-27 04:15:00,0.1,-0.038366190541,746.264213149,  ,  ,0.0,1.10000546897,99.0,0.0,  ,  ,0.0,  ,  
2019-12-27 04:20:00,0.1,-0.038366190541,746.3113716,  ,  ,0.0,1.30000646332,99.0,0.0,  ,  ,0.0,  ,  
2019-12-27 04:25:00,0.1,-0.038366190541,746.3113716,  ,  ,0.0,0.0,99.0,0.0,  ,  ,0.0,  ,  
2019-12-27 04:30:00,0.1,-0.038366190541,746.283523883,  ,  ,0.0,0.0,99.0,0.0,  ,  ,0.0,  ,  
2019-12-27 04:35:00,0.1,-0.038366190541,746.236365432,  ,  ,0.0,0.0,99.0,0.0,  ,  ,0.0,  ,  
2019-12-27 04:40:00,0.1,-0.038366190541,746.236365432,  ,  ,0.0,0.0,99.0,0.0,  ,  ,0.0,  ,  
2019-12-27 04:45:00,0.1,-0.038366190541,746.236365432,  ,  ,0.0,0.0,99.0,0.0,  ,  ,0.0,  ,  
2019-12-27 04:50:00,0.1,-0.038366190541,746.236365432,  ,  ,0.0,1.10000546897,99.0,0.0,  ,  ,0.0,  ,  
2019-12-27 04:55:00,0.1,-0.038366190541,746.236365432,  ,  ,0.0,1.60000795486,99.0,0.0,  ,  ,0.0,  ,  
2019-12-27 05:00:00,0.1,-0.038366190541,746.208557534,  ,  ,0.0,1.30000646332,99.0,0.0,  ,  ,0.0,  ,  
2019-12-27 05:05:00,0.1,-0.038366190541,746.161359264,  ,  ,0.0,1.80000894922,99.0,0.0,  ,  ,0.0,  ,  
2019-12-27 05:10:00,0.1,-0.038366190541,746.161359264,  ,  ,0.0,1.60000795486,99.0,0.0,  ,  ,0.0,  ,  
2019-12-27 05:15:00,0.1,-0.038366190541,746.189095143,  ,  ,0.0,0.600002983073,99.0,0.0,  ,  ,0.0,  ,  
2019-12-27 05:20:00,0.1,-0.038366190541,746.236365432,  ,  ,0.0,0.0,99.0,0.0,  ,  ,0.0,  ,  
2019-12-27 05:25:00,0.1,-0.038366190541,746.236365432,  ,  ,0.0,0.0,99.0,0.0,  ,  ,0.0,  ,  
2019-12-27 05:30:00,0.1,-0.038366190541,746.236365432,  ,  ,0.0,1.10000546897,99.0,0.0,  ,  ,0.0,  ,  
2019-12-27 05:35:00,0.1,-0.038366190541,746.236365432,  ,  ,0.0,1.4000069605,99.0,0.0,  ,  ,0.0,  ,  
2019-12-27 05:40:00,0.1,-0.038366190541,746.236365432,  ,  ,0.0,0.0,99.0,0.0,  ,  ,0.0,  ,  
2019-12-27 05:45:00,0.1,-0.038366190541,746.236365432,  ,  ,0.0,0.0,99.0,0.0,  ,  ,0.0,  ,  
2019-12-27 05:50:00,0.1,-0.038366190541,746.236365432,  ,  ,0.0,0.80000397743,99.0,0.0,  ,  ,0.0,  ,  
2019-12-27 05:55:00,0.1,-0.038366190541,746.236365432,  ,  ,0.0,0.0,99.0,0.0,  ,  ,0.0,  ,  
2019-12-27 06:00:00,0.1,-0.038366190541,746.236365432,  ,  ,0.0,0.600002983073,99.0,0.0,  ,  ,0.0,  ,  
2019-12-27 06:05:00,0.1,-0.038366190541,746.236365432,  ,  ,0.0,0.80000397743,99.0,0.0,  ,  ,0.0,  ,  
2019-12-27 06:10:00,0.1,-0.038366190541,746.236365432,  ,  ,0.0,0.0,99.0,0.0,  ,  ,0.0,  ,  
2019-12-27 06:15:00,0.1,-0.038366190541,746.236365432,  ,  ,0.0,0.0,99.0,0.0,  ,  ,0.0,  ,  
2019-12-27 06:20:00,0.1,-0.038366190541,746.236365432,  ,  ,0.0,0.0,99.0,0.0,  ,  ,0.0,  ,  
2019-12-27 06:25:00,0.1,-0.038366190541,746.236365432,  ,  ,0.0,1.10000546897,99.0,0.0,  ,  ,0.0,  ,  
2019-12-27 06:30:00,0.1,-0.038366190541,746.236365432,  ,  ,0.0,0.0,99.0,0.0,  ,  ,0.0,  ,  
2019-12-27 06:35:00,0.1,-0.038366190541,746.236365432,  ,  ,0.0,0.0,99.0,0.0,  ,  ,0.0,  ,  
2019-12-27 06:40:00,0.1,-0.038366190541,746.236365432,  ,  ,0.0,0.0,99.0,0.0,  ,  ,0.0,  ,  
2019-12-27 06:45:00,0.1,-0.038366190541,746.236365432,  ,  ,0.0,0.0,99.0,0.0,  ,  ,0.0,  ,  
2019-12-27 06:50:00,0.1,-0.038366190541,746.236365432,  ,  ,0.0,0.0,99.0,0.0,  ,  ,0.0,  ,  
2019-12-27 06:55:00,0.1,-0.038366190541,746.236365432,  ,  ,0.0,0.0,99.0,0.0,  ,  ,0.0,  ,  
2019-12-27 07:00:00,0.1,-0.038366190541,746.236365432,  ,  ,0.0,0.0,99.0,0.0,  ,  ,0.0,  ,  
2019-12-27 07:05:00,0.1,-0.038366190541,746.236365432,  ,  ,0.0,0.0,99.0,0.0,  ,  ,0.0,  ,  
2019-12-27 07:10:00,0.09,-0.0483545569809,746.236365432,  ,  ,0.0,0.0,99.0,0.0,  ,  ,0.0,  ,  
2019-12-27 07:15:00,0.1,-0.038366190541,746.264064032,  ,  ,0.0,0.0,99.0,0.0,  ,  ,0.0,  ,  
2019-12-27 07:20:00,0.1,-0.038366190541,746.3113716,  ,  ,0.0,0.0,99.0,0.0,  ,  ,0.0,  ,  
2019-12-27 07:25:00,0.1,-0.038366190541,746.3113716,  ,  ,0.0,0.0,99.0,0.0,  ,  ,0.0,  ,  
2019-12-27 07:30:00,0.1,-0.038366190541,746.255927398,  ,  ,0.0,0.0,99.0,0.0,  ,  ,0.0,  ,  
2019-12-27 07:35:00,0.1,-0.038366190541,746.161359264,  ,  ,0.0,1.4000069605,99.0,0.0,  ,  ,0.0,  ,  
2019-12-27 07:40:00,0.1,-0.038366190541,746.161359264,  ,  ,0.0,1.60000795486,99.0,0.0,  ,  ,0.0,  ,  
2019-12-27 07:45:00,0.1,-0.038366190541,746.189095143,  ,  ,0.0,0.600002983073,99.0,0.0,  ,  ,0.0,  ,  
2019-12-27 07:50:00,0.1,-0.038366190541,746.236365432,  ,  ,0.0,0.0,99.0,0.0,  ,  ,0.0,  ,  
2019-12-27 07:55:00,0.1,-0.038366190541,746.236365432,  ,  ,0.0,0.900004474609,99.0,0.0,  ,  ,0.0,  ,  
2019-12-27 08:00:00,0.0866666666667,-0.0516840125695,746.236365432,  ,  ,0.0,1.9000094464,99.0,0.0,  ,  ,0.0,  ,  
2019-12-27 08:05:00,0.0316666666667,-0.106620037622,746.236365432,  ,  ,0.0,1.9000094464,99.0,0.0,  ,  ,0.0,  ,  
2019-12-27 08:10:00,0.0,-0.138249876936,746.236365432,  ,  ,0.42500211301,0.600002983073,99.0,0.0,  ,  ,0.0,  ,  
2019-12-27 08:15:00,0.0,-0.138249876936,746.264101311,  ,  ,0.600002983073,1.9000094464,99.0,0.0,  ,  ,0.0,  ,  
2019-12-27 08:20:00,0.0,-0.138249876936,746.3113716,  ,  ,0.175000870063,1.80000894922,99.0,0.0,  ,  ,0.0,  ,  
2019-12-27 08:25:00,0.0,-0.138249876936,746.3113716,  ,  ,0.0,0.0,99.0,0.0,  ,  ,0.0,  ,  
2019-12-27 08:30:00,0.0,-0.138249876936,746.3113716,  ,  ,0.0,0.900004474609,99.0,0.0,  ,  ,0.0,  ,  
2019-12-27 08:35:00,0.0,-0.138249876936,746.3113716,  ,  ,0.0,1.30000646332,99.0,0.0,  ,  ,0.0,  ,  
2019-12-27 08:40:00,0.0,-0.138249876936,746.3113716,  ,  ,0.0,2.40001193229,99.0,0.0,  ,  ,0.0,  ,  
2019-12-27 08:45:00,0.0,-0.138249876936,746.339076581,  ,  ,0.0,1.80000894922,99.0,0.0,  ,  ,0.0,  ,  
2019-12-27 08:50:00,0.0,-0.138249876936,746.386377768,  ,  ,0.0,1.30000646332,99.0,0.0,  ,  ,0.0,  ,  
2019-12-27 08:55:00,0.0,-0.138249876936,746.386377768,  ,  ,0.0,1.60000795486,99.0,0.0,  ,  ,0.0,  ,  
2019-12-27 09:00:00,0.0,-0.138249876936,746.441849526,  ,  ,0.0,1.60000795486,99.0,0.0,  ,  ,0.0,  ,  
2019-12-27 09:05:00,0.0,-0.138249876936,746.536390104,  ,  ,0.0,1.30000646332,99.0,0.0,  ,  ,0.0,  ,  
2019-12-27 09:10:00,0.0,-0.138249876936,746.536390104,  ,  ,0.0,2.40001193229,99.0,0.0,  ,  ,0.0,  ,  
2019-12-27 09:15:00,-0.00666666666667,-0.1449087911,746.591834306,  ,  ,0.0,2.10001044075,99.0,0.0,  ,  ,0.0,  ,  
2019-12-27 09:20:00,-0.01,-0.148238248264,746.68640244,  ,  ,0.566669484013,2.30001143511,99.0,0.0,  ,  ,0.0,  ,  
2019-12-27 09:25:00,-0.065,-0.203174299304,746.68640244,  ,  ,0.80000397743,2.30001143511,99.0,0.0,  ,  ,0.0,  ,  
2019-12-27 09:30:00,-0.0766666666667,-0.214827402941,746.658680339,  ,  ,0.658336606427,1.9000094464,99.0,0.0,  ,  ,0.0,  ,  
2019-12-27 09:35:00,-0.0783333333333,-0.216492132086,746.611396272,  ,  ,0.600002983073,1.80000894922,99.0,0.0,  ,  ,0.0,  ,  
2019-12-27 09:40:00,-0.0783333333333,-0.216492132086,746.611396272,  ,  ,0.600002983073,2.30001143511,99.0,0.0,  ,  ,0.0,  ,  
2019-12-27 09:45:00,-0.09,-0.228145236484,746.611396272,  ,  ,0.600002983073,0.900004474609,99.0,0.0,  ,  ,0.0,  ,  
2019-12-27 09:50:00,-0.0933333333333,-0.231474695005,746.611396272,  ,  ,0.600002983073,2.30001143511,99.0,0.0,  ,  ,0.0,  ,  
2019-12-27 09:55:00,-0.1,-0.238133612211,746.611396272,  ,  ,0.600002983073,1.30000646332,99.0,0.0,  ,  ,0.0,  ,  
2019-12-27 10:00:00,-0.1,-0.238133612211,746.639118373,  ,  ,0.175000870063,1.10000546897,99.0,0.0,  ,  ,0.0,  ,  
2019-12-27 10:05:00,-0.1,-0.238133612211,746.68640244,  ,  ,0.0,2.30001143511,99.0,0.0,  ,  ,0.0,  ,  
2019-12-27 10:10:00,-0.1,-0.238133612211,746.68640244,  ,  ,0.566669484013,1.60000795486,99.0,0.0,  ,  ,0.0,  ,  
2019-12-27 10:15:00,-0.1,-0.238133612211,746.714091284,  ,  ,0.80000397743,1.4000069605,99.0,0.0,  ,  ,0.0,  ,  
2019-12-27 10:20:00,-0.1,-0.238133612211,746.761408608,  ,  ,0.233334493417,0.80000397743,99.0,0.0,  ,  ,0.0,  ,  
2019-12-27 10:25:00,-0.1,-0.238133612211,746.761408608,  ,  ,0.0,1.60000795486,99.0,0.0,  ,  ,0.0,  ,  
2019-12-27 10:30:00,-0.0966666666667,-0.234804153581,746.789127462,  ,  ,0.0,1.80000894922,99.0,0.0,  ,  ,0.0,  ,  
2019-12-27 10:35:00,-0.1,-0.238133612211,746.836414776,  ,  ,0.0,1.80000894922,99.0,0.0,  ,  ,0.0,  ,  
2019-12-27 10:40:00,-0.0183333333333,-0.15656189141,746.836414776,  ,  ,0.0,1.10000546897,99.0,0.0,  ,  ,0.0,  ,  
2019-12-27 10:45:00,0.0,-0.138249876936,746.864119757,  ,  ,0.0,2.40001193229,99.0,0.0,  ,  ,0.0,  ,  
2019-12-27 10:50:00,0.0,-0.138249876936,746.911420944,  ,  ,0.42500211301,1.9000094464,99.0,0.0,  ,  ,0.0,  ,  
2019-12-27 10:55:00,0.0,-0.138249876936,746.911420944,  ,  ,0.600002983073,1.4000069605,99.0,0.0,  ,  ,0.0,  ,  
2019-12-27 11:00:00,0.01,-0.128261506097,746.911420944,  ,  ,0.600002983073,2.40001193229,99.0,0.0,  ,  ,0.0,  ,  
2019-12-27 11:05:00,0.0,-0.138249876936,746.911420944,  ,  ,0.600002983073,2.60001292665,99.0,0.0,  ,  ,0.0,  ,  
2019-12-27 11:10:00,0.0,-0.138249876936,746.911420944,  ,  ,0.954171410581,1.80000894922,99.0,0.0,  ,  ,0.0,  ,  
2019-12-27 11:15:00,-0.00166666666667,-0.139914605457,746.939143045,  ,  ,1.10000546897,2.80001392101,99.0,0.0,  ,  ,0.0,  ,  
2019-12-27 11:20:00,-0.09,-0.228145236484,746.986427112,  ,  ,0.958338097964,2.90001441819,99.0,0.0,  ,  ,0.0,  ,  
2019-12-27 11:25:00,-0.1,-0.291412155109,746.986427112,  ,  ,0.900004474609,3.60001789844,98.6166666667,0.0,  ,  ,0.0,  ,  
2019-12-27 11:30:00,-0.136666666667,-0.414087721071,746.986427112,  ,  ,1.18333921662,2.80001392101,98.0,0.0,  ,  ,0.0,  ,  
2019-12-27 11:35:00,-0.195,-0.472284909963,746.986427112,  ,  ,1.30000646332,2.10001044075,98.0,0.0,  ,  ,0.0,  ,  
2019-12-27 11:40:00,-0.2,-0.477273241993,746.986427112,  ,  ,1.01667172132,2.60001292665,98.0,0.0,  ,  ,0.0,  ,  
2019-12-27 11:45:00,-0.2,-0.477273241993,747.014125712,  ,  ,0.900004474609,2.60001292665,98.0,0.0,  ,  ,0.0,  ,  
2019-12-27 11:50:00,-0.2,-0.477273241993,747.06143328,  ,  ,1.04167184561,1.9000094464,98.0,0.0,  ,  ,0.0,  ,  
2019-12-27 11:55:00,-0.2,-0.477273241993,747.06143328,  ,  ,1.10000546897,3.40001690408,98.0,0.0,  ,  ,0.0,  ,  
2019-12-27 12:00:00,-0.2,-0.477273241993,747.03374844,  ,  ,0.958338097964,1.9000094464,98.0,0.0,  ,  ,0.0,  ,  
2019-12-27 12:05:00,-0.2,-0.477273241993,746.986427112,  ,  ,0.900004474609,2.40001193229,98.0,0.0,  ,  ,0.0,  ,  
2019-12-27 12:10:00,-0.2,-0.493601525215,746.986427112,  ,  ,1.04167184561,2.60001292665,97.8833333333,0.0,  ,  ,0.0,  ,  
2019-12-27 12:15:00,-0.2,-0.617791555841,746.986427112,  ,  ,1.10000546897,2.90001441819,97.0,0.0,  ,  ,0.0,  ,  
2019-12-27 12:20:00,-0.2,-0.617791555841,746.986427112,  ,  ,1.24167283997,1.60000795486,97.0,0.0,  ,  ,0.0,  ,  
2019-12-27 12:25:00,-0.2,-0.617791555841,746.986427112,  ,  ,1.30000646332,2.60001292665,97.0,0.0,  ,  ,0.0,  ,  
2019-12-27 12:30:00,-0.178333333333,-0.572688340958,746.986427112,  ,  ,0.945838035816,2.90001441819,97.1666666667,0.0,  ,  ,0.0,  ,  
2019-12-27 12:35:00,-0.181666666667,-0.599522669408,746.986427112,  ,  ,0.80000397743,2.30001143511,97.0,0.0,  ,  ,0.0,  ,  
2019-12-27 12:40:00,-0.118333333333,-0.536412008997,746.986427112,  ,  ,0.870837662932,0.900004474609,97.0,0.0,  ,  ,0.0,  ,  
2019-12-27 12:45:00,-0.1,-0.450009535187,746.986427112,  ,  ,0.900004474609,1.30000646332,97.4833333333,0.0,  ,  ,0.0,  ,  
2019-12-27 12:50:00,-0.1,-0.377506647993,746.986427112,  ,  ,0.262501305094,2.10001044075,98.0,0.0,  ,  ,0.0,  ,  
2019-12-27 12:55:00,-0.0966666666667,-0.374181096549,746.986427112,  ,  ,0.0,2.40001193229,98.0,0.0,  ,  ,0.0,  ,  
2019-12-27 13:00:00,-0.045,-0.322635063102,747.014125712,  ,  ,0.566669484013,2.30001143511,98.0,0.0,  ,  ,0.0,  ,  
2019-12-27 13:05:00,-0.00333333333333,-0.341901028854,747.06143328,  ,  ,0.80000397743,2.30001143511,97.5666666667,0.0,  ,  ,0.0,  ,  
2019-12-27 13:10:00,0.0,-0.33154534594,747.06143328,  ,  ,0.80000397743,4.30002137869,97.6166666667,0.0,  ,  ,0.0,  ,  
2019-12-27 13:15:00,0.0,-0.418494881106,747.06143328,  ,  ,0.80000397743,2.10001044075,97.0,0.0,  ,  ,0.0,  ,  
2019-12-27 13:20:00,0.0916666666667,-0.294168226516,747.06143328,  ,  ,0.870837662932,1.9000094464,97.2333333333,0.0,  ,  ,0.0,  ,  
2019-12-27 13:25:00,0.1,-0.318846765162,747.06143328,  ,  ,0.900004474609,2.10001044075,97.0,0.0,  ,  ,0.0,  ,  
2019-12-27 13:30:00,0.1,-0.189664501621,747.08911812,  ,  ,0.687503418104,2.10001044075,97.9166666667,0.0,  ,  ,0.0,  ,  
2019-12-27 13:35:00,0.1,-0.276450528834,747.136439448,  ,  ,0.600002983073,2.30001143511,97.3,0.0,  ,  ,0.0,  ,  
2019-12-27 13:40:00,0.1,-0.229478963404,747.136439448,  ,  ,0.741670354076,2.30001143511,97.6333333333,0.0,  ,  ,0.0,  ,  
2019-12-27 13:45:00,0.1,-0.245902857454,747.136439448,  ,  ,0.80000397743,1.80000894922,97.5166666667,0.0,  ,  ,0.0,  ,  
2019-12-27 13:50:00,0.1,-0.318846765162,747.136439448,  ,  ,0.870837662932,2.60001292665,97.0,0.0,  ,  ,0.0,  ,  
2019-12-27 13:55:00,0.1,-0.318846765162,747.136439448,  ,  ,0.900004474609,1.60000795486,97.0,0.0,  ,  ,0.0,  ,  
2019-12-27 14:00:00,0.1,-0.318846765162,747.164124288,  ,  ,0.829170789108,2.30001143511,97.0,0.0,  ,  ,0.0,  ,  
2019-12-27 14:05:00,0.095,-0.323829167453,747.211445616,  ,  ,0.80000397743,3.10001541254,97.0,0.0,  ,  ,0.0,  ,  
2019-12-27 14:10:00,0.0,-0.418494881106,747.211445616,  ,  ,1.01250503394,1.80000894922,97.0,0.0,  ,  ,0.0,  ,  
2019-12-27 14:15:00,0.0,-0.418494881106,747.211445616,  ,  ,1.10000546897,2.30001143511,97.0,0.0,  ,  ,0.0,  ,  
2019-12-27 14:20:00,0.0,-0.418494881106,747.211445616,  ,  ,0.745837041459,2.80001392101,97.0,0.0,  ,  ,0.0,  ,  
2019-12-27 14:25:00,-0.0483333333333,-0.511479893228,747.211445616,  ,  ,0.600002983073,2.40001193229,96.6833333333,0.0,  ,  ,0.0,  ,  
2019-12-27 14:30:00,-0.0833333333333,-0.643479676697,747.211445616,  ,  ,0.812504039578,3.10001541254,96.0,0.0,  ,  ,0.0,  ,  
2019-12-27 14:35:00,-0.1,-0.660067860294,747.211445616,  ,  ,0.900004474609,1.60000795486,96.0,0.0,  ,  ,0.0,  ,  
2019-12-27 14:40:00,-0.1,-0.660067860294,747.211445616,  ,  ,0.829170789108,2.10001044075,96.0,0.0,  ,  ,0.0,  ,  
2019-12-27 14:45:00,-0.1,-0.660067860294,747.267063962,  ,  ,0.80000397743,2.60001292665,96.0,0.0,  ,  ,0.0,  ,  
2019-12-27 14:50:00,-0.1,-0.660067860294,747.361457952,  ,  ,0.80000397743,2.30001143511,96.0,0.0,  ,  ,0.0,  ,  
2019-12-27 14:55:00,-0.1,-0.660067860294,747.361457952,  ,  ,0.80000397743,1.60000795486,96.0,0.0,  ,  ,0.0,  ,  
2019-12-27 15:00:00,-0.1,-0.660067860294,747.389156552,  ,  ,0.80000397743,2.40001193229,96.0,0.0,  ,  ,0.0,  ,  
2019-12-27 15:05:00,-0.1,-0.660067860294,747.43646412,  ,  ,0.80000397743,2.60001292665,96.0,0.0,  ,  ,0.0,  ,  
2019-12-27 15:10:00,-0.1,-0.660067860294,747.43646412,  ,  ,0.80000397743,1.9000094464,96.0,0.0,  ,  ,0.0,  ,  
2019-12-27 15:15:00,-0.1,-0.660067860294,747.46414896,  ,  ,0.80000397743,2.60001292665,96.0,0.0,  ,  ,0.0,  ,  
2019-12-27 15:20:00,-0.1,-0.657691754997,747.511470288,  ,  ,0.80000397743,2.30001143511,96.0166666667,0.0,  ,  ,0.0,  ,  
2019-12-27 15:25:00,-0.1,-0.522853074406,747.511470288,  ,  ,0.80000397743,2.10001044075,96.9666666667,0.0,  ,  ,0.0,  ,  
2019-12-27 15:30:00,-0.1,-0.518143144666,747.566839968,  ,  ,0.658336606427,2.10001044075,97.0,0.0,  ,  ,0.0,  ,  
2019-12-27 15:35:00,-0.158333333333,-0.649400842995,747.661482624,  ,  ,0.600002983073,3.3000164069,96.4833333333,0.0,  ,  ,0.0,  ,  
2019-12-27 15:40:00,-0.2,-0.759597077076,747.661482624,  ,  ,0.812504039578,2.30001143511,96.0,0.0,  ,  ,0.0,  ,  
2019-12-27 15:45:00,-0.2,-0.759597077076,747.689181224,  ,  ,0.900004474609,2.60001292665,96.0,0.0,  ,  ,0.0,  ,  
2019-12-27 15:50:00,-0.2,-0.759597077076,747.736488792,  ,  ,0.900004474609,1.4000069605,96.0,0.0,  ,  ,0.0,  ,  
2019-12-27 15:55:00,-0.2,-0.759597077076,747.736488792,  ,  ,0.900004474609,2.60001292665,96.0,0.0,  ,  ,0.0,  ,  
2019-12-27 16:00:00,-0.2,-0.759597077076,747.764173632,  ,  ,0.687503418104,1.60000795486,96.0,0.0,  ,  ,0.0,  ,  
2019-12-27 16:05:00,-0.2,-0.733501891219,747.81149496,  ,  ,0.600002983073,1.9000094464,96.1833333333,0.0,  ,  ,0.0,  ,  
2019-12-27 16:10:00,-0.2,-0.627204932929,747.81149496,  ,  ,0.175000870063,1.80000894922,96.9333333333,0.0,  ,  ,0.0,  ,  
2019-12-27 16:15:00,-0.2,-0.619563511638,747.839166408,  ,  ,0.0,1.60000795486,96.9874476987,0.0,  ,  ,0.0,  ,  
2019-12-27 16:20:00,-0.2,-0.721654984884,747.886501128,  ,  ,0.42500211301,1.80000894922,96.2666666667,0.0,  ,  ,0.0,  ,  
2019-12-27 16:25:00,-0.2,-0.759597077076,747.886501128,  ,  ,0.600002983073,1.60000795486,96.0,0.0,  ,  ,0.0,  ,  
2019-12-27 16:30:00,-0.2,-0.759597077076,747.914107304,  ,  ,0.600002983073,1.80000894922,96.0,0.0,  ,  ,0.0,  ,  
2019-12-27 16:35:00,-0.2,-0.759597077076,747.961507296,  ,  ,0.600002983073,1.60000795486,96.0,0.0,  ,  ,0.0,  ,  
2019-12-27 16:40:00,-0.2,-0.759597077076,747.961507296,  ,  ,0.175733091277,1.9000094464,96.0,0.0,  ,  ,0.0,  ,  
2019-12-27 16:45:00,-0.2,-0.759597077076,747.989117614,  ,  ,0.0,1.30000646332,96.0,0.0,  ,  ,0.0,  ,  
2019-12-27 16:50:00,-0.2,-0.738835961393,748.036513464,  ,  ,0.42250210058,1.4000069605,96.1458333333,0.0,  ,  ,0.0,  ,  
2019-12-27 16:55:00,-0.2,-0.617791555841,748.036513464,  ,  ,0.600002983073,1.9000094464,97.0,0.0,  ,  ,0.0,  ,  
2019-12-27 17:00:00,-0.2,-0.617791555841,748.064137505,  ,  ,0.7408370166,2.10001044075,97.0,0.0,  ,  ,0.0,  ,  
2019-12-27 17:05:00,-0.2,-0.617791555841,748.111519632,  ,  ,0.80000397743,2.10001044075,97.0,0.0,  ,  ,0.0,  ,  
2019-12-27 17:10:00,-0.2,-0.617791555841,748.111519632,  ,  ,0.870420994194,2.60001292665,97.0,0.0,  ,  ,0.0,  ,  
2019-12-27 17:15:00,-0.2,-0.617791555841,748.13912995,  ,  ,0.900004474609,2.60001292665,97.0,0.0,  ,  ,0.0,  ,  
2019-12-27 17:20:00,-0.2,-0.617791555841,748.1865258,  ,  ,0.900004474609,3.10001541254,97.0,0.0,  ,  ,0.0,  ,  
2019-12-27 17:25:00,-0.2,-0.617791555841,748.1865258,  ,  ,0.900004474609,2.40001193229,97.0,0.0,  ,  ,0.0,  ,  
2019-12-27 17:30:00,-0.19,-0.607826708081,748.241746436,  ,  ,1.04083850814,3.40001690408,97.0,0.0,  ,  ,0.0,  ,  
2019-12-27 17:35:00,-0.152083333333,-0.570043340399,748.336538136,  ,  ,1.10000546897,2.40001193229,97.0,0.0,  ,  ,0.0,  ,  
2019-12-27 17:40:00,-0.164583333333,-0.582499393334,748.336538136,  ,  ,1.10000546897,2.10001044075,97.0,0.0,  ,  ,0.0,  ,  
2019-12-27 17:45:00,-0.132083333333,-0.550113660502,748.364162177,  ,  ,1.10000546897,1.9000094464,97.0,0.0,  ,  ,0.0,  ,  
2019-12-27 17:50:00,-0.103333333333,-0.521464755993,748.411544304,  ,  ,0.74792038515,2.10001044075,97.0,0.0,  ,  ,0.0,  ,  
2019-12-27 17:55:00,-0.1,-0.518143144666,748.411544304,  ,  ,0.600002983073,1.9000094464,97.0,0.0,  ,  ,0.0,  ,  
2019-12-27 18:00:00,-0.103333333333,-0.521464755993,748.43912286,  ,  ,0.7408370166,2.40001193229,97.0,0.0,  ,  ,0.0,  ,  
2019-12-27 18:05:00,-0.123333333333,-0.541394427403,748.486550472,  ,  ,0.80000397743,2.10001044075,97.0,0.0,  ,  ,0.0,  ,  
2019-12-27 18:10:00,-0.17125,-0.589142622509,748.486550472,  ,  ,0.659169943904,2.10001044075,97.0,0.0,  ,  ,0.0,  ,  
2019-12-27 18:15:00,-0.18,-0.597861861796,748.514156648,  ,  ,0.600002983073,2.10001044075,97.0,0.0,  ,  ,0.0,  ,  
2019-12-27 18:20:00,-0.156666666667,-0.574610559541,748.56155664,  ,  ,0.7408370166,1.60000795486,97.0,0.0,  ,  ,0.0,  ,  
2019-12-27 18:25:00,-0.145416666667,-0.563400113111,748.56155664,  ,  ,0.80000397743,2.90001441819,97.0,0.0,  ,  ,0.0,  ,  
2019-12-27 18:30:00,-0.106666666667,-0.524786367485,748.589143402,  ,  ,0.80000397743,2.80001392101,97.0,0.0,  ,  ,0.0,  ,  
2019-12-27 18:35:00,-0.1,-0.518143144666,748.636562808,  ,  ,0.80000397743,2.60001292665,97.0,0.0,  ,  ,0.0,  ,  
2019-12-27 18:40:00,-0.1,-0.518143144666,748.636562808,  ,  ,1.01125502772,2.30001143511,97.0,0.0,  ,  ,0.0,  ,  
2019-12-27 18:45:00,-0.1,-0.518143144666,748.664173126,  ,  ,1.10000546897,1.60000795486,97.0,0.0,  ,  ,0.0,  ,  
2019-12-27 18:50:00,-0.1,-0.518143144666,748.711568976,  ,  ,0.888754418677,1.9000094464,97.0,0.0,  ,  ,0.0,  ,  
2019-12-27 18:55:00,-0.1,-0.518143144666,748.711568976,  ,  ,0.80000397743,2.30001143511,97.0,0.0,  ,  ,0.0,  ,  
2019-12-27 19:00:00,-0.1,-0.518143144666,748.711568976,  ,  ,0.80000397743,2.30001143511,97.0,0.0,  ,  ,0.0,  ,  
2019-12-27 19:05:00,-0.1,-0.518143144666,748.711568976,  ,  ,0.80000397743,1.60000795486,97.0,0.0,  ,  ,0.0,  ,  
2019-12-27 19:10:00,-0.1,-0.518143144666,748.711568976,  ,  ,0.80000397743,2.30001143511,97.0,0.0,  ,  ,0.0,  ,  
2019-12-27 19:15:00,-0.1,-0.518143144666,748.766789612,  ,  ,0.80000397743,1.9000094464,97.0,0.0,  ,  ,0.0,  ,  
2019-12-27 19:20:00,-0.1,-0.518143144666,748.861581312,  ,  ,0.659169943904,0.80000397743,97.0,0.0,  ,  ,0.0,  ,  
2019-12-27 19:25:00,-0.0520833333333,-0.470394999957,748.861581312,  ,  ,0.600002983073,1.60000795486,97.0,0.0,  ,  ,0.0,  ,  
2019-12-27 19:30:00,-0.00666666666667,-0.425138094084,748.889205353,  ,  ,0.177500882492,1.80000894922,97.0,0.0,  ,  ,0.0,  ,  
2019-12-27 19:35:00,0.0,-0.418494881106,748.93658748,  ,  ,0.0,2.10001044075,97.0,0.0,  ,  ,0.0,  ,  
2019-12-27 19:40:00,0.0,-0.418494881106,748.93658748,  ,  ,0.42250210058,1.60000795486,97.0,0.0,  ,  ,0.0,  ,  
2019-12-27 19:45:00,0.00666666666667,-0.411851668784,748.964107191,  ,  ,0.600002983073,1.60000795486,97.0,0.0,  ,  ,0.0,  ,  
2019-12-27 19:50:00,0.0579166666667,-0.360781995966,749.011593648,  ,  ,0.600002983073,2.10001044075,97.0,0.0,  ,  ,0.0,  ,  
2019-12-27 19:55:00,0.0866666666667,-0.332133172092,749.011593648,  ,  ,0.600002983073,1.60000795486,97.0,0.0,  ,  ,0.0,  ,  
2019-12-27 20:00:00,0.1,-0.314130350499,749.011593648,  ,  ,0.600002983073,1.9000094464,97.0333333333,0.0,  ,  ,0.0,  ,  
2019-12-27 20:05:00,0.1,-0.290569747626,749.011593648,  ,  ,0.600002983073,2.40001193229,97.2,0.0,  ,  ,0.0,  ,  
2019-12-27 20:10:00,0.1,-0.318846765162,749.011593648,  ,  ,0.600002983073,2.30001143511,97.0,0.0,  ,  ,0.0,  ,  
2019-12-27 20:15:00,0.1,-0.318846765162,749.06684173,  ,  ,0.600002983073,3.10001541254,97.0,0.0,  ,  ,0.0,  ,  
2019-12-27 20:20:00,0.1,-0.318846765162,749.161605984,  ,  ,0.811254033363,2.90001441819,97.0,0.0,  ,  ,0.0,  ,  
2019-12-27 20:25:00,0.1,-0.318846765162,749.161605984,  ,  ,0.900004474609,2.30001143511,97.0,0.0,  ,  ,0.0,  ,  
2019-12-27 20:30:00,0.1,-0.318846765162,749.161605984,  ,  ,0.900004474609,2.80001392101,97.0,0.0,  ,  ,0.0,  ,  
2019-12-27 20:35:00,0.1,-0.318846765162,749.161605984,  ,  ,0.900004474609,2.30001143511,97.0,0.0,  ,  ,0.0,  ,  
2019-12-27 20:40:00,0.1,-0.318846765162,749.161605984,  ,  ,1.04083850814,2.40001193229,97.0,0.0,  ,  ,0.0,  ,  
2019-12-27 20:45:00,0.1,-0.318846765162,749.21682662,  ,  ,1.10000546897,3.10001541254,97.0,0.0,  ,  ,0.0,  ,  
2019-12-27 20:50:00,0.1,-0.318846765162,749.31161832,  ,  ,1.24083950249,2.80001392101,97.0,0.0,  ,  ,0.0,  ,  
2019-12-27 20:55:00,0.1,-0.318846765162,749.31161832,  ,  ,1.30000646332,2.80001392101,97.0,0.0,  ,  ,0.0,  ,  
2019-12-27 21:00:00,0.103333333333,-0.315525163839,749.339242361,  ,  ,1.37042348009,2.60001292665,97.0,0.0,  ,  ,0.0,  ,  
2019-12-27 21:05:00,0.117916666667,-0.300993159981,749.386624488,  ,  ,1.4000069605,2.80001392101,97.0,0.0,  ,  ,0.0,  ,  
2019-12-27 21:10:00,0.183333333333,-0.154004988207,749.386624488,  ,  ,1.04792187669,3.60001789844,97.5791666667,0.0,  ,  ,0.0,  ,  
2019-12-27 21:15:00,0.142083333333,-0.135988757813,749.441845124,  ,  ,0.900004474609,3.3000164069,98.0,0.0,  ,  ,0.0,  ,  
2019-12-27 21:20:00,0.12,-0.158020486448,749.536636824,  ,  ,1.25208955843,2.90001441819,98.0,0.0,  ,  ,0.0,  ,  
2019-12-27 21:25:00,0.1,-0.193758341848,749.536636824,  ,  ,1.4000069605,3.80001889279,97.8875,0.0,  ,  ,0.0,  ,  
2019-12-27 21:30:00,0.1,-0.295279008573,749.591837783,  ,  ,1.18875591021,2.90001441819,97.1666666667,0.0,  ,  ,0.0,  ,  
2019-12-27 21:35:00,0.1,-0.318846765162,749.68664916,  ,  ,1.10000546897,3.3000164069,97.0,0.0,  ,  ,0.0,  ,  
2019-12-27 21:40:00,0.1,-0.318846765162,749.68664916,  ,  ,1.24083950249,2.60001292665,97.0,0.0,  ,  ,0.0,  ,  
2019-12-27 21:45:00,0.1,-0.367864329292,749.741861512,  ,  ,1.30000646332,4.80002386458,96.6541666667,0.0,  ,  ,0.0,  ,  
2019-12-27 21:50:00,0.1,-0.461010019176,749.836661496,  ,  ,1.37042348009,3.90001938997,96.0,0.0,  ,  ,0.0,  ,  
2019-12-27 21:55:00,0.1,-0.461010019176,749.836661496,  ,  ,1.4000069605,5.00002485894,96.0,0.0,  ,  ,0.0,  ,  
2019-12-27 22:00:00,0.1,-0.461010019176,749.836661496,  ,  ,1.75209204432,3.90001938997,96.0,0.0,  ,  ,0.0,  ,  
2019-12-27 22:05:00,0.0833333333333,-0.477598142432,749.836661496,  ,  ,1.9000094464,3.3000164069,96.0,0.0,  ,  ,0.0,  ,  
2019-12-27 22:10:00,0.01875,-0.541877171861,749.836661496,  ,  ,1.54792436258,3.60001789844,96.0,0.0,  ,  ,0.0,  ,  
2019-12-27 22:15:00,0.00125,-0.559294729503,749.891909578,  ,  ,1.4000069605,3.40001690408,96.0,0.0,  ,  ,0.0,  ,  
2019-12-27 22:20:00,0.0533333333333,-0.507456778116,749.986673832,  ,  ,1.54084099403,2.90001441819,96.0,0.0,  ,  ,0.0,  ,  
2019-12-27 22:25:00,0.0966666666667,-0.464327643388,749.986673832,  ,  ,1.60000795486,3.3000164069,96.0,0.0,  ,  ,0.0,  ,  
2019-12-27 22:30:00,0.08,-0.480915767741,750.014260594,  ,  ,1.45917392133,3.10001541254,96.0,0.0,  ,  ,0.0,  ,  
2019-12-27 22:35:00,0.0966666666667,-0.464327643388,750.06168,  ,  ,1.4000069605,2.80001392101,96.0,0.0,  ,  ,0.0,  ,  
2019-12-27 22:40:00,0.0966666666667,-0.415016705856,750.06168,  ,  ,1.4000069605,1.4000069605,96.3458333333,0.0,  ,  ,0.0,  ,  
2019-12-27 22:45:00,0.1,-0.334775253611,750.089290318,  ,  ,1.4000069605,3.90001938997,96.8875,0.0,  ,  ,0.0,  ,  
2019-12-27 22:50:00,0.1,-0.406952983129,750.136686168,  ,  ,1.18875591021,3.10001541254,96.3791666667,0.0,  ,  ,0.0,  ,  
2019-12-27 22:55:00,0.1,-0.318846765162,750.136686168,  ,  ,1.10000546897,3.3000164069,97.0,0.0,  ,  ,0.0,  ,  
2019-12-27 23:00:00,0.1,-0.318846765162,750.19193425,  ,  ,1.31125651926,2.80001392101,97.0,0.0,  ,  ,0.0,  ,  
2019-12-27 23:05:00,0.1,-0.318846765162,750.286698504,  ,  ,1.4000069605,2.80001392101,97.0,0.0,  ,  ,0.0,  ,  
2019-12-27 23:10:00,0.1,-0.318846765162,750.286698504,  ,  ,1.32958994374,2.40001193229,97.0,0.0,  ,  ,0.0,  ,  
2019-12-27 23:15:00,0.103333333333,-0.315525163839,750.314308822,  ,  ,1.30000646332,3.60001789844,97.0,0.0,  ,  ,0.0,  ,  
2019-12-27 23:20:00,0.137916666667,-0.281063559796,750.361704672,  ,  ,1.30000646332,2.80001392101,97.0,0.0,  ,  ,0.0,  ,  
2019-12-27 23:25:00,0.196666666667,-0.222520393398,750.361704672,  ,  ,1.30000646332,3.3000164069,97.0,0.0,  ,  ,0.0,  ,  
2019-12-27 23:30:00,0.2,-0.219198796832,750.416917024,  ,  ,1.1591724298,2.80001392101,97.0,0.0,  ,  ,0.0,  ,  
2019-12-27 23:35:00,0.2,-0.219198796832,750.511717008,  ,  ,1.10000546897,3.90001938997,97.0,0.0,  ,  ,0.0,  ,  
2019-12-27 23:40:00,0.2,-0.219198796832,750.511717008,  ,  ,1.45209055278,2.60001292665,97.0,0.0,  ,  ,0.0,  ,  
2019-12-27 23:45:00,0.2,-0.219198796832,750.539323184,  ,  ,1.60000795486,3.10001541254,97.0,0.0,  ,  ,0.0,  ,  
2019-12-27 23:50:00,0.2,-0.219198796832,750.586723176,  ,  ,1.38875690457,2.80001392101,97.0,0.0,  ,  ,0.0,  ,  
  

    

