Time,TemperatureC,DewpointC,PressurehPa,WindDirection,WindDirectionDegrees,WindSpeedKMH,WindSpeedGustKMH,Humidity,HourlyPrecipMM,Conditions,Clouds,dailyrainMM,SoftwareType,DateUTC
                
2020-01-28 00:00:00,-4.7,-7.71320146871,750.562913468,  ,  ,1.80000894922,4.10002038433,79.3875,0.0,  ,  ,0.0,  ,  
2020-01-28 00:05:00,-4.7,-7.77623141293,750.511717008,  ,  ,1.81125900515,4.80002386458,79.0,0.0,  ,  ,0.0,  ,  
2020-01-28 00:10:00,-4.7,-7.68918966373,750.511717008,  ,  ,2.10001044075,3.60001789844,79.5355648536,0.0,  ,  ,0.0,  ,  
2020-01-28 00:15:00,-4.7,-7.7003580001,750.535613108,  ,  ,2.08126034753,4.30002137869,79.4666666667,0.0,  ,  ,0.0,  ,  
2020-01-28 00:20:00,-4.7,-7.75451277175,750.586723176,  ,  ,1.60000795486,5.30002635048,79.1333333333,0.0,  ,  ,0.0,  ,  
2020-01-28 00:25:00,-4.7,-7.68752588769,750.586723176,  ,  ,1.64500817859,5.10002535612,79.5458333333,0.0,  ,  ,0.0,  ,  
2020-01-28 00:30:00,-4.7,-7.61412847011,750.562838947,  ,  ,2.80001392101,3.90001938997,80.0,0.0,  ,  ,0.0,  ,  
2020-01-28 00:35:00,-4.7,-7.6087336145,750.511717008,  ,  ,2.76235683002,5.60002784201,80.0334728033,0.0,  ,  ,0.0,  ,  
2020-01-28 00:40:00,-4.7,-7.65179088857,750.511717008,  ,  ,1.80000894922,5.60002784201,79.7666666667,0.0,  ,  ,0.0,  ,  
2020-01-28 00:45:00,-4.7,-7.68415090077,750.511717008,  ,  ,1.83750913566,5.60002784201,79.5666666667,0.0,  ,  ,0.0,  ,  
2020-01-28 00:50:00,-4.75125,-7.65672135453,750.511717008,  ,  ,2.80001392101,5.10002535612,80.0458333333,0.0,  ,  ,0.0,  ,  
2020-01-28 00:55:00,-4.81458333333,-7.52130901355,750.511717008,  ,  ,2.78501384643,4.60002287023,81.2791666667,0.0,  ,  ,0.0,  ,  
2020-01-28 01:00:00,-4.92458333333,-7.46052496573,750.487858187,  ,  ,2.40001193229,5.60002784201,82.3458333333,0.0,  ,  ,0.0,  ,  
2020-01-28 01:05:00,-5.08458333333,-7.44064836366,750.43671084,  ,  ,2.43376210009,6.80003380816,83.4791666667,0.0,  ,  ,0.0,  ,  
2020-01-28 01:10:00,-5.15458333333,-7.29943874786,750.43671084,  ,  ,3.3000164069,6.10003032791,84.8458333333,0.0,  ,  ,0.0,  ,  
2020-01-28 01:15:00,-5.24458333333,-7.20429132562,750.412826611,  ,  ,3.28501633232,6.6000328138,86.0583333333,0.0,  ,  ,0.0,  ,  
2020-01-28 01:20:00,-5.3,-7.03687921355,750.361704672,  ,  ,2.90001441819,5.60002784201,87.5458333333,0.0,  ,  ,0.0,  ,  
2020-01-28 01:25:00,-5.3925,-7.00035587102,750.361704672,  ,  ,2.90001441819,6.6000328138,88.4125,0.0,  ,  ,0.0,  ,  
2020-01-28 01:30:00,-5.5,-6.95092925857,750.337808572,  ,  ,2.90001441819,5.00002485894,89.4791666667,0.0,  ,  ,0.0,  ,  
2020-01-28 01:35:00,-5.57458333333,-6.94932798573,750.286698504,  ,  ,2.87001426903,5.00002485894,90.0,0.0,  ,  ,0.0,  ,  
2020-01-28 01:40:00,-5.6,-6.96484180315,750.286698504,  ,  ,2.10001044075,4.60002287023,90.0666666667,0.0,  ,  ,0.0,  ,  
2020-01-28 01:45:00,-5.6,-6.89600742678,750.238895674,  ,  ,2.10751047804,5.10002535612,90.5458333333,0.0,  ,  ,0.0,  ,  
2020-01-28 01:50:00,-5.6,-6.83106220941,750.136686168,  ,  ,2.30001143511,7.1000352997,91.0,0.0,  ,  ,0.0,  ,  
2020-01-28 01:55:00,-5.6,-6.83106220941,750.136686168,  ,  ,2.31876152833,5.50002734483,91.0,0.0,  ,  ,0.0,  ,  
2020-01-28 02:00:00,-5.62458333333,-6.80139649259,750.06503348,  ,  ,2.80001392101,4.80002386458,91.3791666667,0.0,  ,  ,0.0,  ,  
2020-01-28 02:05:00,-5.64208333333,-6.73076092606,749.911667664,  ,  ,2.7737637905,5.50002734483,92.0,0.0,  ,  ,0.0,  ,  
2020-01-28 02:10:00,-5.61333333333,-6.70228006561,749.911667664,  ,  ,2.10001044075,5.50002734483,92.0,0.0,  ,  ,0.0,  ,  
2020-01-28 02:15:00,-5.64791666667,-6.70655552628,749.911667664,  ,  ,2.10751047804,4.10002038433,92.2125,0.0,  ,  ,0.0,  ,  
2020-01-28 02:20:00,-5.69333333333,-6.70642220626,749.911667664,  ,  ,2.30001143511,5.50002734483,92.5333333333,0.0,  ,  ,0.0,  ,  
2020-01-28 02:25:00,-5.7,-6.65870307967,749.911667664,  ,  ,2.30001143511,4.50002237305,92.9208333333,0.0,  ,  ,0.0,  ,  
2020-01-28 02:30:00,-5.7,-6.65520497516,749.86391599,  ,  ,2.30001143511,3.40001690408,92.9458333333,0.0,  ,  ,0.0,  ,  
2020-01-28 02:35:00,-5.7,-6.64762861228,749.761655328,  ,  ,2.28501136054,4.10002038433,93.0,0.0,  ,  ,0.0,  ,  
2020-01-28 02:40:00,-5.7,-6.64762861228,749.761655328,  ,  ,1.9000094464,4.80002386458,93.0,0.0,  ,  ,0.0,  ,  
2020-01-28 02:45:00,-5.7,-6.66161880483,749.713863127,  ,  ,1.89625942775,3.60001789844,92.9,0.0,  ,  ,0.0,  ,  
2020-01-28 02:50:00,-5.7,-6.64762861228,749.611642992,  ,  ,1.80000894922,4.50002237305,93.0,0.0,  ,  ,0.0,  ,  
2020-01-28 02:55:00,-5.7,-6.64762861228,749.611642992,  ,  ,1.81125900515,3.40001690408,93.0,0.0,  ,  ,0.0,  ,  
2020-01-28 03:00:00,-5.7,-6.64762861228,749.611642992,  ,  ,2.10001044075,5.50002734483,93.0,0.0,  ,  ,0.0,  ,  
2020-01-28 03:05:00,-5.7,-6.64762861228,749.611642992,  ,  ,2.09251040347,3.90001938997,93.0,0.0,  ,  ,0.0,  ,  
2020-01-28 03:10:00,-5.7,-6.64762861228,749.611642992,  ,  ,1.9000094464,4.80002386458,93.0,0.0,  ,  ,0.0,  ,  
2020-01-28 03:15:00,-5.74125,-6.68854235021,749.587758763,  ,  ,1.91875953962,4.50002237305,93.0,0.0,  ,  ,0.0,  ,  
2020-01-28 03:20:00,-5.77666666667,-6.72367035443,749.536636824,  ,  ,2.40001193229,4.60002287023,93.0,0.0,  ,  ,0.0,  ,  
2020-01-28 03:25:00,-5.78,-6.72697652179,749.536636824,  ,  ,2.38126183907,3.60001789844,93.0,0.0,  ,  ,0.0,  ,  
2020-01-28 03:30:00,-5.77333333333,-6.72036418746,749.488632877,  ,  ,1.9000094464,2.90001441819,93.0,0.0,  ,  ,0.0,  ,  
2020-01-28 03:35:00,-5.71333333333,-6.66085324834,749.386624488,  ,  ,1.89625942775,4.60002287023,93.0,0.0,  ,  ,0.0,  ,  
2020-01-28 03:40:00,-5.79,-6.73689502619,749.386624488,  ,  ,1.80000894922,4.30002137869,93.0,0.0,  ,  ,0.0,  ,  
2020-01-28 03:45:00,-5.8,-6.74681353409,749.338781507,  ,  ,1.80375896786,3.40001690408,93.0,0.0,  ,  ,0.0,  ,  
2020-01-28 03:50:00,-5.8,-6.74681353409,749.236612152,  ,  ,1.9000094464,3.90001938997,93.0,0.0,  ,  ,0.0,  ,  
2020-01-28 03:55:00,-5.8,-6.74681353409,749.236612152,  ,  ,1.9000094464,3.40001690408,93.0,0.0,  ,  ,0.0,  ,  
2020-01-28 04:00:00,-5.8,-6.74681353409,749.188769172,  ,  ,1.9000094464,4.30002137869,93.0,0.0,  ,  ,0.0,  ,  
2020-01-28 04:05:00,-5.8,-6.74681353409,749.086599816,  ,  ,1.9000094464,4.50002237305,93.0,0.0,  ,  ,0.0,  ,  
2020-01-28 04:10:00,-5.8,-6.74681353409,749.086599816,  ,  ,1.9000094464,3.90001938997,93.0,0.0,  ,  ,0.0,  ,  
2020-01-28 04:15:00,-5.81458333333,-6.76127803103,749.062712023,  ,  ,1.89625942775,3.80001889279,93.0,0.0,  ,  ,0.0,  ,  
2020-01-28 04:20:00,-5.82,-6.76665056036,749.011593648,  ,  ,1.80000894922,3.60001789844,93.0,0.0,  ,  ,0.0,  ,  
2020-01-28 04:25:00,-5.80541666667,-6.75218606066,749.011593648,  ,  ,1.79250891193,3.40001690408,93.0,0.0,  ,  ,0.0,  ,  
2020-01-28 04:30:00,-5.80333333333,-6.75011970417,748.987672158,  ,  ,1.60000795486,4.10002038433,93.0,0.0,  ,  ,0.0,  ,  
2020-01-28 04:35:00,-5.82125,-6.76789037497,748.93658748,  ,  ,1.61125801079,4.30002137869,93.0,0.0,  ,  ,0.0,  ,  
2020-01-28 04:40:00,-5.85208333333,-6.79847248585,748.93658748,  ,  ,1.9000094464,5.00002485894,93.0,0.0,  ,  ,0.0,  ,  
2020-01-28 04:45:00,-5.84791666667,-6.79433976623,748.888720721,  ,  ,1.9000094464,4.30002137869,93.0,0.0,  ,  ,0.0,  ,  
2020-01-28 04:50:00,-5.88666666667,-6.83277408216,748.786575144,  ,  ,1.9000094464,5.30002635048,93.0,0.0,  ,  ,0.0,  ,  
2020-01-28 04:55:00,-5.9,-6.84599880515,748.786575144,  ,  ,1.91875953962,3.80001889279,93.0,0.0,  ,  ,0.0,  ,  
2020-01-28 05:00:00,-5.9,-6.84599880515,748.786575144,  ,  ,2.40001193229,4.50002237305,93.0,0.0,  ,  ,0.0,  ,  
2020-01-28 05:05:00,-5.9,-6.84599880515,748.786575144,  ,  ,2.38126183907,3.60001789844,93.0,0.0,  ,  ,0.0,  ,  
2020-01-28 05:10:00,-5.9,-6.84599880515,748.786575144,  ,  ,1.9000094464,2.80001392101,93.0,0.0,  ,  ,0.0,  ,  
2020-01-28 05:15:00,-5.9,-6.84599880515,748.762558206,  ,  ,1.88875939046,4.30002137869,93.0,0.0,  ,  ,0.0,  ,  
2020-01-28 05:20:00,-5.9,-6.84599880515,748.711568976,  ,  ,1.60000795486,3.80001889279,93.0,0.0,  ,  ,0.0,  ,  
2020-01-28 05:25:00,-5.9,-6.8896874782,748.711568976,  ,  ,1.60000795486,3.40001690408,92.6875,0.0,  ,  ,0.0,  ,  
2020-01-28 05:30:00,-5.9,-6.98626461862,748.687635596,  ,  ,1.60000795486,3.3000164069,92.0,0.0,  ,  ,0.0,  ,  
2020-01-28 05:35:00,-5.9,-6.98626461862,748.636562808,  ,  ,1.60750799215,4.30002137869,92.0,0.0,  ,  ,0.0,  ,  
2020-01-28 05:40:00,-5.9,-6.98626461862,748.636562808,  ,  ,1.80000894922,4.10002038433,92.0,0.0,  ,  ,0.0,  ,  
2020-01-28 05:45:00,-5.9,-6.98626461862,748.636562808,  ,  ,1.81875904244,6.00002983073,92.0,0.0,  ,  ,0.0,  ,  
2020-01-28 05:50:00,-5.90333333333,-6.89882727225,748.636562808,  ,  ,2.30001143511,3.3000164069,92.6458333333,0.0,  ,  ,0.0,  ,  
2020-01-28 05:55:00,-5.93,-6.87575445457,748.636562808,  ,  ,2.28501136054,4.80002386458,93.0,0.0,  ,  ,0.0,  ,  
2020-01-28 06:00:00,-5.99458333333,-6.93981186209,748.61264943,  ,  ,1.9000094464,4.80002386458,93.0,0.0,  ,  ,0.0,  ,  
2020-01-28 06:05:00,-6.0,-6.94518442547,748.56155664,  ,  ,1.9000094464,3.60001789844,93.0,0.0,  ,  ,0.0,  ,  
2020-01-28 06:10:00,-6.0,-6.94518442547,748.56155664,  ,  ,1.9000094464,4.50002237305,93.0,0.0,  ,  ,0.0,  ,  
2020-01-28 06:15:00,-6.0,-6.94344108911,748.53766054,  ,  ,1.9000094464,5.10002535612,93.0125,0.0,  ,  ,0.0,  ,  
2020-01-28 06:20:00,-6.0,-6.80637027687,748.486550472,  ,  ,1.9000094464,3.40001690408,94.0,0.0,  ,  ,0.0,  ,  
2020-01-28 06:25:00,-5.99541666667,-6.87742778243,748.486550472,  ,  ,1.89625942775,3.80001889279,93.4541666667,0.0,  ,  ,0.0,  ,  
2020-01-28 06:30:00,-5.97791666667,-6.87685413296,748.462628982,  ,  ,1.80000894922,4.50002237305,93.3333333333,0.0,  ,  ,0.0,  ,  
2020-01-28 06:35:00,-5.93875,-6.79458453644,748.411544304,  ,  ,1.79250891193,3.3000164069,93.6458333333,0.0,  ,  ,0.0,  ,  
2020-01-28 06:40:00,-5.9,-6.78737014155,748.411544304,  ,  ,1.60000795486,4.10002038433,93.4208333333,0.0,  ,  ,0.0,  ,  
2020-01-28 06:45:00,-5.9,-6.84599880515,748.411544304,  ,  ,1.62625808537,5.00002485894,93.0,0.0,  ,  ,0.0,  ,  
2020-01-28 06:50:00,-5.9,-6.73301506082,748.411544304,  ,  ,2.30001143511,3.3000164069,93.8125,0.0,  ,  ,0.0,  ,  
2020-01-28 06:55:00,-5.9,-6.77347304999,748.411544304,  ,  ,2.28501136054,4.60002287023,93.5208333333,0.0,  ,  ,0.0,  ,  
2020-01-28 07:00:00,-5.91791666667,-6.86376953644,748.387660075,  ,  ,1.9000094464,5.30002635048,93.0,0.0,  ,  ,0.0,  ,  
2020-01-28 07:05:00,-5.97,-6.9154287027,748.336538136,  ,  ,1.90750948369,4.30002137869,93.0,0.0,  ,  ,0.0,  ,  
2020-01-28 07:10:00,-5.93666666667,-6.88236682538,748.336538136,  ,  ,2.10001044075,3.3000164069,93.0,0.0,  ,  ,0.0,  ,  
2020-01-28 07:15:00,-5.90875,-6.84537484794,748.360459626,  ,  ,2.09251040347,4.80002386458,93.0666666667,0.0,  ,  ,0.0,  ,  
2020-01-28 07:20:00,-5.92666666667,-6.80572665965,748.411544304,  ,  ,1.9000094464,2.40001193229,93.4791666667,0.0,  ,  ,0.0,  ,  
2020-01-28 07:25:00,-5.91125,-6.78926887696,748.411544304,  ,  ,1.88875939046,3.90001938997,93.4875,0.0,  ,  ,0.0,  ,  
2020-01-28 07:30:00,-5.90541666667,-6.82348022586,748.387610924,  ,  ,1.60000795486,4.60002287023,93.2,0.0,  ,  ,0.0,  ,  
2020-01-28 07:35:00,-5.90333333333,-6.84465268825,748.336538136,  ,  ,1.61875804808,4.80002386458,93.0333333333,0.0,  ,  ,0.0,  ,  
2020-01-28 07:40:00,-5.90333333333,-6.8400018688,748.336538136,  ,  ,2.10001044075,5.10002535612,93.0666666667,0.0,  ,  ,0.0,  ,  
2020-01-28 07:45:00,-5.90333333333,-6.84930498687,748.336538136,  ,  ,2.10001044075,3.80001889279,93.0,0.0,  ,  ,0.0,  ,  
2020-01-28 07:50:00,-5.9,-6.73301506082,748.336538136,  ,  ,2.10001044075,3.60001789844,93.8125,0.0,  ,  ,0.0,  ,  
2020-01-28 07:55:00,-5.9,-6.7503405104,748.336538136,  ,  ,2.08876038482,4.80002386458,93.6875,0.0,  ,  ,0.0,  ,  
2020-01-28 08:00:00,-5.9,-6.77926190132,748.288695156,  ,  ,1.80000894922,4.60002287023,93.4791666667,0.0,  ,  ,0.0,  ,  
2020-01-28 08:05:00,-5.9,-6.8152039771,748.1865258,  ,  ,1.81875904244,4.10002038433,93.2208333333,0.0,  ,  ,0.0,  ,  
2020-01-28 08:10:00,-5.9,-6.73763317654,748.1865258,  ,  ,2.30001143511,3.80001889279,93.7791666667,0.0,  ,  ,0.0,  ,  
2020-01-28 08:15:00,-5.9,-6.70706526168,748.1865258,  ,  ,2.2737613046,2.90001441819,94.0,0.0,  ,  ,0.0,  ,  
2020-01-28 08:20:00,-5.9,-6.70706526168,748.1865258,  ,  ,1.60000795486,4.60002287023,94.0,0.0,  ,  ,0.0,  ,  
2020-01-28 08:25:00,-5.9,-6.78737014155,748.1865258,  ,  ,1.61875804808,4.10002038433,93.4208333333,0.0,  ,  ,0.0,  ,  
2020-01-28 08:30:00,-5.9,-6.82739794891,748.162649963,  ,  ,2.10001044075,3.90001938997,93.1333333333,0.0,  ,  ,0.0,  ,  
2020-01-28 08:35:00,-5.88875,-6.83484044472,748.111519632,  ,  ,2.10001044075,4.30002137869,93.0,0.0,  ,  ,0.0,  ,  
2020-01-28 08:40:00,-5.81333333333,-6.71818834564,748.111519632,  ,  ,2.10001044075,6.00002983073,93.3,0.0,  ,  ,0.0,  ,  
2020-01-28 08:45:00,-5.80333333333,-6.75011970417,748.087623532,  ,  ,2.10001044075,4.80002386458,93.0,0.0,  ,  ,0.0,  ,  
2020-01-28 08:50:00,-5.8,-6.74681353409,748.036513464,  ,  ,2.10001044075,4.10002038433,93.0,0.0,  ,  ,0.0,  ,  
2020-01-28 08:55:00,-5.8,-6.74681353409,748.036513464,  ,  ,2.12626057126,5.60002784201,93.0,0.0,  ,  ,0.0,  ,  
2020-01-28 09:00:00,-5.8,-6.74681353409,748.012691923,  ,  ,2.80001392101,4.50002237305,93.0,0.0,  ,  ,0.0,  ,  
2020-01-28 09:05:00,-5.73208333333,-6.67945040331,747.961507296,  ,  ,2.80001392101,5.00002485894,93.0,0.0,  ,  ,0.0,  ,  
2020-01-28 09:10:00,-5.7,-6.64762861228,747.961507296,  ,  ,2.80001392101,6.10003032791,93.0,0.0,  ,  ,0.0,  ,  
2020-01-28 09:15:00,-5.7,-6.64762861228,747.985354264,  ,  ,2.79251388372,5.60002784201,93.0,0.0,  ,  ,0.0,  ,  
2020-01-28 09:20:00,-5.7,-6.64762861228,748.036513464,  ,  ,2.60001292665,6.00002983073,93.0,0.0,  ,  ,0.0,  ,  
2020-01-28 09:25:00,-5.62208333333,-6.60770915439,748.036513464,  ,  ,2.60001292665,5.00002485894,92.7333333333,0.0,  ,  ,0.0,  ,  
2020-01-28 09:30:00,-5.6,-6.59049082931,748.012612049,  ,  ,2.60001292665,5.00002485894,92.7,0.0,  ,  ,0.0,  ,  
2020-01-28 09:35:00,-5.58875,-6.64675234734,747.961507296,  ,  ,2.60751296394,5.00002485894,92.2208333333,0.0,  ,  ,0.0,  ,  
2020-01-28 09:40:00,-5.53,-6.61501481642,747.961507296,  ,  ,2.80001392101,5.30002635048,92.0333333333,0.0,  ,  ,0.0,  ,  
2020-01-28 09:45:00,-5.44541666667,-6.53593599134,747.961507296,  ,  ,2.79251388372,5.30002635048,92.0,0.0,  ,  ,0.0,  ,  
2020-01-28 09:50:00,-5.4,-6.47208406583,747.961507296,  ,  ,2.60001292665,3.90001938997,92.1333333333,0.0,  ,  ,0.0,  ,  
2020-01-28 09:55:00,-5.4,-6.49094486008,747.961507296,  ,  ,2.58126283343,4.60002287023,92.0,0.0,  ,  ,0.0,  ,  
2020-01-28 10:00:00,-5.4,-6.49094486008,747.961507296,  ,  ,2.10001044075,5.10002535612,92.0,0.0,  ,  ,0.0,  ,  
2020-01-28 10:05:00,-5.37583333333,-6.46700465878,747.961507296,  ,  ,2.12626057126,6.10003032791,92.0,0.0,  ,  ,0.0,  ,  
2020-01-28 10:10:00,-5.30333333333,-6.39518419522,747.961507296,  ,  ,2.80001392101,5.80002883637,92.0,0.0,  ,  ,0.0,  ,  
2020-01-28 10:15:00,-5.3,-6.39188211,747.961507296,  ,  ,2.80334727091,5.80002883637,92.0,0.0,  ,  ,0.0,  ,  
2020-01-28 10:20:00,-5.3,-6.39188211,747.961507296,  ,  ,2.90001441819,6.6000328138,92.0,0.0,  ,  ,0.0,  ,  
2020-01-28 10:25:00,-5.3,-6.39188211,747.961507296,  ,  ,2.90001441819,6.00002983073,92.0,0.0,  ,  ,0.0,  ,  
2020-01-28 10:30:00,-5.24583333333,-6.33822328762,747.937809371,  ,  ,2.90001441819,3.80001889279,92.0,0.0,  ,  ,0.0,  ,  
2020-01-28 10:35:00,-5.2,-6.29281976046,747.886501128,  ,  ,2.87334761894,3.80001889279,92.0,0.0,  ,  ,0.0,  ,  
2020-01-28 10:40:00,-5.19333333333,-6.28621561807,747.886501128,  ,  ,2.10001044075,5.50002734483,92.0,0.0,  ,  ,0.0,  ,  
2020-01-28 10:45:00,-5.14916666667,-6.31356045567,747.886501128,  ,  ,2.11667719028,5.10002535612,91.5,0.0,  ,  ,0.0,  ,  
2020-01-28 10:50:00,-5.1,-6.22809299953,747.886501128,  ,  ,2.60001292665,5.10002535612,91.7583333333,0.0,  ,  ,0.0,  ,  
2020-01-28 10:55:00,-5.0325,-6.26957358456,747.886501128,  ,  ,2.60001292665,5.10002535612,91.0,0.0,  ,  ,0.0,  ,  
2020-01-28 11:00:00,-4.97583333333,-6.18484670771,747.862840464,  ,  ,2.60001292665,4.60002287023,91.2,0.0,  ,  ,0.0,  ,  
2020-01-28 11:05:00,-4.9,-6.13847921855,747.81149496,  ,  ,2.60667962646,6.80003380816,91.0,0.0,  ,  ,0.0,  ,  
2020-01-28 11:10:00,-4.83583333333,-6.07499355304,747.81149496,  ,  ,2.80001392101,4.10002038433,91.0,0.0,  ,  ,0.0,  ,  
2020-01-28 11:15:00,-4.79916666667,-6.03871611348,747.81149496,  ,  ,2.76001372214,4.80002386458,91.0,0.0,  ,  ,0.0,  ,  
2020-01-28 11:20:00,-4.71333333333,-5.95379416314,747.81149496,  ,  ,1.60000795486,3.3000164069,91.0,0.0,  ,  ,0.0,  ,  
2020-01-28 11:25:00,-4.64583333333,-5.94586747336,747.81149496,  ,  ,1.60000795486,3.90001938997,90.5916666667,0.0,  ,  ,0.0,  ,  
2020-01-28 11:30:00,-4.59666666667,-5.98298439945,747.81149496,  ,  ,1.60000795486,4.60002287023,90.0,0.0,  ,  ,0.0,  ,  
2020-01-28 11:35:00,-4.54583333333,-5.93275396775,747.81149496,  ,  ,1.60667465467,3.60001789844,90.0,0.0,  ,  ,0.0,  ,  
2020-01-28 11:40:00,-4.47,-5.83843490264,747.81149496,  ,  ,1.80000894922,3.90001938997,90.1333333333,0.0,  ,  ,0.0,  ,  
2020-01-28 11:45:00,-4.41583333333,-5.80429640721,747.787797035,  ,  ,1.80334229912,5.30002635048,90.0,0.0,  ,  ,0.0,  ,  
2020-01-28 11:50:00,-4.4675,-5.85534995103,747.736488792,  ,  ,1.9000094464,6.6000328138,90.0,0.0,  ,  ,0.0,  ,  
2020-01-28 11:55:00,-4.46333333333,-5.85123272477,747.736488792,  ,  ,1.94667634508,5.60002784201,90.0,0.0,  ,  ,0.0,  ,  
2020-01-28 12:00:00,-4.4425,-5.75203288356,747.712779089,  ,  ,3.3000164069,5.10002535612,90.5416666667,0.0,  ,  ,0.0,  ,  
2020-01-28 12:05:00,-4.38333333333,-5.67182163263,747.661482624,  ,  ,3.27668295756,6.30003132226,90.6916666667,0.0,  ,  ,0.0,  ,  
2020-01-28 12:10:00,-4.3725,-5.68281676907,747.661482624,  ,  ,2.60001292665,5.60002784201,90.5416666667,0.0,  ,  ,0.0,  ,  
2020-01-28 12:15:00,-4.31333333333,-5.63155997784,747.614137776,  ,  ,2.6266797259,6.00002983073,90.4916666667,0.0,  ,  ,0.0,  ,  
2020-01-28 12:20:00,-4.31333333333,-5.65816318592,747.511470288,  ,  ,3.40001690408,5.10002535612,90.3083333333,0.0,  ,  ,0.0,  ,  
2020-01-28 12:25:00,-4.23916666667,-5.48466822735,747.511470288,  ,  ,3.38001680464,4.60002287023,91.0,0.0,  ,  ,0.0,  ,  
2020-01-28 12:30:00,-4.1325,-5.37913690439,747.511470288,  ,  ,2.80001392101,5.50002734483,91.0,0.0,  ,  ,0.0,  ,  
2020-01-28 12:35:00,-4.1,-5.34698293168,747.511470288,  ,  ,2.78334717148,3.60001789844,91.0,0.0,  ,  ,0.0,  ,  
2020-01-28 12:40:00,-4.03916666667,-5.36532817509,747.511470288,  ,  ,2.30001143511,4.80002386458,90.4583333333,0.0,  ,  ,0.0,  ,  
2020-01-28 12:45:00,-3.99333333333,-5.38681522029,747.464003698,  ,  ,2.31001148483,5.60002784201,90.0,0.0,  ,  ,0.0,  ,  
2020-01-28 12:50:00,-3.98,-5.37364041809,747.361457952,  ,  ,2.60001292665,5.60002784201,90.0,0.0,  ,  ,0.0,  ,  
2020-01-28 12:55:00,-3.92583333333,-5.32011787631,747.361457952,  ,  ,2.61667967618,5.00002485894,90.0,0.0,  ,  ,0.0,  ,  
2020-01-28 13:00:00,-3.90333333333,-5.29788547937,747.337797288,  ,  ,3.10001541254,6.50003231662,90.0,0.0,  ,  ,0.0,  ,  
2020-01-28 13:05:00,-3.91,-5.30447285358,747.286451784,  ,  ,3.10668211235,5.30002635048,90.0,0.0,  ,  ,0.0,  ,  
2020-01-28 13:10:00,-3.90333333333,-5.29788547937,747.286451784,  ,  ,3.3000164069,5.50002734483,90.0,0.0,  ,  ,0.0,  ,  
2020-01-28 13:15:00,-3.8725,-5.20418837964,747.262753859,  ,  ,3.27668295756,5.10002535612,90.4333333333,0.0,  ,  ,0.0,  ,  
2020-01-28 13:20:00,-3.79916666667,-5.19495804836,747.211445616,  ,  ,2.60001292665,5.00002485894,90.0,0.0,  ,  ,0.0,  ,  
2020-01-28 13:25:00,-3.73333333333,-5.05203209402,747.211445616,  ,  ,2.57667947731,3.90001938997,90.5333333333,0.0,  ,  ,0.0,  ,  
2020-01-28 13:30:00,-3.69333333333,-5.09038433874,747.187735913,  ,  ,1.9000094464,4.30002137869,90.0,0.0,  ,  ,0.0,  ,  
2020-01-28 13:35:00,-3.69666666667,-5.09367799027,747.136439448,  ,  ,1.91334284602,3.80001889279,90.0,0.0,  ,  ,0.0,  ,  
2020-01-28 13:40:00,-3.69666666667,-5.09367799027,747.136439448,  ,  ,2.30001143511,6.6000328138,90.0,0.0,  ,  ,0.0,  ,  
2020-01-28 13:45:00,-3.7,-5.09697164236,747.112763164,  ,  ,2.32667823436,5.30002635048,90.0,0.0,  ,  ,0.0,  ,  
2020-01-28 13:50:00,-3.7,-5.09697164236,747.06143328,  ,  ,3.10001541254,5.30002635048,90.0,0.0,  ,  ,0.0,  ,  
2020-01-28 13:55:00,-3.7,-5.09697164236,747.06143328,  ,  ,3.09334871273,6.10003032791,90.0,0.0,  ,  ,0.0,  ,  
2020-01-28 14:00:00,-3.7,-5.09697164236,747.037681952,  ,  ,2.90001441819,4.80002386458,90.0,0.0,  ,  ,0.0,  ,  
2020-01-28 14:05:00,-3.65333333333,-5.05086056404,746.986427112,  ,  ,2.89001436847,4.10002038433,90.0,0.0,  ,  ,0.0,  ,  
2020-01-28 14:10:00,-3.61583333333,-4.97356113392,746.986427112,  ,  ,2.60001292665,4.60002287023,90.275,0.0,  ,  ,0.0,  ,  
2020-01-28 14:15:00,-3.6,-4.89227894925,746.939082264,  ,  ,2.59001287693,5.30002635048,90.725,0.0,  ,  ,0.0,  ,  
2020-01-28 14:20:00,-3.6,-4.88500433127,746.836414776,  ,  ,2.30001143511,3.80001889279,90.775,0.0,  ,  ,0.0,  ,  
2020-01-28 14:25:00,-3.6,-4.8765217655,746.836414776,  ,  ,2.27667798577,4.50002237305,90.8333333333,0.0,  ,  ,0.0,  ,  
2020-01-28 14:30:00,-3.61,-4.86220574671,746.836414776,  ,  ,1.60000795486,3.90001938997,91.0,0.0,  ,  ,0.0,  ,  
2020-01-28 14:35:00,-3.6,-4.85231244781,746.836414776,  ,  ,1.60667465467,3.10001541254,91.0,0.0,  ,  ,0.0,  ,  
2020-01-28 14:40:00,-3.62416666667,-4.87622126122,746.836414776,  ,  ,1.80000894922,4.50002237305,91.0,0.0,  ,  ,0.0,  ,  
2020-01-28 14:45:00,-3.68916666667,-4.9151695685,746.812742352,  ,  ,1.81000899894,2.80001392101,91.175,0.0,  ,  ,0.0,  ,  
2020-01-28 14:50:00,-3.60333333333,-4.78923858668,746.761408608,  ,  ,2.10001044075,2.80001392101,91.4583333333,0.0,  ,  ,0.0,  ,  
2020-01-28 14:55:00,-3.59666666667,-4.84901468251,746.761408608,  ,  ,2.07667699141,3.90001938997,91.0,0.0,  ,  ,0.0,  ,  
2020-01-28 15:00:00,-3.6,-4.85231244781,746.737810743,  ,  ,1.4000069605,3.40001690408,91.0,0.0,  ,  ,0.0,  ,  
2020-01-28 15:05:00,-3.58916666667,-4.84159471243,746.68640244,  ,  ,1.4000069605,2.60001292665,91.0,0.0,  ,  ,0.0,  ,  
2020-01-28 15:10:00,-3.5875,-4.8641577197,746.68640244,  ,  ,1.4000069605,3.90001938997,90.8333333333,0.0,  ,  ,0.0,  ,  
2020-01-28 15:15:00,-3.6,-4.85231244781,746.71000368,  ,  ,1.41667371003,4.50002237305,91.0,0.0,  ,  ,0.0,  ,  
2020-01-28 15:20:00,-3.6,-4.85231244781,746.761408608,  ,  ,1.9000094464,4.30002137869,91.0,0.0,  ,  ,0.0,  ,  
2020-01-28 15:25:00,-3.6,-4.85715116478,746.761408608,  ,  ,1.91667619593,4.30002137869,90.9666666667,0.0,  ,  ,0.0,  ,  
2020-01-28 15:30:00,-3.6,-4.85231244781,746.761408608,  ,  ,2.40001193229,3.90001938997,91.0,0.0,  ,  ,0.0,  ,  
2020-01-28 15:35:00,-3.61666666667,-4.86880128182,746.761408608,  ,  ,2.38334518276,3.40001690408,91.0,0.0,  ,  ,0.0,  ,  
2020-01-28 15:40:00,-3.6,-4.85231244781,746.761408608,  ,  ,1.9000094464,3.90001938997,91.0,0.0,  ,  ,0.0,  ,  
2020-01-28 15:45:00,-3.6,-4.94573502175,746.761408608,  ,  ,1.90667614621,4.50002237305,90.3583333333,0.0,  ,  ,0.0,  ,  
2020-01-28 15:50:00,-3.65666666667,-4.97987107662,746.761408608,  ,  ,2.10001044075,3.80001889279,90.5083333333,0.0,  ,  ,0.0,  ,  
2020-01-28 15:55:00,-3.63333333333,-4.88529012839,746.761408608,  ,  ,2.09001039104,3.90001938997,91.0,0.0,  ,  ,0.0,  ,  
2020-01-28 16:00:00,-3.6,-4.85231244781,746.761408608,  ,  ,1.80000894922,3.40001690408,91.0,0.0,  ,  ,0.0,  ,  
2020-01-28 16:05:00,-3.60333333333,-4.8556102136,746.761408608,  ,  ,1.80334229912,3.80001889279,91.0,0.0,  ,  ,0.0,  ,  
2020-01-28 16:10:00,-3.60333333333,-4.83506376289,746.761408608,  ,  ,1.9000094464,3.60001789844,91.1416666667,0.0,  ,  ,0.0,  ,  
2020-01-28 16:15:00,-3.60333333333,-4.83747952224,746.761408608,  ,  ,1.88334269687,3.3000164069,91.125,0.0,  ,  ,0.0,  ,  
2020-01-28 16:20:00,-3.6875,-4.93887896649,746.761408608,  ,  ,1.4000069605,2.80001392101,91.0,0.0,  ,  ,0.0,  ,  
2020-01-28 16:25:00,-3.7,-4.84407972202,746.761408608,  ,  ,1.39000691079,3.80001889279,91.7416666667,0.0,  ,  ,0.0,  ,  
2020-01-28 16:30:00,-3.7,-4.89816834421,746.761408608,  ,  ,1.10000546897,2.40001193229,91.3666666667,0.0,  ,  ,0.0,  ,  
2020-01-28 16:35:00,-3.7,-4.84048078723,746.761408608,  ,  ,1.10000546897,3.10001541254,91.7666666667,0.0,  ,  ,0.0,  ,  
2020-01-28 16:40:00,-3.7,-4.8356835594,746.761408608,  ,  ,1.10000546897,2.30001143511,91.8,0.0,  ,  ,0.0,  ,  
2020-01-28 16:45:00,-3.7,-4.88974164683,746.785006473,  ,  ,1.10667216878,3.3000164069,91.425,0.0,  ,  ,0.0,  ,  
2020-01-28 16:50:00,-3.7,-4.90178124618,746.836414776,  ,  ,1.30000646332,2.40001193229,91.3416666667,0.0,  ,  ,0.0,  ,  
2020-01-28 16:55:00,-3.7,-4.80693258018,746.836414776,  ,  ,1.30000646332,2.80001392101,92.0,0.0,  ,  ,0.0,  ,  
2020-01-28 17:00:00,-3.7175,-4.86740828787,746.812840345,  ,  ,1.30000646332,3.80001889279,91.7,0.0,  ,  ,0.0,  ,  
2020-01-28 17:05:00,-3.8,-4.92513378109,746.761408608,  ,  ,1.32667326257,4.30002137869,91.8666666667,0.0,  ,  ,0.0,  ,  
2020-01-28 17:10:00,-3.8,-4.90598892195,746.761408608,  ,  ,2.10001044075,2.90001441819,92.0,0.0,  ,  ,0.0,  ,  
2020-01-28 17:15:00,-3.8,-4.90598892195,746.737822466,  ,  ,2.06001024188,2.90001441819,92.0,0.0,  ,  ,0.0,  ,  
2020-01-28 17:20:00,-3.8,-4.90598892195,746.68640244,  ,  ,0.900004474609,2.90001441819,92.0,0.0,  ,  ,0.0,  ,  
2020-01-28 17:25:00,-3.84416666667,-4.82475474162,746.68640244,  ,  ,0.913337874233,2.90001441819,92.875,0.0,  ,  ,0.0,  ,  
2020-01-28 17:30:00,-3.9,-4.86235973978,746.68640244,  ,  ,1.30000646332,2.40001193229,93.0,0.0,  ,  ,0.0,  ,  
2020-01-28 17:35:00,-3.90666666667,-4.81110232542,746.68640244,  ,  ,1.2866730637,2.40001193229,93.4083333333,0.0,  ,  ,0.0,  ,  
2020-01-28 17:40:00,-3.99083333333,-4.81122422705,746.68640244,  ,  ,0.900004474609,1.80000894922,94.0,0.0,  ,  ,0.0,  ,  
2020-01-28 17:45:00,-4.06083333333,-4.88073371973,746.68640244,  ,  ,0.896671124703,1.9000094464,94.0,0.0,  ,  ,0.0,  ,  
2020-01-28 17:50:00,-4.1,-4.91962599964,746.68640244,  ,  ,0.80000397743,1.9000094464,94.0,0.0,  ,  ,0.0,  ,  
2020-01-28 17:55:00,-4.11333333333,-4.93286593516,746.68640244,  ,  ,0.793337277619,1.60000795486,94.0,0.0,  ,  ,0.0,  ,  
2020-01-28 18:00:00,-4.18083333333,-4.87297147358,746.68640244,  ,  ,0.600002983073,2.10001044075,94.9083333333,0.0,  ,  ,0.0,  ,  
2020-01-28 18:05:00,-4.2,-4.87927806438,746.68640244,  ,  ,0.600002983073,1.60000795486,95.0,0.0,  ,  ,0.0,  ,  
2020-01-28 18:10:00,-4.24083333333,-4.91987418631,746.68640244,  ,  ,0.600002983073,1.9000094464,95.0,0.0,  ,  ,0.0,  ,  
2020-01-28 18:15:00,-4.3,-4.97869721179,746.68640244,  ,  ,0.600002983073,1.9000094464,95.0,0.0,  ,  ,0.0,  ,  
2020-01-28 18:20:00,-4.3,-4.97869721179,746.68640244,  ,  ,0.600002983073,1.30000646332,95.0,0.0,  ,  ,0.0,  ,  
2020-01-28 18:25:00,-4.37041666667,-5.04870501006,746.68640244,  ,  ,0.582429673945,0.600002983073,95.0,0.0,  ,  ,0.0,  ,  
2020-01-28 18:30:00,-4.4,-5.07811660692,746.68640244,  ,  ,0.0,0.0,95.0,0.0,  ,  ,0.0,  ,  
2020-01-28 18:35:00,-4.43708333333,-5.11498469558,746.68640244,  ,  ,0.0,0.900004474609,95.0,0.0,  ,  ,0.0,  ,  
2020-01-28 18:40:00,-4.5,-5.0481275484,746.68640244,  ,  ,0.0,0.80000397743,95.9375,0.0,  ,  ,0.0,  ,  
2020-01-28 18:45:00,-4.50708333333,-5.0465908204,746.68640244,  ,  ,0.0,0.900004474609,96.0,0.0,  ,  ,0.0,  ,  
2020-01-28 18:50:00,-4.59,-5.12912433222,746.68640244,  ,  ,0.0,0.0,96.0,0.0,  ,  ,0.0,  ,  
2020-01-28 18:55:00,-4.6,-5.13907813177,746.68640244,  ,  ,0.0,1.30000646332,96.0,0.0,  ,  ,0.0,  ,  
2020-01-28 19:00:00,-4.6,-5.13907813177,746.709951321,  ,  ,0.0,0.600002983073,96.0,0.0,  ,  ,0.0,  ,  
2020-01-28 19:05:00,-4.59333333333,-5.13244226518,746.761408608,  ,  ,0.0,1.30000646332,96.0,0.0,  ,  ,0.0,  ,  
2020-01-28 19:10:00,-4.51958333333,-5.05903304967,746.761408608,  ,  ,0.0,0.0,96.0,0.0,  ,  ,0.0,  ,  
2020-01-28 19:15:00,-4.48625,-5.02585377848,746.737859727,  ,  ,0.0,1.60000795486,96.0,0.0,  ,  ,0.0,  ,  
2020-01-28 19:20:00,-4.4,-4.94000251611,746.68640244,  ,  ,0.0,1.9000094464,96.0,0.0,  ,  ,0.0,  ,  
2020-01-28 19:25:00,-4.4,-4.94000251611,746.68640244,  ,  ,0.0,0.600002983073,96.0,0.0,  ,  ,0.0,  ,  
2020-01-28 19:30:00,-4.4,-4.94000251611,746.662890241,  ,  ,0.0,1.4000069605,96.0,0.0,  ,  ,0.0,  ,  
2020-01-28 19:35:00,-4.4,-5.0509680928,746.611396272,  ,  ,0.0,1.60000795486,95.1958333333,0.0,  ,  ,0.0,  ,  
2020-01-28 19:40:00,-4.39666666667,-5.07480262309,746.611396272,  ,  ,0.0,1.4000069605,95.0,0.0,  ,  ,0.0,  ,  
2020-01-28 19:45:00,-4.4,-5.07811660692,746.611396272,  ,  ,0.0,1.30000646332,95.0,0.0,  ,  ,0.0,  ,  
2020-01-28 19:50:00,-4.34958333333,-4.96738375707,746.611396272,  ,  ,0.0,1.30000646332,95.4375,0.0,  ,  ,0.0,  ,  
2020-01-28 19:55:00,-4.3,-4.85021434119,746.611396272,  ,  ,0.0,1.80000894922,95.9291666667,0.0,  ,  ,0.0,  ,  
2020-01-28 20:00:00,-4.3,-4.97869721179,746.611396272,  ,  ,0.0,1.4000069605,95.0,0.0,  ,  ,0.0,  ,  
2020-01-28 20:05:00,-4.3,-4.97869721179,746.611396272,  ,  ,0.0233334493417,1.9000094464,95.0,0.0,  ,  ,0.0,  ,  
2020-01-28 20:10:00,-4.3,-4.97869721179,746.611396272,  ,  ,0.80000397743,1.9000094464,95.0,0.0,  ,  ,0.0,  ,  
2020-01-28 20:15:00,-4.3,-4.97869721179,746.540826354,  ,  ,0.80000397743,1.60000795486,95.0,0.0,  ,  ,0.0,  ,  
2020-01-28 20:20:00,-4.3,-4.97869721179,746.386377768,  ,  ,0.80000397743,1.4000069605,95.0,0.0,  ,  ,0.0,  ,  
2020-01-28 20:25:00,-4.3,-4.97869721179,746.386377768,  ,  ,0.80000397743,2.60001292665,95.0,0.0,  ,  ,0.0,  ,  
2020-01-28 20:30:00,-4.3,-4.97869721179,746.362839796,  ,  ,0.80000397743,2.40001193229,95.0,0.0,  ,  ,0.0,  ,  
2020-01-28 20:35:00,-4.26333333333,-4.94224349564,746.3113716,  ,  ,0.80000397743,2.60001292665,95.0,0.0,  ,  ,0.0,  ,  
2020-01-28 20:40:00,-4.20291666667,-4.88217778601,746.3113716,  ,  ,0.80000397743,2.10001044075,95.0,0.0,  ,  ,0.0,  ,  
2020-01-28 20:45:00,-4.2,-4.87927806438,746.334920481,  ,  ,0.794170615095,2.10001044075,95.0,0.0,  ,  ,0.0,  ,  
2020-01-28 20:50:00,-4.2,-4.87927806438,746.386377768,  ,  ,0.600002983073,1.4000069605,95.0,0.0,  ,  ,0.0,  ,  
2020-01-28 20:55:00,-4.2,-4.87927806438,746.386377768,  ,  ,0.600002983073,1.9000094464,95.0,0.0,  ,  ,0.0,  ,  
2020-01-28 21:00:00,-4.19,-4.86933616327,746.362828887,  ,  ,0.600002983073,1.80000894922,95.0,0.0,  ,  ,0.0,  ,  
2020-01-28 21:05:00,-4.2,-4.87927806438,746.3113716,  ,  ,0.605836345408,2.60001292665,95.0,0.0,  ,  ,0.0,  ,  
2020-01-28 21:10:00,-4.2,-4.87927806438,746.3113716,  ,  ,0.80000397743,2.40001193229,95.0,0.0,  ,  ,0.0,  ,  
2020-01-28 21:15:00,-4.2,-4.87927806438,746.3113716,  ,  ,0.802920658598,2.30001143511,95.0,0.0,  ,  ,0.0,  ,  
2020-01-28 21:20:00,-4.18666666667,-4.86602219678,746.3113716,  ,  ,0.900004474609,2.30001143511,95.0,0.0,  ,  ,0.0,  ,  
2020-01-28 21:25:00,-4.14,-4.81962669485,746.3113716,  ,  ,0.897087793442,1.80000894922,95.0,0.0,  ,  ,0.0,  ,  
2020-01-28 21:30:00,-4.11958333333,-4.79932867972,746.287871169,  ,  ,0.80000397743,0.900004474609,95.0,0.0,  ,  ,0.0,  ,  
2020-01-28 21:35:00,-4.10666666667,-4.78648708364,746.236365432,  ,  ,0.794170615095,1.80000894922,95.0,0.0,  ,  ,0.0,  ,  
2020-01-28 21:40:00,-4.10666666667,-4.78648708364,746.236365432,  ,  ,0.600002983073,1.60000795486,95.0,0.0,  ,  ,0.0,  ,  
2020-01-28 21:45:00,-4.1,-4.7798591647,746.212842126,  ,  ,0.582502896067,1.60000795486,95.0,0.0,  ,  ,0.0,  ,  
2020-01-28 21:50:00,-4.12,-4.79974292482,746.161359264,  ,  ,0.0,1.60000795486,95.0,0.0,  ,  ,0.0,  ,  
2020-01-28 21:55:00,-4.15666666667,-4.83619651077,746.161359264,  ,  ,0.0233334493417,1.9000094464,95.0,0.0,  ,  ,0.0,  ,  
2020-01-28 22:00:00,-4.11,-4.78980104352,746.184870884,  ,  ,0.80000397743,1.10000546897,95.0,0.0,  ,  ,0.0,  ,  
2020-01-28 22:05:00,-4.1,-4.71450338325,746.236365432,  ,  ,0.776670528089,1.80000894922,95.4708333333,0.0,  ,  ,0.0,  ,  
2020-01-28 22:10:00,-4.1,-4.76653342138,746.236365432,  ,  ,0.0,1.9000094464,95.0958333333,0.0,  ,  ,0.0,  ,  
2020-01-28 22:15:00,-4.1,-4.7798591647,746.236365432,  ,  ,0.0233334493417,1.4000069605,95.0,0.0,  ,  ,0.0,  ,  
2020-01-28 22:20:00,-4.1,-4.7798591647,746.236365432,  ,  ,0.80000397743,1.10000546897,95.0,0.0,  ,  ,0.0,  ,  
2020-01-28 22:25:00,-4.1,-4.7798591647,746.236365432,  ,  ,0.776670528089,0.80000397743,95.0,0.0,  ,  ,0.0,  ,  
2020-01-28 22:30:00,-4.1,-4.7798591647,746.212865001,  ,  ,0.0,1.80000894922,95.0,0.0,  ,  ,0.0,  ,  
2020-01-28 22:35:00,-4.1,-4.7798591647,746.161359264,  ,  ,0.0233334493417,2.10001044075,95.0,0.0,  ,  ,0.0,  ,  
2020-01-28 22:40:00,-4.1,-4.7798591647,746.161359264,  ,  ,0.80000397743,1.60000795486,95.0,0.0,  ,  ,0.0,  ,  
2020-01-28 22:45:00,-4.08625,-4.76618908537,746.137835958,  ,  ,0.794170615095,1.80000894922,95.0,0.0,  ,  ,0.0,  ,  
2020-01-28 22:50:00,-4.01,-4.60708309807,746.086353096,  ,  ,0.600002983073,1.80000894922,95.6,0.0,  ,  ,0.0,  ,  
2020-01-28 22:55:00,-4.0,-4.68044051275,746.086353096,  ,  ,0.582502896067,1.10000546897,95.0,0.0,  ,  ,0.0,  ,  
2020-01-28 23:00:00,-4.0,-4.68044051275,746.109864716,  ,  ,0.0,1.10000546897,95.0,0.0,  ,  ,0.0,  ,  
2020-01-28 23:05:00,-3.97625,-4.65682861932,746.161359264,  ,  ,0.0,1.4000069605,95.0,0.0,  ,  ,0.0,  ,  
2020-01-28 23:10:00,-3.92,-4.60090576955,746.161359264,  ,  ,0.0,1.9000094464,95.0,0.0,  ,  ,0.0,  ,  
2020-01-28 23:15:00,-3.9,-4.58102210852,746.114336023,  ,  ,0.0,1.80000894922,95.0,0.0,  ,  ,0.0,  ,  
2020-01-28 23:20:00,-3.9,-4.58102210852,746.011346928,  ,  ,0.0,1.80000894922,95.0,0.0,  ,  ,0.0,  ,  
2020-01-28 23:25:00,-3.9,-4.58102210852,746.011346928,  ,  ,0.0175000870063,1.4000069605,95.0,0.0,  ,  ,0.0,  ,  
2020-01-28 23:30:00,-3.9,-4.58102210852,746.034809818,  ,  ,0.600002983073,1.80000894922,95.0,0.0,  ,  ,0.0,  ,  
2020-01-28 23:35:00,-3.9,-4.58102210852,746.086353096,  ,  ,0.600002983073,1.60000795486,95.0,0.0,  ,  ,0.0,  ,  
2020-01-28 23:40:00,-3.9,-4.58102210852,746.086353096,  ,  ,0.600002983073,1.80000894922,95.0,0.0,  ,  ,0.0,  ,  
2020-01-28 23:45:00,-3.89291666667,-4.57397998095,746.086353096,  ,  ,0.605836345408,1.9000094464,95.0,0.0,  ,  ,0.0,  ,  
2020-01-28 23:50:00,-3.84333333333,-4.52468512276,746.086353096,  ,  ,0.80000397743,2.30001143511,95.0,0.0,  ,  ,0.0,  ,  
  

    

