Time,TemperatureC,DewpointC,PressurehPa,WindDirection,WindDirectionDegrees,WindSpeedKMH,WindSpeedGustKMH,Humidity,HourlyPrecipMM,Conditions,Clouds,dailyrainMM,SoftwareType,DateUTC
                
2019-03-28 00:00:00,-3.77166666667,-4.61943328996,1003.8,  ,  ,0.0,1.4000069605,93.8166666667,0.0,  ,  ,0.0,  ,  
2019-03-28 00:05:00,-3.8,-4.6217288525,1003.8,  ,  ,0.0,1.30000646332,94.0,0.0,  ,  ,0.0,  ,  
2019-03-28 00:10:00,-3.8,-4.6217288525,1003.80650651,  ,  ,0.0,2.10001044075,94.0,0.0,  ,  ,0.0,  ,  
2019-03-28 00:15:00,-3.8,-4.6217288525,1003.9,  ,  ,0.0,1.9000094464,94.0,0.0,  ,  ,0.0,  ,  
2019-03-28 00:20:00,-3.76833333333,-4.59028431028,1003.9,  ,  ,0.0,0.80000397743,94.0,0.0,  ,  ,0.0,  ,  
2019-03-28 00:25:00,-3.785,-4.60683406561,1003.9,  ,  ,0.0,1.4000069605,94.0,0.0,  ,  ,0.0,  ,  
2019-03-28 00:30:00,-3.8,-4.6217288525,1003.9,  ,  ,0.0,0.80000397743,94.0,0.0,  ,  ,0.0,  ,  
2019-03-28 00:35:00,-3.865,-4.68627300656,1003.9,  ,  ,0.0,1.4000069605,94.0,0.0,  ,  ,0.0,  ,  
2019-03-28 00:40:00,-3.9,-4.72102760325,1003.9,  ,  ,0.0,0.900004474609,94.0,0.0,  ,  ,0.0,  ,  
2019-03-28 00:45:00,-3.96166666667,-4.78226198157,1003.9,  ,  ,0.0,0.900004474609,94.0,0.0,  ,  ,0.0,  ,  
2019-03-28 00:50:00,-4.06166666667,-4.87922022224,1003.9,  ,  ,0.0,1.10000546897,94.0166666667,0.0,  ,  ,0.0,  ,  
2019-03-28 00:55:00,-4.1,-4.7798591647,1003.9,  ,  ,0.0,0.0,95.0,0.0,  ,  ,0.0,  ,  
2019-03-28 01:00:00,-4.1,-4.7798591647,1003.9,  ,  ,0.0,0.0,95.0,0.0,  ,  ,0.0,  ,  
2019-03-28 01:05:00,-4.1,-4.7798591647,1003.9,  ,  ,0.0,1.30000646332,95.0,0.0,  ,  ,0.0,  ,  
2019-03-28 01:10:00,-3.94166666667,-4.55989195547,1003.90653367,  ,  ,0.0,0.80000397743,95.45,0.0,  ,  ,0.0,  ,  
2019-03-28 01:15:00,-3.75333333333,-4.3494147462,1004.0,  ,  ,0.0,1.80000894922,95.6166666667,0.0,  ,  ,0.0,  ,  
2019-03-28 01:20:00,-3.57833333333,-4.26122792161,1004.0,  ,  ,0.0,1.4000069605,95.0,0.0,  ,  ,0.0,  ,  
2019-03-28 01:25:00,-3.37,-4.05410870186,1004.0065639,  ,  ,0.0,2.80001392101,95.0,0.0,  ,  ,0.0,  ,  
2019-03-28 01:30:00,-3.24166666667,-3.92652379763,1004.1,  ,  ,0.0,0.600002983073,95.0,0.0,  ,  ,0.0,  ,  
2019-03-28 01:35:00,-3.2,-3.88510021516,1004.1,  ,  ,0.0,0.80000397743,95.0,0.0,  ,  ,0.0,  ,  
2019-03-28 01:40:00,-3.12166666667,-3.80722399655,1004.1,  ,  ,0.0,1.4000069605,95.0,0.0,  ,  ,0.0,  ,  
2019-03-28 01:45:00,-3.085,-3.83874671095,1004.1,  ,  ,0.0,0.600002983073,94.5166666667,0.0,  ,  ,0.0,  ,  
2019-03-28 01:50:00,-2.985,-3.81245515591,1004.1,  ,  ,0.0,0.600002983073,94.0,0.0,  ,  ,0.0,  ,  
2019-03-28 01:55:00,-2.86166666667,-3.68999010572,1004.1,  ,  ,0.0,1.60000795486,94.0,0.0,  ,  ,0.0,  ,  
2019-03-28 02:00:00,-2.74833333333,-3.57745505423,1004.1,  ,  ,0.0,0.0,94.0,0.0,  ,  ,0.0,  ,  
2019-03-28 02:05:00,-2.68833333333,-3.51787782913,1004.1,  ,  ,0.0,0.0,94.0,0.0,  ,  ,0.0,  ,  
2019-03-28 02:10:00,-2.6,-3.43016710981,1004.1,  ,  ,0.0,0.0,94.0,0.0,  ,  ,0.0,  ,  
2019-03-28 02:15:00,-2.6,-3.43016710981,1004.1,  ,  ,0.0,0.600002983073,94.0,0.0,  ,  ,0.0,  ,  
2019-03-28 02:20:00,-2.49,-3.32094276584,1004.1,  ,  ,0.0,0.600002983073,94.0,0.0,  ,  ,0.0,  ,  
2019-03-28 02:25:00,-2.365,-3.27540948716,1004.10655656,  ,  ,0.0,0.900004474609,93.45,0.0,  ,  ,0.0,  ,  
2019-03-28 02:30:00,-2.27833333333,-3.254061615,1004.2,  ,  ,0.0,1.10000546897,93.0,0.0,  ,  ,0.0,  ,  
2019-03-28 02:35:00,-2.2,-3.2124364145,1004.2,  ,  ,0.0,0.0,92.75,0.0,  ,  ,0.0,  ,  
2019-03-28 02:40:00,-2.10833333333,-3.23033972384,1004.20653693,  ,  ,0.0,0.600002983073,92.0,0.0,  ,  ,0.0,  ,  
2019-03-28 02:45:00,-2.09833333333,-3.22043474912,1004.3,  ,  ,0.0,1.4000069605,92.0,0.0,  ,  ,0.0,  ,  
2019-03-28 02:50:00,-2.00166666667,-3.12468686661,1004.3,  ,  ,0.0,1.80000894922,92.0,0.0,  ,  ,0.0,  ,  
2019-03-28 02:55:00,-1.9,-3.05317976219,1004.30665673,  ,  ,0.0,1.30000646332,91.8,0.0,  ,  ,0.0,  ,  
2019-03-28 03:00:00,-1.9,-3.14844714457,1004.4,  ,  ,0.0,2.40001193229,91.15,0.0,  ,  ,0.0,  ,  
2019-03-28 03:05:00,-1.9,-3.17051735206,1004.4,  ,  ,0.0,2.10001044075,91.0,0.0,  ,  ,0.0,  ,  
2019-03-28 03:10:00,-1.82833333333,-3.09962101726,1004.40666004,  ,  ,0.0,2.80001392101,91.0,0.0,  ,  ,0.0,  ,  
2019-03-28 03:15:00,-1.80333333333,-3.07488979231,1004.5,  ,  ,0.0,1.9000094464,91.0,0.0,  ,  ,0.0,  ,  
2019-03-28 03:20:00,-1.80333333333,-3.07488979231,1004.5,  ,  ,0.0,2.40001193229,91.0,0.0,  ,  ,0.0,  ,  
2019-03-28 03:25:00,-1.8,-3.07159229779,1004.5,  ,  ,0.0,2.80001392101,91.0,0.0,  ,  ,0.0,  ,  
2019-03-28 03:30:00,-1.8,-3.07159229779,1004.5,  ,  ,0.0,0.600002983073,91.0,0.0,  ,  ,0.0,  ,  
2019-03-28 03:35:00,-1.81,-3.08148478287,1004.5,  ,  ,0.0,1.80000894922,91.0,0.0,  ,  ,0.0,  ,  
2019-03-28 03:40:00,-1.855,-3.12600102169,1004.5,  ,  ,0.0,1.10000546897,91.0,0.0,  ,  ,0.0,  ,  
2019-03-28 03:45:00,-1.86666666667,-3.13754228373,1004.5,  ,  ,0.0,1.30000646332,91.0,0.0,  ,  ,0.0,  ,  
2019-03-28 03:50:00,-1.9,-3.17051735206,1004.5,  ,  ,0.0,1.30000646332,91.0,0.0,  ,  ,0.0,  ,  
2019-03-28 03:55:00,-1.9,-3.17051735206,1004.5,  ,  ,0.0,0.900004474609,91.0,0.0,  ,  ,0.0,  ,  
2019-03-28 04:00:00,-1.9,-3.17051735206,1004.5,  ,  ,0.0,0.900004474609,91.0,0.0,  ,  ,0.0,  ,  
2019-03-28 04:05:00,-1.9,-3.17051735206,1004.5,  ,  ,0.0,2.80001392101,91.0,0.0,  ,  ,0.0,  ,  
2019-03-28 04:10:00,-1.9,-3.19999447353,1004.50656064,  ,  ,0.0,2.10001044075,90.8,0.0,  ,  ,0.0,  ,  
2019-03-28 04:15:00,-1.9,-3.29062729002,1004.6,  ,  ,0.0,2.90001441819,90.1875,0.0,  ,  ,0.0,  ,  
2019-03-28 04:20:00,-1.9,-3.3184810342,1004.6,  ,  ,0.482502398888,1.10000546897,90.0,0.0,  ,  ,0.0,  ,  
2019-03-28 04:25:00,-1.9,-3.3184810342,1004.61312127,  ,  ,0.600002983073,2.60001292665,90.0,0.0,  ,  ,0.0,  ,  
2019-03-28 04:30:00,-1.9,-3.3184810342,1004.8,  ,  ,0.117500584185,2.80001392101,90.0,0.0,  ,  ,0.0,  ,  
2019-03-28 04:35:00,-1.93458333333,-3.35264956942,1004.8,  ,  ,0.0,3.3000164069,90.0,0.0,  ,  ,0.0,  ,  
2019-03-28 04:40:00,-1.94333333333,-3.36129463006,1004.8,  ,  ,0.482502398888,2.10001044075,90.0,0.0,  ,  ,0.0,  ,  
2019-03-28 04:45:00,-1.99,-3.4074016853,1004.8,  ,  ,0.600002983073,0.900004474609,90.0,0.0,  ,  ,0.0,  ,  
2019-03-28 04:50:00,-2.0,-3.41728178285,1004.8,  ,  ,0.117500584185,2.30001143511,90.0,0.0,  ,  ,0.0,  ,  
2019-03-28 04:55:00,-2.02666666667,-3.44362873429,1004.81311475,  ,  ,0.0,2.30001143511,90.0,0.0,  ,  ,0.0,  ,  
2019-03-28 05:00:00,-2.09791666667,-3.51402467103,1005.0,  ,  ,0.482502398888,2.40001193229,90.0,0.0,  ,  ,0.0,  ,  
2019-03-28 05:05:00,-2.1,-3.51608303561,1005.0,  ,  ,0.600002983073,1.9000094464,90.0,0.0,  ,  ,0.0,  ,  
2019-03-28 05:10:00,-2.1,-3.51608303561,1005.00651093,  ,  ,0.117500584185,1.30000646332,90.0,0.0,  ,  ,0.0,  ,  
2019-03-28 05:15:00,-2.1,-3.51608303561,1005.1,  ,  ,0.0,1.60000795486,90.0,0.0,  ,  ,0.0,  ,  
2019-03-28 05:20:00,-2.1,-3.51608303561,1005.1,  ,  ,0.0,0.80000397743,90.0,0.0,  ,  ,0.0,  ,  
2019-03-28 05:25:00,-2.1,-3.51422765335,1005.11311311,  ,  ,0.0,0.900004474609,90.0125,0.0,  ,  ,0.0,  ,  
2019-03-28 05:30:00,-2.1,-3.4636020497,1005.3,  ,  ,0.0,1.30000646332,90.3541666667,0.0,  ,  ,0.0,  ,  
2019-03-28 05:35:00,-2.11333333333,-3.52925657407,1005.3,  ,  ,0.0,1.60000795486,90.0,0.0,  ,  ,0.0,  ,  
2019-03-28 05:40:00,-2.10333333333,-3.50454016614,1005.3,  ,  ,0.0,0.80000397743,90.1,0.0,  ,  ,0.0,  ,  
2019-03-28 05:45:00,-2.1,-3.51608303561,1005.3,  ,  ,0.0,1.9000094464,90.0,0.0,  ,  ,0.0,  ,  
2019-03-28 05:50:00,-2.1,-3.51608303561,1005.3,  ,  ,0.0,2.10001044075,90.0,0.0,  ,  ,0.0,  ,  
2019-03-28 05:55:00,-2.1,-3.51608303561,1005.31302187,  ,  ,0.0,1.80000894922,90.0,0.0,  ,  ,0.0,  ,  
2019-03-28 06:00:00,-2.12125,-3.53707836676,1005.5,  ,  ,0.482502398888,1.30000646332,90.0,0.0,  ,  ,0.0,  ,  
2019-03-28 06:05:00,-2.18,-3.59512440078,1005.5,  ,  ,0.600002983073,1.30000646332,90.0,0.0,  ,  ,0.0,  ,  
2019-03-28 06:10:00,-2.2,-3.61488479249,1005.50655738,  ,  ,0.117500584185,2.60001292665,90.0,0.0,  ,  ,0.0,  ,  
2019-03-28 06:15:00,-2.2,-3.61488479249,1005.6,  ,  ,0.0,1.4000069605,90.0,0.0,  ,  ,0.0,  ,  
2019-03-28 06:20:00,-2.2,-3.61488479249,1005.6,  ,  ,0.0,2.10001044075,90.0,0.0,  ,  ,0.0,  ,  
2019-03-28 06:25:00,-2.2,-3.73089211499,1005.60656064,  ,  ,0.0,2.90001441819,89.2208333333,0.0,  ,  ,0.0,  ,  
2019-03-28 06:30:00,-2.21666666667,-3.78038048258,1005.7,  ,  ,0.482502398888,2.30001143511,89.0,0.0,  ,  ,0.0,  ,  
2019-03-28 06:35:00,-2.26458333333,-3.82766295019,1005.7,  ,  ,0.600002983073,1.60000795486,89.0,0.0,  ,  ,0.0,  ,  
2019-03-28 06:40:00,-2.3,-3.86261094315,1005.70651093,  ,  ,0.600002983073,1.4000069605,89.0,0.0,  ,  ,0.0,  ,  
2019-03-28 06:45:00,-2.3,-3.86261094315,1005.8,  ,  ,0.600002983073,1.60000795486,89.0,0.0,  ,  ,0.0,  ,  
2019-03-28 06:50:00,-2.3,-3.86261094315,1005.8,  ,  ,0.117500584185,1.30000646332,89.0,0.0,  ,  ,0.0,  ,  
2019-03-28 06:55:00,-2.3,-3.86261094315,1005.8,  ,  ,0.0,1.4000069605,89.0,0.0,  ,  ,0.0,  ,  
2019-03-28 07:00:00,-2.26875,-3.83177447515,1005.8,  ,  ,0.0,2.10001044075,89.0,0.0,  ,  ,0.0,  ,  
2019-03-28 07:05:00,-2.20333333333,-3.76722364475,1005.8,  ,  ,0.0,2.40001193229,89.0,0.0,  ,  ,0.0,  ,  
2019-03-28 07:10:00,-2.2,-3.76393443684,1005.8195328,  ,  ,0.0,1.9000094464,89.0,0.0,  ,  ,0.0,  ,  
2019-03-28 07:15:00,-2.2,-3.76393443684,1006.1,  ,  ,0.0,2.80001392101,89.0,0.0,  ,  ,0.0,  ,  
2019-03-28 07:20:00,-2.2,-3.81081678843,1006.1,  ,  ,0.482502398888,2.80001392101,88.6875,0.0,  ,  ,0.0,  ,  
2019-03-28 07:25:00,-2.19666666667,-3.86084100571,1006.10655738,  ,  ,0.600002983073,3.10001541254,88.3333333333,0.0,  ,  ,0.0,  ,  
2019-03-28 07:30:00,-2.16,-3.8750557197,1006.2,  ,  ,0.760837116035,2.60001292665,88.0,0.0,  ,  ,0.0,  ,  
2019-03-28 07:35:00,-2.16208333333,-3.88404710003,1006.2,  ,  ,0.80000397743,3.60001789844,87.9541666667,0.0,  ,  ,0.0,  ,  
2019-03-28 07:40:00,-2.19791666667,-4.06448943047,1006.20655738,  ,  ,0.880421043912,3.60001789844,87.0,0.0,  ,  ,0.0,  ,  
2019-03-28 07:45:00,-2.2,-4.06653987012,1006.3,  ,  ,0.900004474609,2.80001392101,87.0,0.0,  ,  ,0.0,  ,  
2019-03-28 07:50:00,-2.2,-4.05635417574,1006.3,  ,  ,0.900004474609,2.40001193229,87.0666666667,0.0,  ,  ,0.0,  ,  
2019-03-28 07:55:00,-2.20333333333,-4.15859854315,1006.31302187,  ,  ,0.900004474609,3.10001541254,86.4208333333,0.0,  ,  ,0.0,  ,  
2019-03-28 08:00:00,-2.21333333333,-4.18702009145,1006.5,  ,  ,0.819587408128,4.30002137869,86.3,0.0,  ,  ,0.0,  ,  
2019-03-28 08:05:00,-2.2,-4.2478521545,1006.5,  ,  ,0.80000397743,4.10002038433,85.8208333333,0.0,  ,  ,0.0,  ,  
2019-03-28 08:10:00,-2.20333333333,-4.38579841935,1006.50656064,  ,  ,1.04125517687,3.3000164069,84.9541666667,0.0,  ,  ,0.0,  ,  
2019-03-28 08:15:00,-2.2,-4.53221363781,1006.6,  ,  ,1.10000546897,2.90001441819,84.0,0.0,  ,  ,0.0,  ,  
2019-03-28 08:20:00,-2.2,-4.62909719873,1006.6,  ,  ,0.939171336004,3.60001789844,83.3875,0.0,  ,  ,0.0,  ,  
2019-03-28 08:25:00,-2.24125,-4.8289868277,1006.6,  ,  ,0.900004474609,2.90001441819,82.3875,0.0,  ,  ,0.0,  ,  
2019-03-28 08:30:00,-2.29666666667,-4.96891460716,1006.6,  ,  ,0.900004474609,3.3000164069,81.8541666667,0.0,  ,  ,0.0,  ,  
2019-03-28 08:35:00,-2.3,-5.03476474867,1006.6,  ,  ,0.900004474609,2.40001193229,81.4666666667,0.0,  ,  ,0.0,  ,  
2019-03-28 08:40:00,-2.21416666667,-5.03416422262,1006.61302187,  ,  ,0.819587408128,4.10002038433,80.9541666667,0.0,  ,  ,0.0,  ,  
2019-03-28 08:45:00,-2.11,-5.08886061205,1006.8,  ,  ,0.80000397743,2.80001392101,80.0,0.0,  ,  ,0.0,  ,  
2019-03-28 08:50:00,-1.97958333333,-5.0852506804,1006.8,  ,  ,0.880421043912,3.10001541254,79.2541666667,0.0,  ,  ,0.0,  ,  
2019-03-28 08:55:00,-1.77875,-5.06282767454,1006.81311475,  ,  ,0.900004474609,2.90001441819,78.2208333333,0.0,  ,  ,0.0,  ,  
2019-03-28 09:00:00,-1.66541666667,-4.95965936652,1007.0,  ,  ,0.900004474609,2.60001292665,78.1791666667,0.0,  ,  ,0.0,  ,  
2019-03-28 09:05:00,-1.40625,-4.81377519061,1007.0,  ,  ,0.900004474609,2.80001392101,77.5541666667,0.0,  ,  ,0.0,  ,  
2019-03-28 09:10:00,-1.11833333333,-4.70225980401,1007.00651093,  ,  ,0.819587408128,2.80001392101,76.575,0.0,  ,  ,0.0,  ,  
2019-03-28 09:15:00,-0.84875,-4.59738429616,1007.1,  ,  ,0.80000397743,2.60001292665,75.675,0.0,  ,  ,0.0,  ,  
2019-03-28 09:20:00,-0.642916666667,-4.65871492636,1007.1,  ,  ,0.80000397743,2.60001292665,74.2,0.0,  ,  ,0.0,  ,  
2019-03-28 09:25:00,-0.37625,-4.51461217573,1007.11311475,  ,  ,0.80000397743,1.9000094464,73.5666666667,0.0,  ,  ,0.0,  ,  
2019-03-28 09:30:00,-0.0395833333333,-4.24234718004,1007.3,  ,  ,0.639169844468,3.3000164069,73.275,0.0,  ,  ,0.0,  ,  
2019-03-28 09:35:00,0.117916666667,-4.41205272729,1007.3,  ,  ,0.600002983073,3.10001541254,71.5208333333,0.0,  ,  ,0.0,  ,  
2019-03-28 09:40:00,0.13875,-4.59108295649,1007.3,  ,  ,0.760837116035,2.90001441819,70.4541666667,0.0,  ,  ,0.0,  ,  
2019-03-28 09:45:00,-0.0158333333333,-4.66393348515,1007.3,  ,  ,0.80000397743,2.40001193229,70.8583333333,0.0,  ,  ,0.0,  ,  
2019-03-28 09:50:00,-0.0920833333333,-4.52572683327,1007.3,  ,  ,0.80000397743,2.40001193229,72.0,0.0,  ,  ,0.0,  ,  
2019-03-28 09:55:00,0.08125,-4.35880404605,1007.30651093,  ,  ,0.80000397743,4.30002137869,72.0,0.0,  ,  ,0.0,  ,  
2019-03-28 10:00:00,0.13,-4.4856356101,1007.4,  ,  ,1.04125517687,3.60001789844,71.0625,0.0,  ,  ,0.0,  ,  
2019-03-28 10:05:00,0.0641666666667,-4.85961575357,1007.4,  ,  ,1.10000546897,4.30002137869,69.4125,0.0,  ,  ,0.0,  ,  
2019-03-28 10:10:00,-0.174583333333,-5.08304707083,1007.40655738,  ,  ,1.34125666841,4.10002038433,69.4416666667,0.0,  ,  ,0.0,  ,  
2019-03-28 10:15:00,-0.214583333333,-5.39752888922,1007.5,  ,  ,1.4000069605,5.30002635048,68.0,0.0,  ,  ,0.0,  ,  
2019-03-28 10:20:00,-0.27875,-5.32827600337,1007.5,  ,  ,1.72167522643,4.10002038433,68.6791666667,0.0,  ,  ,0.0,  ,  
2019-03-28 10:25:00,-0.0641666666667,-5.07404217113,1007.5,  ,  ,1.80000894922,3.60001789844,68.9333333333,0.0,  ,  ,0.0,  ,  
2019-03-28 10:30:00,0.07125,-5.02746936439,1007.5,  ,  ,1.80000894922,4.50002237305,68.5,0.0,  ,  ,0.0,  ,  
2019-03-28 10:35:00,0.0166666666667,-5.11425500432,1007.5,  ,  ,1.80000894922,4.10002038433,68.3208333333,0.0,  ,  ,0.0,  ,  
2019-03-28 10:40:00,0.147916666667,-5.04180604727,1007.5,  ,  ,1.63917481626,3.90001938997,68.0458333333,0.0,  ,  ,0.0,  ,  
2019-03-28 10:45:00,0.438333333333,-4.75826760167,1007.5,  ,  ,1.60000795486,2.40001193229,68.075,0.0,  ,  ,0.0,  ,  
2019-03-28 10:50:00,0.626666666667,-4.83716868391,1007.5,  ,  ,1.19792262245,2.40001193229,66.7541666667,0.0,  ,  ,0.0,  ,  
2019-03-28 10:55:00,0.65,-4.84295768963,1007.48688525,  ,  ,1.10000546897,3.10001541254,66.6125,0.0,  ,  ,0.0,  ,  
2019-03-28 11:00:00,0.695833333333,-4.66591408405,1007.3,  ,  ,0.939171336004,3.40001690408,67.2875,0.0,  ,  ,0.0,  ,  
2019-03-28 11:05:00,0.8,-4.85111414105,1007.3,  ,  ,0.900004474609,4.50002237305,65.8541666667,0.0,  ,  ,0.0,  ,  
2019-03-28 11:10:00,0.85125,-4.96534071261,1007.29348907,  ,  ,1.22167274053,3.60001789844,65.0458333333,0.0,  ,  ,0.0,  ,  
2019-03-28 11:15:00,1.03583333333,-5.02771729135,1007.2,  ,  ,1.30000646332,3.40001690408,63.8833333333,0.0,  ,  ,0.0,  ,  
2019-03-28 11:20:00,1.1,-5.48874298697,1007.2,  ,  ,1.30000646332,4.60002287023,61.4,0.0,  ,  ,0.0,  ,  
2019-03-28 11:25:00,1.16458333333,-5.74316136328,1007.18688525,  ,  ,1.30000646332,5.10002535612,59.9416666667,0.0,  ,  ,0.0,  ,  
2019-03-28 11:30:00,1.24458333333,-5.83642782275,1007.0,  ,  ,1.78250886221,3.90001938997,59.175,0.0,  ,  ,0.0,  ,  
2019-03-28 11:35:00,1.3525,-5.78566309235,1007.0,  ,  ,1.9000094464,2.30001143511,58.9458333333,0.0,  ,  ,0.0,  ,  
2019-03-28 11:40:00,1.48208333333,-5.57773511232,1006.99343936,  ,  ,1.41750704751,5.80002883637,59.3333333333,0.0,  ,  ,0.0,  ,  
2019-03-28 11:45:00,1.4525,-5.34708185969,1006.9,  ,  ,1.30000646332,2.60001292665,60.5125,0.0,  ,  ,0.0,  ,  
2019-03-28 11:50:00,1.63458333333,-5.50348473865,1006.9,  ,  ,1.30000646332,4.50002237305,59.0208333333,0.0,  ,  ,0.0,  ,  
2019-03-28 11:55:00,1.71125,-5.30016141056,1006.89348907,  ,  ,1.30000646332,4.50002237305,59.6125,0.0,  ,  ,0.0,  ,  
2019-03-28 12:00:00,1.79666666667,-5.14440653428,1006.8,  ,  ,1.13917233036,3.90001938997,59.9541666667,0.0,  ,  ,0.0,  ,  
2019-03-28 12:05:00,1.70208333333,-5.49665005296,1006.8,  ,  ,1.10000546897,4.50002237305,58.7666666667,0.0,  ,  ,0.0,  ,  
2019-03-28 12:10:00,1.7,-5.47906665157,1006.8,  ,  ,1.10000546897,4.60002287023,58.8541666667,0.0,  ,  ,0.0,  ,  
2019-03-28 12:15:00,1.71125,-5.71325146732,1006.8,  ,  ,1.10000546897,4.50002237305,57.7666666667,0.0,  ,  ,0.0,  ,  
2019-03-28 12:20:00,1.73541666667,-6.00698726454,1006.8,  ,  ,1.74334200082,6.50003231662,56.3875,0.0,  ,  ,0.0,  ,  
2019-03-28 12:25:00,1.81916666667,-5.54111204934,1006.8,  ,  ,1.9000094464,3.80001889279,58.0791666667,0.0,  ,  ,0.0,  ,  
2019-03-28 12:30:00,1.89666666667,-5.77879804212,1006.8,  ,  ,1.81959237992,5.60002784201,56.7208333333,0.0,  ,  ,0.0,  ,  
2019-03-28 12:35:00,2.06375,-5.28116608454,1006.8,  ,  ,1.80000894922,3.90001938997,58.2125,0.0,  ,  ,0.0,  ,  
2019-03-28 12:40:00,2.29125,-5.40911018272,1006.79348907,  ,  ,1.8804260157,4.30002137869,56.7208333333,0.0,  ,  ,0.0,  ,  
2019-03-28 12:45:00,2.30666666667,-5.34068608604,1006.7,  ,  ,1.9000094464,4.50002237305,56.9541666667,0.0,  ,  ,0.0,  ,  
2019-03-28 12:50:00,2.2375,-5.35367718434,1006.7,  ,  ,1.81959237992,3.40001690408,57.1791666667,0.0,  ,  ,0.0,  ,  
2019-03-28 12:55:00,2.14125,-5.40568156106,1006.69344262,  ,  ,1.80000894922,5.00002485894,57.3458333333,0.0,  ,  ,0.0,  ,  
2019-03-28 13:00:00,2.3125,-5.48317680472,1006.6,  ,  ,1.47834068329,3.60001789844,56.3166666667,0.0,  ,  ,0.0,  ,  
2019-03-28 13:05:00,2.43666666667,-6.13876014383,1006.6,  ,  ,1.4000069605,5.60002784201,53.0958333333,0.0,  ,  ,0.0,  ,  
2019-03-28 13:10:00,2.38208333333,-6.30265341594,1006.60651093,  ,  ,1.80209229291,6.30003132226,52.6375,0.0,  ,  ,0.0,  ,  
2019-03-28 13:15:00,2.23208333333,-6.35357953962,1006.7,  ,  ,1.9000094464,5.30002635048,52.9958333333,0.0,  ,  ,0.0,  ,  
2019-03-28 13:20:00,2.23791666667,-6.55254417769,1006.7,  ,  ,2.06084357936,5.30002635048,52.1708333333,0.0,  ,  ,0.0,  ,  
2019-03-28 13:25:00,2.3,-6.62235923355,1006.69344262,  ,  ,2.10001044075,5.50002734483,51.6625,0.0,  ,  ,0.0,  ,  
2019-03-28 13:30:00,2.37916666667,-6.23737710678,1006.6,  ,  ,1.93917630779,4.30002137869,52.9125,0.0,  ,  ,0.0,  ,  
2019-03-28 13:35:00,2.41208333333,-6.38362495751,1006.6,  ,  ,1.9000094464,4.10002038433,52.2,0.0,  ,  ,0.0,  ,  
2019-03-28 13:40:00,2.40458333333,-6.08480081931,1006.6,  ,  ,1.65875824695,5.80002883637,53.4375,0.0,  ,  ,0.0,  ,  
2019-03-28 13:45:00,2.54458333333,-5.57686170173,1006.6,  ,  ,1.60000795486,6.00002983073,55.0,0.0,  ,  ,0.0,  ,  
2019-03-28 13:50:00,2.62125,-5.42095983526,1006.6,  ,  ,2.00209328727,4.80002386458,55.3541666667,0.0,  ,  ,0.0,  ,  
2019-03-28 13:55:00,2.69666666667,-5.56488298164,1006.59348907,  ,  ,2.10001044075,4.60002287023,54.4583333333,0.0,  ,  ,0.0,  ,  
2019-03-28 14:00:00,2.77458333333,-5.33627758568,1006.5,  ,  ,1.69792510835,3.40001690408,55.1083333333,0.0,  ,  ,0.0,  ,  
2019-03-28 14:05:00,2.72666666667,-5.72393603395,1006.5,  ,  ,1.60000795486,4.80002386458,53.6875,0.0,  ,  ,0.0,  ,  
2019-03-28 14:10:00,2.98375,-5.75311987826,1006.48688525,  ,  ,1.60000795486,4.10002038433,52.6,0.0,  ,  ,0.0,  ,  
2019-03-28 14:15:00,3.23916666667,-5.46399673033,1006.3,  ,  ,1.60000795486,4.30002137869,52.8083333333,0.0,  ,  ,0.0,  ,  
2019-03-28 14:20:00,3.3,-5.99458512816,1006.3,  ,  ,1.60000795486,6.6000328138,50.4958333333,0.0,  ,  ,0.0,  ,  
2019-03-28 14:25:00,3.29,-6.34219807864,1006.3,  ,  ,1.60000795486,7.00003480252,49.2041666667,0.0,  ,  ,0.0,  ,  
2019-03-28 14:30:00,3.26208333333,-5.8740275104,1006.3,  ,  ,2.24334448671,5.30002635048,51.1,0.0,  ,  ,0.0,  ,  
2019-03-28 14:35:00,3.18541666667,-5.96207112548,1006.3,  ,  ,2.40001193229,6.10003032791,51.0333333333,0.0,  ,  ,0.0,  ,  
2019-03-28 14:40:00,3.10458333333,-6.15369122395,1006.29348907,  ,  ,2.15876073285,4.80002386458,50.5791666667,0.0,  ,  ,0.0,  ,  
2019-03-28 14:45:00,3.19666666667,-5.76484622873,1006.2,  ,  ,2.10001044075,5.60002784201,51.7666666667,0.0,  ,  ,0.0,  ,  
2019-03-28 14:50:00,3.22458333333,-5.62441946359,1006.2,  ,  ,1.93917630779,3.3000164069,52.2208333333,0.0,  ,  ,0.0,  ,  
2019-03-28 14:55:00,3.32791666667,-5.54740977375,1006.18688525,  ,  ,1.9000094464,5.80002883637,52.1458333333,0.0,  ,  ,0.0,  ,  
2019-03-28 15:00:00,3.38,-5.58962368579,1006.0,  ,  ,1.41750704751,4.80002386458,51.7875,0.0,  ,  ,0.0,  ,  
2019-03-28 15:05:00,3.45583333333,-5.4088036403,1006.0,  ,  ,1.30000646332,2.80001392101,52.225,0.0,  ,  ,0.0,  ,  
2019-03-28 15:10:00,3.55541666667,-5.04291340376,1005.99349675,  ,  ,1.13917233036,2.90001441819,53.3208333333,0.0,  ,  ,0.0,  ,  
2019-03-28 15:15:00,3.40541666667,-5.25566560946,1005.9,  ,  ,1.10000546897,2.60001292665,53.025,0.0,  ,  ,0.0,  ,  
2019-03-28 15:20:00,3.4,-4.97999748958,1005.9,  ,  ,0.858754269523,3.40001690408,54.1666666667,0.0,  ,  ,0.0,  ,  
2019-03-28 15:25:00,3.34208333333,-4.99040395667,1005.89344344,  ,  ,0.80000397743,3.80001889279,54.3458333333,0.0,  ,  ,0.0,  ,  
2019-03-28 15:30:00,3.36791666667,-4.71255908265,1005.8,  ,  ,0.880421043912,2.90001441819,55.4,0.0,  ,  ,0.0,  ,  
2019-03-28 15:35:00,3.33875,-4.45615499323,1005.8,  ,  ,0.900004474609,2.10001044075,56.6,0.0,  ,  ,0.0,  ,  
2019-03-28 15:40:00,3.30333333333,-4.84762490927,1005.8,  ,  ,0.819587408128,3.3000164069,55.0875,0.0,  ,  ,0.0,  ,  
2019-03-28 15:45:00,3.3,-5.31855298444,1005.8,  ,  ,0.80000397743,3.80001889279,53.1666666667,0.0,  ,  ,0.0,  ,  
2019-03-28 15:50:00,3.28875,-5.38167903995,1005.8,  ,  ,1.04125517687,4.10002038433,52.9541666667,0.0,  ,  ,0.0,  ,  
2019-03-28 15:55:00,3.21,-5.12362247975,1005.79349024,  ,  ,1.10000546897,3.3000164069,54.3041666667,0.0,  ,  ,0.0,  ,  
2019-03-28 16:00:00,3.16208333333,-4.54869599805,1005.7,  ,  ,0.939171336004,2.60001292665,56.9125,0.0,  ,  ,0.0,  ,  
2019-03-28 16:05:00,3.02416666667,-4.62668903791,1005.7,  ,  ,0.900004474609,3.3000164069,57.1333333333,0.0,  ,  ,0.0,  ,  
2019-03-28 16:10:00,2.87208333333,-4.70481987935,1005.69344344,  ,  ,0.900004474609,3.10001541254,57.4125,0.0,  ,  ,0.0,  ,  
2019-03-28 16:15:00,2.77875,-4.49611405574,1005.6,  ,  ,0.900004474609,2.60001292665,58.7125,0.0,  ,  ,0.0,  ,  
2019-03-28 16:20:00,2.64541666667,-4.707213905,1005.6,  ,  ,0.819587408128,2.40001193229,58.3333333333,0.0,  ,  ,0.0,  ,  
2019-03-28 16:25:00,2.60666666667,-4.7587455733,1005.6,  ,  ,0.80000397743,3.10001541254,58.2666666667,0.0,  ,  ,0.0,  ,  
2019-03-28 16:30:00,2.66791666667,-4.6436165043,1005.6,  ,  ,0.80000397743,5.30002635048,58.5208333333,0.0,  ,  ,0.0,  ,  
2019-03-28 16:35:00,2.76458333333,-4.5971195715,1005.6,  ,  ,0.80000397743,3.40001690408,58.325,0.0,  ,  ,0.0,  ,  
2019-03-28 16:40:00,2.73541666667,-4.18025019654,1005.6,  ,  ,1.04125517687,4.30002137869,60.3125,0.0,  ,  ,0.0,  ,  
2019-03-28 16:45:00,2.5975,-3.98392145514,1005.6,  ,  ,1.10000546897,4.30002137869,61.8125,0.0,  ,  ,0.0,  ,  
2019-03-28 16:50:00,2.40416666667,-4.1292477203,1005.6,  ,  ,1.10000546897,3.80001889279,61.9875,0.0,  ,  ,0.0,  ,  
2019-03-28 16:55:00,2.37791666667,-4.22032534467,1005.6,  ,  ,1.10000546897,3.60001789844,61.6791666667,0.0,  ,  ,0.0,  ,  
2019-03-28 17:00:00,2.39541666667,-3.9026664121,1005.6,  ,  ,1.10000546897,1.9000094464,63.0916666667,0.0,  ,  ,0.0,  ,  
2019-03-28 17:05:00,2.3,-3.71714759359,1005.6,  ,  ,1.10000546897,3.10001541254,64.4125,0.0,  ,  ,0.0,  ,  
2019-03-28 17:10:00,2.27541666667,-3.69486851078,1005.59348907,  ,  ,0.69792013656,4.80002386458,64.6333333333,0.0,  ,  ,0.0,  ,  
2019-03-28 17:15:00,2.2,-3.67746664974,1005.5,  ,  ,0.600002983073,3.3000164069,65.0666666667,0.0,  ,  ,0.0,  ,  
2019-03-28 17:20:00,2.11875,-3.74113086502,1005.5,  ,  ,1.56500778085,4.60002287023,65.1333333333,0.0,  ,  ,0.0,  ,  
2019-03-28 17:25:00,2.1,-3.71554277652,1005.49344262,  ,  ,1.80000894922,5.30002635048,65.3458333333,0.0,  ,  ,0.0,  ,  
2019-03-28 17:30:00,2.09666666667,-3.73488223761,1005.4,  ,  ,1.39792361681,3.40001690408,65.2666666667,0.0,  ,  ,0.0,  ,  
2019-03-28 17:35:00,2.1,-3.58936326983,1005.4,  ,  ,1.30000646332,1.4000069605,65.9666666667,0.0,  ,  ,0.0,  ,  
2019-03-28 17:40:00,2.1,-3.59611122533,1005.4,  ,  ,0.897921130918,1.30000646332,65.9333333333,0.0,  ,  ,0.0,  ,  
2019-03-28 17:45:00,2.16458333333,-3.42019343674,1005.4,  ,  ,0.80000397743,0.900004474609,66.5,0.0,  ,  ,0.0,  ,  
2019-03-28 17:50:00,2.19333333333,-3.35009172686,1005.4,  ,  ,0.15666744558,0.80000397743,66.7125,0.0,  ,  ,0.0,  ,  
2019-03-28 17:55:00,2.14208333333,-3.27920346072,1005.40651093,  ,  ,0.0,0.0,67.3125,0.0,  ,  ,0.0,  ,  
2019-03-28 18:00:00,2.1,-3.20716797039,1005.5,  ,  ,0.0,1.9000094464,67.8791666667,0.0,  ,  ,0.0,  ,  
2019-03-28 18:05:00,1.97083333333,-3.09838915303,1005.5,  ,  ,0.0,2.60001292665,69.0666666667,0.0,  ,  ,0.0,  ,  
2019-03-28 18:10:00,1.84208333333,-3.2346851353,1005.5,  ,  ,0.0,2.30001143511,69.0,0.0,  ,  ,0.0,  ,  
2019-03-28 18:15:00,1.79208333333,-3.28258844182,1005.5,  ,  ,0.0,3.3000164069,69.0,0.0,  ,  ,0.0,  ,  
2019-03-28 18:20:00,1.69875,-3.22171359786,1005.5,  ,  ,0.723753598332,4.50002237305,69.7791666667,0.0,  ,  ,0.0,  ,  
2019-03-28 18:25:00,1.60333333333,-3.22639591654,1005.5,  ,  ,0.900004474609,3.80001889279,70.2333333333,0.0,  ,  ,0.0,  ,  
2019-03-28 18:30:00,1.59875,-3.06172086752,1005.5,  ,  ,1.46292393998,3.90001938997,71.125,0.0,  ,  ,0.0,  ,  
2019-03-28 18:35:00,1.45541666667,-2.96514123093,1005.5,  ,  ,1.60000795486,4.10002038433,72.3791666667,0.0,  ,  ,0.0,  ,  
2019-03-28 18:40:00,1.33208333333,-2.96937775194,1005.50655738,  ,  ,1.4391738219,5.50002734483,73.0,0.0,  ,  ,0.0,  ,  
2019-03-28 18:45:00,1.29875,-2.89543608142,1005.6,  ,  ,1.4000069605,3.90001938997,73.5791666667,0.0,  ,  ,0.0,  ,  
2019-03-28 18:50:00,1.19208333333,-2.79310172787,1005.6,  ,  ,1.4000069605,4.30002137869,74.7125,0.0,  ,  ,0.0,  ,  
2019-03-28 18:55:00,1.1,-2.68565565036,1005.6,  ,  ,1.4000069605,1.9000094464,75.8125,0.0,  ,  ,0.0,  ,  
2019-03-28 19:00:00,1.03541666667,-2.57185907508,1005.6,  ,  ,0.997921628097,1.4000069605,76.8125,0.0,  ,  ,0.0,  ,  
2019-03-28 19:05:00,0.935416666667,-2.52356933713,1005.6,  ,  ,0.900004474609,0.900004474609,77.6458333333,0.0,  ,  ,0.0,  ,  
2019-03-28 19:10:00,0.9,-2.58907838645,1005.58703242,  ,  ,0.176250876278,0.900004474609,77.4666666667,0.0,  ,  ,0.0,  ,  
2019-03-28 19:15:00,0.885416666667,-2.51658423446,1005.4,  ,  ,0.0,0.80000397743,77.9666666667,0.0,  ,  ,0.0,  ,  
2019-03-28 19:20:00,0.8,-2.48845836661,1005.4,  ,  ,0.0,0.600002983073,78.6125,0.0,  ,  ,0.0,  ,  
2019-03-28 19:25:00,0.8,-2.38594216124,1005.40655656,  ,  ,0.0,0.0,79.2125,0.0,  ,  ,0.0,  ,  
2019-03-28 19:30:00,0.71875,-2.33161185329,1005.5,  ,  ,0.0,0.0,80.0,0.0,  ,  ,0.0,  ,  
2019-03-28 19:35:00,0.692083333333,-2.24348661778,1005.5,  ,  ,0.0,0.0,80.6791666667,0.0,  ,  ,0.0,  ,  
2019-03-28 19:40:00,0.6,-2.27974630418,1005.5,  ,  ,0.0,0.0,81.0,0.0,  ,  ,0.0,  ,  
2019-03-28 19:45:00,0.542083333333,-2.28983370168,1005.5,  ,  ,0.0,0.0,81.2791666667,0.0,  ,  ,0.0,  ,  
2019-03-28 19:50:00,0.472083333333,-2.38448507221,1005.5,  ,  ,0.0,0.0,81.1208333333,0.0,  ,  ,0.0,  ,  
2019-03-28 19:55:00,0.4,-2.47494367445,1005.5,  ,  ,0.0,0.0,81.0,0.0,  ,  ,0.0,  ,  
2019-03-28 20:00:00,0.4,-2.46385419454,1005.5,  ,  ,0.0,0.0,81.0666666667,0.0,  ,  ,0.0,  ,  
2019-03-28 20:05:00,0.4,-2.47494367445,1005.5,  ,  ,0.0,0.0,81.0,0.0,  ,  ,0.0,  ,  
2019-03-28 20:10:00,0.4,-2.47494367445,1005.5,  ,  ,0.0,0.0,81.0,0.0,  ,  ,0.0,  ,  
2019-03-28 20:15:00,0.4,-2.36785264035,1005.5,  ,  ,0.0,0.0,81.6458333333,0.0,  ,  ,0.0,  ,  
2019-03-28 20:20:00,0.4,-2.47147734416,1005.5,  ,  ,0.0,0.0,81.0208333333,0.0,  ,  ,0.0,  ,  
2019-03-28 20:25:00,0.362083333333,-2.47664180773,1005.5,  ,  ,0.0,0.0,81.2125,0.0,  ,  ,0.0,  ,  
2019-03-28 20:30:00,0.306666666667,-2.40820539127,1005.5,  ,  ,0.0,0.0,81.9541666667,0.0,  ,  ,0.0,  ,  
2019-03-28 20:35:00,0.3,-2.57254384442,1005.5,  ,  ,0.0,0.0,81.0,0.0,  ,  ,0.0,  ,  
2019-03-28 20:40:00,0.3,-2.49859748817,1005.5,  ,  ,0.0,0.0,81.4458333333,0.0,  ,  ,0.0,  ,  
2019-03-28 20:45:00,0.3,-2.48963778336,1005.5,  ,  ,0.0,0.0,81.5,0.0,  ,  ,0.0,  ,  
2019-03-28 20:50:00,0.3,-2.31222284776,1005.5,  ,  ,0.0,0.0,82.5791666667,0.0,  ,  ,0.0,  ,  
2019-03-28 20:55:00,0.3,-2.24359375308,1005.50655738,  ,  ,0.0,0.0,83.0,0.0,  ,  ,0.0,  ,  
2019-03-28 21:00:00,0.26875,-2.46172163628,1005.6,  ,  ,0.0,0.0,81.8541666667,0.0,  ,  ,0.0,  ,  
2019-03-28 21:05:00,0.2,-2.49944257474,1005.6,  ,  ,0.0,0.0,82.0333333333,0.0,  ,  ,0.0,  ,  
2019-03-28 21:10:00,0.2,-2.39371787311,1005.58062093,  ,  ,0.0,0.0,82.6791666667,0.0,  ,  ,0.0,  ,  
2019-03-28 21:15:00,0.2,-2.2153165265,1005.3,  ,  ,0.0,0.0,83.7791666667,0.0,  ,  ,0.0,  ,  
2019-03-28 21:20:00,0.17875,-2.20057825675,1005.3,  ,  ,0.0,0.0,84.0,0.0,  ,  ,0.0,  ,  
2019-03-28 21:25:00,0.1,-2.28512955727,1005.29345327,  ,  ,0.0,0.0,83.9541666667,0.0,  ,  ,0.0,  ,  
2019-03-28 21:30:00,0.07875,-2.41486893961,1005.2,  ,  ,0.0,0.0,83.2791666667,0.0,  ,  ,0.0,  ,  
2019-03-28 21:35:00,-0.03125,-2.40640012895,1005.2,  ,  ,0.0,0.0,84.0,0.0,  ,  ,0.0,  ,  
2019-03-28 21:40:00,-0.1,-2.402411558,1005.19348907,  ,  ,0.0,0.0,84.4458333333,0.0,  ,  ,0.0,  ,  
2019-03-28 21:45:00,-0.157916666667,-2.3004079572,1005.1,  ,  ,0.0,0.0,85.4458333333,0.0,  ,  ,0.0,  ,  
2019-03-28 21:50:00,-0.2,-2.23354805697,1005.1,  ,  ,0.0,0.0,86.1333333333,0.0,  ,  ,0.0,  ,  
2019-03-28 21:55:00,-0.2,-2.25446999014,1005.1,  ,  ,0.0,0.0,86.0,0.0,  ,  ,0.0,  ,  
2019-03-28 22:00:00,-0.2,-2.25446999014,1005.1,  ,  ,0.0,0.0,86.0,0.0,  ,  ,0.0,  ,  
2019-03-28 22:05:00,-0.227916666667,-2.28190579303,1005.1,  ,  ,0.0,0.0,86.0,0.0,  ,  ,0.0,  ,  
2019-03-28 22:10:00,-0.3,-2.26215139905,1005.1,  ,  ,0.0,0.0,86.5791666667,0.0,  ,  ,0.0,  ,  
2019-03-28 22:15:00,-0.3,-2.23812625155,1005.1,  ,  ,0.0,0.0,86.7333333333,0.0,  ,  ,0.0,  ,  
2019-03-28 22:20:00,-0.3,-2.20895737535,1005.1,  ,  ,0.0,0.0,86.9208333333,0.0,  ,  ,0.0,  ,  
2019-03-28 22:25:00,-0.3,-2.35274775104,1005.09353877,  ,  ,0.0,0.0,86.0,0.0,  ,  ,0.0,  ,  
2019-03-28 22:30:00,-0.3,-2.35274775104,1005.0,  ,  ,0.0,0.0,86.0,0.0,  ,  ,0.0,  ,  
2019-03-28 22:35:00,-0.3,-2.51970244508,1005.0,  ,  ,0.0,0.0,84.9416666667,0.0,  ,  ,0.0,  ,  
2019-03-28 22:40:00,-0.27875,-2.60298625991,1004.9934923,  ,  ,0.0,0.0,84.2875,0.0,  ,  ,0.0,  ,  
2019-03-28 22:45:00,-0.2,-2.77827732285,1004.9,  ,  ,0.0,0.600002983073,82.7208333333,0.0,  ,  ,0.0,  ,  
2019-03-28 22:50:00,-0.145416666667,-2.837070417,1004.9,  ,  ,0.0,0.80000397743,82.0333333333,0.0,  ,  ,0.0,  ,  
2019-03-28 22:55:00,-0.0520833333333,-2.72945656017,1004.89349349,  ,  ,0.0,0.80000397743,82.1333333333,0.0,  ,  ,0.0,  ,  
2019-03-28 23:00:00,0.0579166666667,-2.69517073763,1004.8,  ,  ,0.0,0.80000397743,81.6875,0.0,  ,  ,0.0,  ,  
2019-03-28 23:05:00,0.104583333333,-2.76327370059,1004.8,  ,  ,0.0,0.0,81.0,0.0,  ,  ,0.0,  ,  
2019-03-28 23:10:00,0.2,-2.6701450043,1004.79353877,  ,  ,0.0,1.9000094464,81.0,0.0,  ,  ,0.0,  ,  
2019-03-28 23:15:00,0.2,-2.5522381412,1004.7,  ,  ,0.0,0.600002983073,81.7125,0.0,  ,  ,0.0,  ,  
2019-03-28 23:20:00,0.267916666667,-2.43853850103,1004.7,  ,  ,0.0,0.0,82.0,0.0,  ,  ,0.0,  ,  
2019-03-28 23:25:00,0.3,-2.37432266419,1004.6934923,  ,  ,0.0,0.80000397743,82.2,0.0,  ,  ,0.0,  ,  
2019-03-28 23:30:00,0.3,-2.40718084573,1004.6,  ,  ,0.0,0.900004474609,82.0,0.0,  ,  ,0.0,  ,  
2019-03-28 23:35:00,0.3,-2.40718084573,1004.6,  ,  ,0.0,0.600002983073,82.0,0.0,  ,  ,0.0,  ,  
2019-03-28 23:40:00,0.3,-2.51377209175,1004.6,  ,  ,0.0,1.10000546897,81.3541666667,0.0,  ,  ,0.0,  ,  
2019-03-28 23:45:00,0.337916666667,-2.5355369968,1004.6,  ,  ,0.0,1.10000546897,81.0,0.0,  ,  ,0.0,  ,  
2019-03-28 23:50:00,0.4,-2.56395160434,1004.6,  ,  ,0.0,1.60000795486,80.4666666667,0.0,  ,  ,0.0,  ,  
  

    

