Time,TemperatureC,DewpointC,PressurehPa,WindDirection,WindDirectionDegrees,WindSpeedKMH,WindSpeedGustKMH,Humidity,HourlyPrecipMM,Conditions,Clouds,dailyrainMM,SoftwareType,DateUTC
                
2019-07-28 00:00:00,22.3954166667,18.7760645804,747.211445616,  ,  ,0.967921478943,3.10001541254,80.0333333333,0.0,  ,  ,0.0,  ,  
2019-07-28 00:05:00,22.35,18.7477412135,747.156458621,  ,  ,0.80000397743,2.10001044075,80.1125,0.0,  ,  ,0.0,  ,  
2019-07-28 00:10:00,22.3233333333,18.8983960548,747.136439448,  ,  ,0.887087743724,1.80000894922,81.0,0.0,  ,  ,0.0,  ,  
2019-07-28 00:15:00,22.3,18.8822715162,747.136439448,  ,  ,0.900004474609,1.30000646332,81.0333333333,0.0,  ,  ,0.0,  ,  
2019-07-28 00:20:00,22.2820833333,19.0249020121,747.081422424,  ,  ,0.11625057797,0.900004474609,81.8458333333,0.0,  ,  ,0.0,  ,  
2019-07-28 00:25:00,22.1820833333,19.0640909523,747.06143328,  ,  ,0.0,0.0,82.5458333333,0.0,  ,  ,0.0,  ,  
2019-07-28 00:30:00,22.05875,19.0921188648,747.06143328,  ,  ,0.0,0.0,83.3125,0.0,  ,  ,0.0,  ,  
2019-07-28 00:35:00,21.8195833333,18.9902225396,747.06143328,  ,  ,0.0,0.0,84.0,0.0,  ,  ,0.0,  ,  
2019-07-28 00:40:00,21.63875,18.9298141425,747.06143328,  ,  ,0.0,0.0,84.6125,0.0,  ,  ,0.0,  ,  
2019-07-28 00:45:00,21.4875,18.8635921556,747.06143328,  ,  ,0.0,0.0,85.0458333333,0.0,  ,  ,0.0,  ,  
2019-07-28 00:50:00,21.2808333333,18.8398311561,747.006446154,  ,  ,0.0,0.0,86.0,0.0,  ,  ,0.0,  ,  
2019-07-28 00:55:00,21.1208333333,18.7347367134,746.986427112,  ,  ,0.0,0.0,86.2791666667,0.0,  ,  ,0.0,  ,  
2019-07-28 01:00:00,20.9108333333,18.6617206729,746.986427112,  ,  ,0.0,0.0,87.0,0.0,  ,  ,0.0,  ,  
2019-07-28 01:05:00,20.7208333333,18.4750099312,746.87643297,  ,  ,0.0,0.0,87.0,0.0,  ,  ,0.0,  ,  
2019-07-28 01:10:00,20.5008333333,18.415594505,746.836414776,  ,  ,0.0,0.0,87.8583333333,0.0,  ,  ,0.0,  ,  
2019-07-28 01:15:00,20.3108333333,18.4348153143,746.836414776,  ,  ,0.0,0.0,89.0,0.0,  ,  ,0.0,  ,  
2019-07-28 01:20:00,20.14875,18.2750797248,746.78142765,  ,  ,0.0,0.0,89.0,0.0,  ,  ,0.0,  ,  
2019-07-28 01:25:00,19.9541666667,18.245989519,746.761408608,  ,  ,0.0,0.0,89.9125,0.0,  ,  ,0.0,  ,  
2019-07-28 01:30:00,19.7641666667,18.0739999048,746.761408608,  ,  ,0.0,0.0,90.0,0.0,  ,  ,0.0,  ,  
2019-07-28 01:35:00,19.6954166667,18.0415106053,746.706411537,  ,  ,0.0,0.0,90.2,0.0,  ,  ,0.0,  ,  
2019-07-28 01:40:00,19.5820833333,17.8942985236,746.68640244,  ,  ,0.0,0.0,90.0,0.0,  ,  ,0.0,  ,  
2019-07-28 01:45:00,19.4320833333,17.746259519,746.68640244,  ,  ,0.0,0.0,90.0,0.0,  ,  ,0.0,  ,  
2019-07-28 01:50:00,19.3075,17.6959432336,746.631442966,  ,  ,0.0,0.0,90.4125,0.0,  ,  ,0.0,  ,  
2019-07-28 01:55:00,19.2,17.7064753166,746.611396272,  ,  ,0.0,0.0,91.0791666667,0.0,  ,  ,0.0,  ,  
2019-07-28 02:00:00,19.1854166667,17.6935147528,746.611396272,  ,  ,0.0,0.0,91.0875,0.0,  ,  ,0.0,  ,  
2019-07-28 02:05:00,19.1,17.5938275878,746.611396272,  ,  ,0.0,0.80000397743,91.0,0.0,  ,  ,0.0,  ,  
2019-07-28 02:10:00,18.9875,17.5659779796,746.611396272,  ,  ,0.0,0.0,91.4791666667,0.0,  ,  ,0.0,  ,  
2019-07-28 02:15:00,18.9679166667,17.7764691305,746.611396272,  ,  ,0.0,0.0,92.8125,0.0,  ,  ,0.0,  ,  
2019-07-28 02:20:00,19.1125,17.9268572717,746.556399201,  ,  ,0.0,0.0,92.8541666667,0.0,  ,  ,0.0,  ,  
2019-07-28 02:25:00,19.2691666667,17.9348777617,746.536390104,  ,  ,0.0,2.30001143511,92.0,0.0,  ,  ,0.0,  ,  
2019-07-28 02:30:00,19.5191666667,18.0175663686,746.536390104,  ,  ,0.0,0.0,91.0541666667,0.0,  ,  ,0.0,  ,  
2019-07-28 02:35:00,19.6,18.0879739875,746.536390104,  ,  ,0.0,0.0,91.0,0.0,  ,  ,0.0,  ,  
2019-07-28 02:40:00,19.5754166667,18.06367872,746.536390104,  ,  ,0.0,0.0,91.0,0.0,  ,  ,0.0,  ,  
2019-07-28 02:45:00,19.4620833333,17.9516730661,746.536390104,  ,  ,0.0,0.0,91.0,0.0,  ,  ,0.0,  ,  
2019-07-28 02:50:00,19.4,17.8903167819,746.481402978,  ,  ,0.0,0.0,91.0,0.0,  ,  ,0.0,  ,  
2019-07-28 02:55:00,19.4,17.7770247211,746.461383936,  ,  ,0.0,0.0,90.3541666667,0.0,  ,  ,0.0,  ,  
2019-07-28 03:00:00,19.4,17.7381234532,746.461383936,  ,  ,0.0,0.0,90.1333333333,0.0,  ,  ,0.0,  ,  
2019-07-28 03:05:00,19.3754166667,17.7630107213,746.461383936,  ,  ,0.0,0.0,90.4125,0.0,  ,  ,0.0,  ,  
2019-07-28 03:10:00,19.3,17.6548235753,746.461383936,  ,  ,0.0,0.600002983073,90.2208333333,0.0,  ,  ,0.0,  ,  
2019-07-28 03:15:00,19.3033333333,17.6191918036,746.461383936,  ,  ,0.0,1.10000546897,90.0,0.0,  ,  ,0.0,  ,  
2019-07-28 03:20:00,19.39125,17.7059598161,746.40639681,  ,  ,0.0,1.4000069605,90.0,0.0,  ,  ,0.0,  ,  
2019-07-28 03:25:00,19.4925,17.8058864765,746.386377768,  ,  ,0.0,2.60001292665,90.0,0.0,  ,  ,0.0,  ,  
2019-07-28 03:30:00,19.5966666667,17.9086911442,746.386377768,  ,  ,0.0,0.80000397743,90.0,0.0,  ,  ,0.0,  ,  
2019-07-28 03:35:00,19.6,17.9038735768,746.386377768,  ,  ,0.0,1.30000646332,89.9541666667,0.0,  ,  ,0.0,  ,  
2019-07-28 03:40:00,19.6,17.7936986294,746.386377768,  ,  ,0.0,2.60001292665,89.3333333333,0.0,  ,  ,0.0,  ,  
2019-07-28 03:45:00,19.6,17.8610660535,746.386377768,  ,  ,0.0,1.9000094464,89.7125,0.0,  ,  ,0.0,  ,  
2019-07-28 03:50:00,19.5120833333,17.7366345261,746.386377768,  ,  ,0.0,1.60000795486,89.5,0.0,  ,  ,0.0,  ,  
2019-07-28 03:55:00,19.4354166667,17.5936004481,746.386377768,  ,  ,0.0,0.0,89.1208333333,0.0,  ,  ,0.0,  ,  
2019-07-28 04:00:00,19.36875,17.6506239145,746.386377768,  ,  ,0.0,0.0,89.8125,0.0,  ,  ,0.0,  ,  
2019-07-28 04:05:00,19.25875,17.5751908144,746.386377768,  ,  ,0.0,1.4000069605,90.0,0.0,  ,  ,0.0,  ,  
2019-07-28 04:10:00,19.2,17.5172080498,746.386377768,  ,  ,0.0,1.10000546897,90.0,0.0,  ,  ,0.0,  ,  
2019-07-28 04:15:00,19.13875,17.5468450732,746.386377768,  ,  ,0.0,0.600002983073,90.5125,0.0,  ,  ,0.0,  ,  
2019-07-28 04:20:00,19.1,17.5938275878,746.386377768,  ,  ,0.0,0.80000397743,91.0,0.0,  ,  ,0.0,  ,  
2019-07-28 04:25:00,19.0220833333,17.5168220908,746.386377768,  ,  ,0.0,0.600002983073,91.0,0.0,  ,  ,0.0,  ,  
2019-07-28 04:30:00,18.91875,17.4146967308,746.386377768,  ,  ,0.0,3.10001541254,91.0,0.0,  ,  ,0.0,  ,  
2019-07-28 04:35:00,18.9,17.3961658678,746.331390642,  ,  ,0.0,0.80000397743,91.0,0.0,  ,  ,0.0,  ,  
2019-07-28 04:40:00,18.8966666667,17.3928714905,746.3113716,  ,  ,0.0,1.10000546897,91.0,0.0,  ,  ,0.0,  ,  
2019-07-28 04:45:00,18.8041666667,17.3014523204,746.3113716,  ,  ,0.0,0.900004474609,91.0,0.0,  ,  ,0.0,  ,  
2019-07-28 04:50:00,18.7266666667,17.2248575832,746.3113716,  ,  ,0.0,0.900004474609,91.0,0.0,  ,  ,0.0,  ,  
2019-07-28 04:55:00,18.7,17.3507717739,746.3113716,  ,  ,0.0,0.600002983073,91.8791666667,0.0,  ,  ,0.0,  ,  
2019-07-28 05:00:00,18.7,17.3313584366,746.3113716,  ,  ,0.0,0.0,91.7666666667,0.0,  ,  ,0.0,  ,  
2019-07-28 05:05:00,18.60875,17.2216593999,746.25641179,  ,  ,0.0,1.9000094464,91.6541666667,0.0,  ,  ,0.0,  ,  
2019-07-28 05:10:00,18.6,17.2381727725,746.236365432,  ,  ,0.0,0.0,91.8,0.0,  ,  ,0.0,  ,  
2019-07-28 05:15:00,18.5854166667,17.0852568001,746.236365432,  ,  ,0.0,1.4000069605,91.0,0.0,  ,  ,0.0,  ,  
2019-07-28 05:20:00,18.5133333333,17.1696513615,746.236365432,  ,  ,0.0,0.0,91.9,0.0,  ,  ,0.0,  ,  
2019-07-28 05:25:00,18.4520833333,16.9614340899,746.236365432,  ,  ,0.0,1.30000646332,91.0458333333,0.0,  ,  ,0.0,  ,  
2019-07-28 05:30:00,18.4,17.0746986911,746.236365432,  ,  ,0.0,0.0,92.0,0.0,  ,  ,0.0,  ,  
2019-07-28 05:35:00,18.4545833333,17.1057780463,746.236365432,  ,  ,0.0,0.0,91.8666666667,0.0,  ,  ,0.0,  ,  
2019-07-28 05:40:00,18.6225,17.2237414858,746.236365432,  ,  ,0.0,1.30000646332,91.5875,0.0,  ,  ,0.0,  ,  
2019-07-28 05:45:00,18.7133333333,17.2000797883,746.236365432,  ,  ,0.0,1.30000646332,90.9333333333,0.0,  ,  ,0.0,  ,  
2019-07-28 05:50:00,18.7745833333,17.2177484101,746.236365432,  ,  ,0.0,1.9000094464,90.6875,0.0,  ,  ,0.0,  ,  
2019-07-28 05:55:00,18.7966666667,17.1893016036,746.236365432,  ,  ,0.0,0.80000397743,90.4,0.0,  ,  ,0.0,  ,  
2019-07-28 06:00:00,18.81,17.1322967827,746.236365432,  ,  ,0.0,0.900004474609,90.0,0.0,  ,  ,0.0,  ,  
2019-07-28 06:05:00,18.8445833333,17.1664291808,746.181378306,  ,  ,0.0,0.80000397743,90.0,0.0,  ,  ,0.0,  ,  
2019-07-28 06:10:00,18.93125,17.2262900907,746.161359264,  ,  ,0.0,1.10000546897,89.8541666667,0.0,  ,  ,0.0,  ,  
2019-07-28 06:15:00,19.03125,17.1737267675,746.161359264,  ,  ,0.0,1.10000546897,89.0,0.0,  ,  ,0.0,  ,  
2019-07-28 06:20:00,19.0966666667,17.2382001236,746.106362193,  ,  ,0.0,1.10000546897,89.0,0.0,  ,  ,0.0,  ,  
2019-07-28 06:25:00,19.09875,17.2402534113,746.086353096,  ,  ,0.0,2.90001441819,89.0,0.0,  ,  ,0.0,  ,  
2019-07-28 06:30:00,18.99875,17.1001707374,746.086353096,  ,  ,0.522502597759,2.40001193229,88.7666666667,0.0,  ,  ,0.0,  ,  
2019-07-28 06:35:00,18.9345833333,17.0784536022,746.086353096,  ,  ,0.600002983073,2.80001392101,89.0,0.0,  ,  ,0.0,  ,  
2019-07-28 06:40:00,18.9766666667,17.1199303457,746.086353096,  ,  ,0.600002983073,2.40001193229,89.0,0.0,  ,  ,0.0,  ,  
2019-07-28 06:45:00,19.0679166667,17.186135393,746.086353096,  ,  ,0.600002983073,1.80000894922,88.8666666667,0.0,  ,  ,0.0,  ,  
2019-07-28 06:50:00,19.16125,17.2662205305,746.086353096,  ,  ,0.600002983073,1.9000094464,88.8,0.0,  ,  ,0.0,  ,  
2019-07-28 06:55:00,19.23125,17.2853111646,746.086353096,  ,  ,0.600002983073,1.9000094464,88.5208333333,0.0,  ,  ,0.0,  ,  
2019-07-28 07:00:00,19.3,17.2895104193,746.086353096,  ,  ,0.600002983073,3.40001690408,88.1666666667,0.0,  ,  ,0.0,  ,  
2019-07-28 07:05:00,19.3,17.2475442519,746.086353096,  ,  ,0.600002983073,2.60001292665,87.9333333333,0.0,  ,  ,0.0,  ,  
2019-07-28 07:10:00,19.37125,17.335667935,746.086353096,  ,  ,0.600002983073,2.10001044075,88.0333333333,0.0,  ,  ,0.0,  ,  
2019-07-28 07:15:00,19.5325,17.4582961301,746.086353096,  ,  ,0.600002983073,1.80000894922,87.8333333333,0.0,  ,  ,0.0,  ,  
2019-07-28 07:20:00,19.69125,17.5034231781,745.976379105,  ,  ,0.0775003853136,2.80001392101,87.2208333333,0.0,  ,  ,0.0,  ,  
2019-07-28 07:25:00,19.7479166667,17.5371280457,745.93634076,  ,  ,0.0,2.40001193229,87.1,0.0,  ,  ,0.0,  ,  
2019-07-28 07:30:00,19.8,17.5579163125,745.93634076,  ,  ,0.696670130346,2.90001441819,86.9333333333,0.0,  ,  ,0.0,  ,  
2019-07-28 07:35:00,19.8745833333,17.619023295,745.881343689,  ,  ,0.80000397743,2.60001292665,86.8666666667,0.0,  ,  ,0.0,  ,  
2019-07-28 07:40:00,19.9245833333,17.6597675602,745.861334592,  ,  ,0.80000397743,2.80001392101,86.8208333333,0.0,  ,  ,0.0,  ,  
2019-07-28 07:45:00,20.0379166667,17.7084421679,745.861334592,  ,  ,0.80000397743,2.30001143511,86.4791666667,0.0,  ,  ,0.0,  ,  
2019-07-28 07:50:00,20.1045833333,17.7961104912,745.861334592,  ,  ,0.80000397743,2.40001193229,86.6,0.0,  ,  ,0.0,  ,  
2019-07-28 07:55:00,20.2479166667,17.8424317644,745.861334592,  ,  ,0.80000397743,2.30001143511,86.0875,0.0,  ,  ,0.0,  ,  
2019-07-28 08:00:00,20.3145833333,17.9163323067,745.861334592,  ,  ,0.625836444844,2.30001143511,86.1333333333,0.0,  ,  ,0.0,  ,  
2019-07-28 08:05:00,20.4779166667,18.0249163672,745.861334592,  ,  ,0.600002983073,3.60001789844,85.8541666667,0.0,  ,  ,0.0,  ,  
2019-07-28 08:10:00,20.4420833333,17.9262708465,745.861334592,  ,  ,0.774170515659,3.40001690408,85.5125,0.0,  ,  ,0.0,  ,  
2019-07-28 08:15:00,20.4066666667,17.8930918511,745.861334592,  ,  ,0.80000397743,2.80001392101,85.5208333333,0.0,  ,  ,0.0,  ,  
2019-07-28 08:20:00,20.4745833333,17.9558128274,745.806337521,  ,  ,0.887087743724,3.3000164069,85.5,0.0,  ,  ,0.0,  ,  
2019-07-28 08:25:00,20.59125,17.9978455854,745.786328424,  ,  ,0.900004474609,2.10001044075,85.1125,0.0,  ,  ,0.0,  ,  
2019-07-28 08:30:00,20.66125,18.1675809065,745.786328424,  ,  ,0.812920708316,2.30001143511,85.6541666667,0.0,  ,  ,0.0,  ,  
2019-07-28 08:35:00,20.7445833333,18.1145168344,745.786328424,  ,  ,0.80000397743,2.80001392101,84.9333333333,0.0,  ,  ,0.0,  ,  
2019-07-28 08:40:00,20.7933333333,18.1810463342,745.786328424,  ,  ,0.80000397743,3.90001938997,85.0333333333,0.0,  ,  ,0.0,  ,  
2019-07-28 08:45:00,20.8345833333,18.2612946266,745.786328424,  ,  ,0.80000397743,3.3000164069,85.2458333333,0.0,  ,  ,0.0,  ,  
2019-07-28 08:50:00,21.0125,18.2842980179,745.731341298,  ,  ,0.887087743724,3.10001541254,84.4416666667,0.0,  ,  ,0.0,  ,  
2019-07-28 08:55:00,21.0945833333,18.4008780322,745.711322256,  ,  ,0.900004474609,2.90001441819,84.6333333333,0.0,  ,  ,0.0,  ,  
2019-07-28 09:00:00,21.23125,18.4146334258,745.711322256,  ,  ,0.900004474609,3.10001541254,84.0,0.0,  ,  ,0.0,  ,  
2019-07-28 09:05:00,21.3345833333,18.4879462672,745.711322256,  ,  ,0.900004474609,3.10001541254,83.8541666667,0.0,  ,  ,0.0,  ,  
2019-07-28 09:10:00,21.4345833333,18.577807871,745.711322256,  ,  ,0.900004474609,2.10001044075,83.8125,0.0,  ,  ,0.0,  ,  
2019-07-28 09:15:00,21.58125,18.5283402654,745.711322256,  ,  ,0.900004474609,4.10002038433,82.8083333333,0.0,  ,  ,0.0,  ,  
2019-07-28 09:20:00,21.6045833333,18.5905233908,745.766299427,  ,  ,0.900004474609,2.10001044075,83.0125,0.0,  ,  ,0.0,  ,  
2019-07-28 09:25:00,21.75125,18.6879119376,745.786328424,  ,  ,0.900004474609,3.3000164069,82.775,0.0,  ,  ,0.0,  ,  
2019-07-28 09:30:00,21.8266666667,18.5938431871,745.786328424,  ,  ,0.812920708316,2.90001441819,81.9125,0.0,  ,  ,0.0,  ,  
2019-07-28 09:35:00,21.90375,18.7705381397,745.731368614,  ,  ,0.80000397743,3.3000164069,82.4333333333,0.0,  ,  ,0.0,  ,  
2019-07-28 09:40:00,22.0733333333,18.8970839127,745.711322256,  ,  ,0.887087743724,3.10001541254,82.2333333333,0.0,  ,  ,0.0,  ,  
2019-07-28 09:45:00,22.1,18.7770214929,745.711322256,  ,  ,0.900004474609,2.80001392101,81.4875,0.0,  ,  ,0.0,  ,  
2019-07-28 09:50:00,22.0375,18.6200388965,745.656372409,  ,  ,0.900004474609,3.10001541254,81.0,0.0,  ,  ,0.0,  ,  
2019-07-28 09:55:00,21.88,18.4625430413,745.636316088,  ,  ,0.900004474609,4.10002038433,80.9791666667,0.0,  ,  ,0.0,  ,  
2019-07-28 10:00:00,21.9491666667,18.6300208672,745.636316088,  ,  ,1.24833953978,3.10001541254,81.4875,0.0,  ,  ,0.0,  ,  
2019-07-28 10:05:00,22.1379166667,18.6939210734,745.526416394,  ,  ,1.30000646332,3.10001541254,80.8791666667,0.0,  ,  ,0.0,  ,  
2019-07-28 10:10:00,22.3325,18.8204791673,745.486303752,  ,  ,0.864587631858,2.90001441819,80.5625,0.0,  ,  ,0.0,  ,  
2019-07-28 10:15:00,22.4,18.5724446789,745.486303752,  ,  ,0.80000397743,3.10001541254,79.0,0.0,  ,  ,0.0,  ,  
2019-07-28 10:20:00,22.3154166667,18.4970769418,745.431343942,  ,  ,0.887087743724,3.80001889279,79.0333333333,0.0,  ,  ,0.0,  ,  
2019-07-28 10:25:00,22.3233333333,18.3234622315,745.411297584,  ,  ,0.900004474609,4.50002237305,78.1416666667,0.0,  ,  ,0.0,  ,  
2019-07-28 10:30:00,22.3,18.151256993,745.411297584,  ,  ,1.0741720072,2.80001392101,77.4125,0.0,  ,  ,0.0,  ,  
2019-07-28 10:35:00,22.3,18.1323649413,745.356347737,  ,  ,1.10000546897,3.3000164069,77.3208333333,0.0,  ,  ,0.0,  ,  
2019-07-28 10:40:00,22.3379166667,18.1785268912,745.336291416,  ,  ,1.27417300155,3.90001938997,77.3666666667,0.0,  ,  ,0.0,  ,  
2019-07-28 10:45:00,22.5716666667,18.2154270236,745.336291416,  ,  ,1.30000646332,3.40001690408,76.4541666667,0.0,  ,  ,0.0,  ,  
2019-07-28 10:50:00,22.8545833333,18.3138428445,745.28134198,  ,  ,1.12583893074,4.50002237305,75.6208333333,0.0,  ,  ,0.0,  ,  
2019-07-28 10:55:00,22.90125,18.227296547,745.261285248,  ,  ,1.10000546897,3.10001541254,75.0,0.0,  ,  ,0.0,  ,  
2019-07-28 11:00:00,22.9545833333,18.2760732312,745.261285248,  ,  ,1.10000546897,3.40001690408,74.9875,0.0,  ,  ,0.0,  ,  
2019-07-28 11:05:00,22.9675,17.9907422717,745.206363314,  ,  ,1.10000546897,3.90001938997,73.6,0.0,  ,  ,0.0,  ,  
2019-07-28 11:10:00,23.09375,18.227367584,745.18627908,  ,  ,1.10000546897,3.40001690408,74.1333333333,0.0,  ,  ,0.0,  ,  
2019-07-28 11:15:00,23.3325,18.4042043301,745.18627908,  ,  ,1.10000546897,4.80002386458,73.8875,0.0,  ,  ,0.0,  ,  
2019-07-28 11:20:00,23.3508333333,18.1458295339,745.18627908,  ,  ,1.27417300155,3.40001690408,72.6208333333,0.0,  ,  ,0.0,  ,  
2019-07-28 11:25:00,23.2033333333,18.084394067,745.18627908,  ,  ,1.30000646332,3.80001889279,72.9875,0.0,  ,  ,0.0,  ,  
2019-07-28 11:30:00,23.1533333333,17.7780313467,745.18627908,  ,  ,1.12583893074,3.40001690408,71.8125,0.0,  ,  ,0.0,  ,  
2019-07-28 11:35:00,23.3170833333,18.1408305971,745.13131927,  ,  ,1.10000546897,3.10001541254,72.7458333333,0.0,  ,  ,0.0,  ,  
2019-07-28 11:40:00,23.4520833333,18.32347437,745.111272912,  ,  ,0.92583793638,5.00002485894,72.9875,0.0,  ,  ,0.0,  ,  
2019-07-28 11:45:00,23.25875,18.0920891905,745.111272912,  ,  ,0.900004474609,3.40001690408,72.7791666667,0.0,  ,  ,0.0,  ,  
2019-07-28 11:50:00,23.3279166667,18.0063553745,745.166222759,  ,  ,1.0741720072,4.30002137869,72.0875,0.0,  ,  ,0.0,  ,  
2019-07-28 11:55:00,23.5033333333,18.073930015,745.18627908,  ,  ,1.10000546897,3.90001938997,71.6333333333,0.0,  ,  ,0.0,  ,  
2019-07-28 12:00:00,23.4,18.1664943587,745.18627908,  ,  ,1.27417300155,1.9000094464,72.5,0.0,  ,  ,0.0,  ,  
2019-07-28 12:05:00,23.5458333333,18.2007134104,745.131329233,  ,  ,1.30000646332,4.30002137869,72.0208333333,0.0,  ,  ,0.0,  ,  
2019-07-28 12:10:00,23.6579166667,17.9047964116,745.111272912,  ,  ,0.864587631858,3.10001541254,70.2208333333,0.0,  ,  ,0.0,  ,  
2019-07-28 12:15:00,23.78125,17.7254271514,745.111272912,  ,  ,0.80000397743,3.60001789844,68.9208333333,0.0,  ,  ,0.0,  ,  
2019-07-28 12:20:00,23.78,17.7011600986,745.056313102,  ,  ,1.06125527631,3.80001889279,68.8208333333,0.0,  ,  ,0.0,  ,  
2019-07-28 12:25:00,23.74,17.931258964,745.036266744,  ,  ,1.10000546897,2.90001441819,69.9916666667,0.0,  ,  ,0.0,  ,  
2019-07-28 12:30:00,23.8,17.5004997183,745.036266744,  ,  ,1.27417300155,5.80002883637,67.875,0.0,  ,  ,0.0,  ,  
2019-07-28 12:35:00,23.8145833333,17.7783654386,744.981316897,  ,  ,1.30000646332,3.90001938997,69.0125,0.0,  ,  ,0.0,  ,  
2019-07-28 12:40:00,23.9925,17.9009998601,744.961260576,  ,  ,1.30000646332,3.90001938997,68.8083333333,0.0,  ,  ,0.0,  ,  
2019-07-28 12:45:00,24.1658333333,17.7872792428,744.961260576,  ,  ,1.30000646332,4.10002038433,67.6125,0.0,  ,  ,0.0,  ,  
2019-07-28 12:50:00,24.3,18.1149636175,744.961260576,  ,  ,1.30000646332,4.50002237305,68.4666666667,0.0,  ,  ,0.0,  ,  
2019-07-28 12:55:00,24.29,17.9407438508,744.961260576,  ,  ,1.30000646332,5.50002734483,67.7625,0.0,  ,  ,0.0,  ,  
2019-07-28 13:00:00,24.3279166667,17.4382236037,744.961260576,  ,  ,1.12583893074,2.60001292665,65.5041666667,0.0,  ,  ,0.0,  ,  
2019-07-28 13:05:00,24.5816666667,18.0667293741,744.906338642,  ,  ,1.10000546897,4.50002237305,67.1208333333,0.0,  ,  ,0.0,  ,  
2019-07-28 13:10:00,24.7754166667,17.7904846005,744.886254408,  ,  ,0.92583793638,5.10002535612,65.2083333333,0.0,  ,  ,0.0,  ,  
2019-07-28 13:15:00,24.5875,17.6296735743,744.886254408,  ,  ,0.900004474609,3.60001789844,65.2791666667,0.0,  ,  ,0.0,  ,  
2019-07-28 13:20:00,24.5179166667,17.6173497842,744.886254408,  ,  ,1.24833953978,4.60002287023,65.5,0.0,  ,  ,0.0,  ,  
2019-07-28 13:25:00,24.6,17.8371308193,744.886254408,  ,  ,1.30000646332,5.50002734483,66.0875,0.0,  ,  ,0.0,  ,  
2019-07-28 13:30:00,24.6,17.5704167089,744.886254408,  ,  ,1.12583893074,3.90001938997,64.9875,0.0,  ,  ,0.0,  ,  
2019-07-28 13:35:00,24.6,17.3523299624,744.831294598,  ,  ,1.10000546897,4.10002038433,64.1,0.0,  ,  ,0.0,  ,  
2019-07-28 13:40:00,24.59875,17.5916091473,744.81124824,  ,  ,1.27417300155,3.40001690408,65.0791666667,0.0,  ,  ,0.0,  ,  
2019-07-28 13:45:00,24.6158333333,17.9032400553,744.81124824,  ,  ,1.30000646332,4.80002386458,66.3,0.0,  ,  ,0.0,  ,  
2019-07-28 13:50:00,24.7,17.5803945882,744.81124824,  ,  ,1.12583893074,5.10002535612,64.6416666667,0.0,  ,  ,0.0,  ,  
2019-07-28 13:55:00,24.6966666667,17.3745310749,744.81124824,  ,  ,1.10000546897,4.80002386458,63.8208333333,0.0,  ,  ,0.0,  ,  
2019-07-28 14:00:00,24.74125,17.2899358873,744.81124824,  ,  ,1.36125676785,5.50002734483,63.3125,0.0,  ,  ,0.0,  ,  
2019-07-28 14:05:00,24.7454166667,17.3490326742,744.756298393,  ,  ,1.4000069605,6.00002983073,63.5333333333,0.0,  ,  ,0.0,  ,  
2019-07-28 14:10:00,24.6666666667,17.4102092801,744.736242072,  ,  ,2.18376085714,6.30003132226,64.0791666667,0.0,  ,  ,0.0,  ,  
2019-07-28 14:15:00,24.67875,17.2246817094,744.736242072,  ,  ,2.30001143511,5.50002734483,63.2875,0.0,  ,  ,0.0,  ,  
2019-07-28 14:20:00,24.6379166667,17.2111245815,744.736242072,  ,  ,2.30001143511,3.90001938997,63.3875,0.0,  ,  ,0.0,  ,  
2019-07-28 14:25:00,24.6620833333,17.0393306159,744.736242072,  ,  ,2.30001143511,3.3000164069,62.6125,0.0,  ,  ,0.0,  ,  
2019-07-28 14:30:00,24.6266666667,17.4792543471,744.736242072,  ,  ,1.51625753847,4.80002386458,64.5125,0.0,  ,  ,0.0,  ,  
2019-07-28 14:35:00,24.6,17.4047875616,744.681292225,  ,  ,1.4000069605,3.40001690408,64.3125,0.0,  ,  ,0.0,  ,  
2019-07-28 14:40:00,24.6,17.4591417346,744.661235904,  ,  ,1.4000069605,4.80002386458,64.5333333333,0.0,  ,  ,0.0,  ,  
2019-07-28 14:45:00,24.61,17.4491365095,744.661235904,  ,  ,1.4000069605,5.60002784201,64.4541666667,0.0,  ,  ,0.0,  ,  
2019-07-28 14:50:00,24.5608333333,17.3266216483,744.551316284,  ,  ,2.44501215602,5.50002734483,64.1458333333,0.0,  ,  ,0.0,  ,  
2019-07-28 14:55:00,24.2941666667,17.1942285325,744.511223568,  ,  ,2.60001292665,6.6000328138,64.6333333333,0.0,  ,  ,0.0,  ,  
2019-07-28 15:00:00,24.1720833333,17.4079705627,744.511223568,  ,  ,2.77418045924,6.00002983073,65.9916666667,0.0,  ,  ,0.0,  ,  
2019-07-28 15:05:00,24.1945833333,17.4203105969,744.566146117,  ,  ,2.80001392101,4.60002287023,65.9541666667,0.0,  ,  ,0.0,  ,  
2019-07-28 15:10:00,24.2145833333,17.5541311163,744.586229736,  ,  ,1.92917625807,3.60001789844,66.4333333333,0.0,  ,  ,0.0,  ,  
2019-07-28 15:15:00,24.2554166667,17.3684774165,744.586229736,  ,  ,1.80000894922,7.50003728841,65.5,0.0,  ,  ,0.0,  ,  
2019-07-28 15:20:00,23.99625,17.138845165,744.476330864,  ,  ,1.88709271551,6.00002983073,65.5666666667,0.0,  ,  ,0.0,  ,  
2019-07-28 15:25:00,23.8920833333,17.2954203022,744.4362174,  ,  ,1.9000094464,4.80002386458,66.6333333333,0.0,  ,  ,0.0,  ,  
2019-07-28 15:30:00,23.8033333333,17.1396817846,744.4362174,  ,  ,2.50959581045,4.30002137869,66.3333333333,0.0,  ,  ,0.0,  ,  
2019-07-28 15:35:00,23.8,17.3901117711,744.381185498,  ,  ,2.60001292665,3.3000164069,67.4041666667,0.0,  ,  ,0.0,  ,  
2019-07-28 15:40:00,23.7920833333,17.5318723023,744.361211232,  ,  ,1.29375643225,2.60001292665,68.0416666667,0.0,  ,  ,0.0,  ,  
2019-07-28 15:45:00,23.7133333333,17.2576310499,744.361211232,  ,  ,1.10000546897,3.40001690408,67.1916666667,0.0,  ,  ,0.0,  ,  
2019-07-28 15:50:00,23.7,17.4548234063,744.306261385,  ,  ,0.838754170087,2.60001292665,68.0875,0.0,  ,  ,0.0,  ,  
2019-07-28 15:55:00,23.6454166667,17.1920455294,744.286205064,  ,  ,0.80000397743,4.80002386458,67.1875,0.0,  ,  ,0.0,  ,  
2019-07-28 16:00:00,23.5175,17.0840893576,744.286205064,  ,  ,1.06125527631,5.50002734483,67.2458333333,0.0,  ,  ,0.0,  ,  
2019-07-28 16:05:00,23.3820833333,17.1963908104,744.286205064,  ,  ,1.10000546897,3.3000164069,68.2791666667,0.0,  ,  ,0.0,  ,  
2019-07-28 16:10:00,23.3,17.3073109658,744.286205064,  ,  ,1.53542430043,3.60001789844,69.1,0.0,  ,  ,0.0,  ,  
2019-07-28 16:15:00,23.3,17.1971279236,744.286205064,  ,  ,1.60000795486,5.30002635048,68.6208333333,0.0,  ,  ,0.0,  ,  
2019-07-28 16:20:00,23.2020833333,17.2224267648,744.231245254,  ,  ,1.42584042227,4.60002287023,69.1375,0.0,  ,  ,0.0,  ,  
2019-07-28 16:25:00,23.15875,17.3594760767,744.211198896,  ,  ,1.4000069605,3.60001789844,69.9208333333,0.0,  ,  ,0.0,  ,  
2019-07-28 16:30:00,23.0120833333,17.2145391105,744.211198896,  ,  ,1.13875566162,4.50002237305,69.9,0.0,  ,  ,0.0,  ,  
2019-07-28 16:35:00,22.99,17.4137836719,744.156249049,  ,  ,1.10000546897,3.90001938997,70.8791666667,0.0,  ,  ,0.0,  ,  
2019-07-28 16:40:00,23.0066666667,17.4418584145,744.136192728,  ,  ,1.10000546897,2.90001441819,70.9333333333,0.0,  ,  ,0.0,  ,  
2019-07-28 16:45:00,23.0033333333,17.4386658622,744.136192728,  ,  ,1.10000546897,2.60001292665,70.9333333333,0.0,  ,  ,0.0,  ,  
2019-07-28 16:50:00,23.01125,17.5974542561,744.081232918,  ,  ,0.838754170087,1.10000546897,71.6125,0.0,  ,  ,0.0,  ,  
2019-07-28 16:55:00,23.0566666667,17.5539299285,744.06118656,  ,  ,0.80000397743,1.9000094464,71.2208333333,0.0,  ,  ,0.0,  ,  
2019-07-28 17:00:00,23.11125,17.6461336688,744.06118656,  ,  ,0.103333847085,2.30001143511,71.4,0.0,  ,  ,0.0,  ,  
2019-07-28 17:05:00,23.3058333333,17.6460406378,743.896420758,  ,  ,0.0,2.80001392101,70.5666666667,0.0,  ,  ,0.0,  ,  
2019-07-28 17:10:00,23.4258333333,17.798399971,743.836168056,  ,  ,0.522502597759,2.80001392101,70.7333333333,0.0,  ,  ,0.0,  ,  
2019-07-28 17:15:00,23.5354166667,17.7951753052,743.836168056,  ,  ,0.600002983073,2.90001441819,70.2541666667,0.0,  ,  ,0.0,  ,  
2019-07-28 17:20:00,23.49125,17.7680065891,743.781128635,  ,  ,0.600002983073,2.30001143511,70.3208333333,0.0,  ,  ,0.0,  ,  
2019-07-28 17:25:00,23.6758333333,17.4366487461,743.761161888,  ,  ,0.600002983073,4.50002237305,68.1083333333,0.0,  ,  ,0.0,  ,  
2019-07-28 17:30:00,23.7820833333,16.8300485977,743.761161888,  ,  ,0.774170515659,3.80001889279,65.1291666667,0.0,  ,  ,0.0,  ,  
2019-07-28 17:35:00,23.68875,16.4988425585,743.816121698,  ,  ,0.80000397743,4.10002038433,64.1333333333,0.0,  ,  ,0.0,  ,  
2019-07-28 17:40:00,23.5520833333,16.5029247618,743.836168056,  ,  ,1.2354228089,4.60002287023,64.6791666667,0.0,  ,  ,0.0,  ,  
2019-07-28 17:45:00,23.4154166667,16.4321916072,743.836168056,  ,  ,1.30000646332,4.30002137869,64.9208333333,0.0,  ,  ,0.0,  ,  
2019-07-28 17:50:00,23.32875,16.336975096,743.836168056,  ,  ,1.30000646332,4.10002038433,64.8666666667,0.0,  ,  ,0.0,  ,  
2019-07-28 17:55:00,23.3625,16.3315298481,743.836168056,  ,  ,1.30000646332,2.40001193229,64.7125,0.0,  ,  ,0.0,  ,  
2019-07-28 18:00:00,23.5779166667,16.6053112702,743.836168056,  ,  ,0.951671398152,3.80001889279,65.0,0.0,  ,  ,0.0,  ,  
2019-07-28 18:05:00,23.6745833333,16.7049694274,743.781218209,  ,  ,0.900004474609,3.10001541254,65.0333333333,0.0,  ,  ,0.0,  ,  
2019-07-28 18:10:00,23.7,16.5258386163,743.761161888,  ,  ,0.900004474609,3.90001938997,64.2,0.0,  ,  ,0.0,  ,  
2019-07-28 18:15:00,23.6820833333,16.6716214076,743.761161888,  ,  ,0.900004474609,3.90001938997,64.8666666667,0.0,  ,  ,0.0,  ,  
2019-07-28 18:20:00,23.4641666667,16.5217501961,743.706239339,  ,  ,1.33542330608,3.60001789844,65.1,0.0,  ,  ,0.0,  ,  
2019-07-28 18:25:00,23.3320833333,16.5229876887,743.68615572,  ,  ,1.4000069605,3.3000164069,65.625,0.0,  ,  ,0.0,  ,  
2019-07-28 18:30:00,23.3145833333,16.859707028,743.68615572,  ,  ,0.964588129037,2.10001044075,67.1125,0.0,  ,  ,0.0,  ,  
2019-07-28 18:35:00,23.4791666667,17.0182106828,743.631205873,  ,  ,0.900004474609,1.80000894922,67.1208333333,0.0,  ,  ,0.0,  ,  
2019-07-28 18:40:00,23.6,16.8799732324,743.611149552,  ,  ,0.63875317573,2.10001044075,66.0541666667,0.0,  ,  ,0.0,  ,  
2019-07-28 18:45:00,23.68125,17.1217630585,743.611149552,  ,  ,0.600002983073,1.9000094464,66.7458333333,0.0,  ,  ,0.0,  ,  
2019-07-28 18:50:00,23.76125,17.1364349208,743.611149552,  ,  ,0.600002983073,1.9000094464,66.4875,0.0,  ,  ,0.0,  ,  
2019-07-28 18:55:00,23.8,17.2267180359,743.611149552,  ,  ,0.600002983073,1.60000795486,66.7125,0.0,  ,  ,0.0,  ,  
2019-07-28 19:00:00,23.85125,17.3514273318,743.611149552,  ,  ,0.0775003853136,1.60000795486,67.0333333333,0.0,  ,  ,0.0,  ,  
2019-07-28 19:05:00,23.8320833333,17.2908032443,743.501305684,  ,  ,0.0,2.40001193229,66.8541666667,0.0,  ,  ,0.0,  ,  
2019-07-28 19:10:00,23.6775,17.0786586673,743.461137216,  ,  ,0.522502597759,3.3000164069,66.5791666667,0.0,  ,  ,0.0,  ,  
2019-07-28 19:15:00,23.58,17.0856191556,743.461137216,  ,  ,0.600002983073,1.9000094464,67.0,0.0,  ,  ,0.0,  ,  
2019-07-28 19:20:00,23.5020833333,17.1134557998,743.461137216,  ,  ,0.0775003853136,1.80000894922,67.4333333333,0.0,  ,  ,0.0,  ,  
2019-07-28 19:25:00,23.41875,17.0370783239,743.461137216,  ,  ,0.0,2.60001292665,67.4458333333,0.0,  ,  ,0.0,  ,  
2019-07-28 19:30:00,23.2775,17.0396733715,743.461137216,  ,  ,0.0,2.40001193229,68.0333333333,0.0,  ,  ,0.0,  ,  
2019-07-28 19:35:00,23.0595833333,16.8889824586,743.351217596,  ,  ,0.0,1.80000894922,68.2791666667,0.0,  ,  ,0.0,  ,  
2019-07-28 19:40:00,22.7841666667,16.8860935701,743.31112488,  ,  ,0.0,2.10001044075,69.4125,0.0,  ,  ,0.0,  ,  
2019-07-28 19:45:00,22.5295833333,16.8685117056,743.31112488,  ,  ,0.0,2.10001044075,70.4125,0.0,  ,  ,0.0,  ,  
2019-07-28 19:50:00,22.3141666667,16.8774487216,743.366074727,  ,  ,0.0,2.40001193229,71.3791666667,0.0,  ,  ,0.0,  ,  
2019-07-28 19:55:00,22.1275,16.9107553931,743.386131048,  ,  ,0.0,2.90001441819,72.3458333333,0.0,  ,  ,0.0,  ,  
2019-07-28 20:00:00,21.9041666667,16.8841721657,743.386131048,  ,  ,0.522502597759,3.10001541254,73.2125,0.0,  ,  ,0.0,  ,  
2019-07-28 20:05:00,21.7854166667,17.0027714702,743.441080895,  ,  ,0.600002983073,1.80000894922,74.3,0.0,  ,  ,0.0,  ,  
2019-07-28 20:10:00,21.6854166667,16.9585954489,743.461137216,  ,  ,0.600002983073,1.80000894922,74.5458333333,0.0,  ,  ,0.0,  ,  
2019-07-28 20:15:00,21.6,17.0379032626,743.461137216,  ,  ,0.600002983073,2.90001441819,75.3125,0.0,  ,  ,0.0,  ,  
2019-07-28 20:20:00,21.5454166667,16.9729806395,743.406214667,  ,  ,0.600002983073,4.80002386458,75.2541666667,0.0,  ,  ,0.0,  ,  
2019-07-28 20:25:00,21.4254166667,17.0112119617,743.386131048,  ,  ,0.600002983073,2.80001392101,75.9916666667,0.0,  ,  ,0.0,  ,  
2019-07-28 20:30:00,21.35875,17.024579785,743.386131048,  ,  ,0.861254281952,4.60002287023,76.3666666667,0.0,  ,  ,0.0,  ,  
2019-07-28 20:35:00,21.3,17.1282587676,743.496030741,  ,  ,0.900004474609,4.80002386458,77.1458333333,0.0,  ,  ,0.0,  ,  
2019-07-28 20:40:00,21.2354166667,17.1100902544,743.536143384,  ,  ,1.0741720072,7.50003728841,77.3625,0.0,  ,  ,0.0,  ,  
2019-07-28 20:45:00,21.16875,16.6495551111,743.536143384,  ,  ,1.10000546897,7.30003629405,75.4458333333,0.0,  ,  ,0.0,  ,  
2019-07-28 20:50:00,21.0241666667,16.7174277256,743.646062333,  ,  ,2.84168079483,6.30003132226,76.4458333333,0.0,  ,  ,0.0,  ,  
2019-07-28 20:55:00,20.8241666667,16.6922874905,743.68615572,  ,  ,3.10001541254,8.80004375174,77.2666666667,0.0,  ,  ,0.0,  ,  
2019-07-28 21:00:00,20.52625,16.5213265735,743.68615572,  ,  ,3.7096017766,8.0000397743,77.8458333333,0.0,  ,  ,0.0,  ,  
2019-07-28 21:05:00,20.24625,16.3998273152,743.796000818,  ,  ,3.80001889279,9.30004623763,78.5916666667,0.0,  ,  ,0.0,  ,  
2019-07-28 21:10:00,19.8883333333,16.3273002299,743.836168056,  ,  ,4.67085655573,9.00004474609,79.9791666667,0.0,  ,  ,0.0,  ,  
2019-07-28 21:15:00,19.525,16.1987339323,743.836168056,  ,  ,4.80002386458,9.80004872352,81.1333333333,0.0,  ,  ,0.0,  ,  
2019-07-28 21:20:00,19.1595833333,15.8708255273,744.001017596,  ,  ,5.06127516346,7.50003728841,81.2791666667,0.0,  ,  ,0.0,  ,  
2019-07-28 21:25:00,18.8529166667,15.5414908625,744.06118656,  ,  ,5.10002535612,9.30004623763,81.1208333333,0.0,  ,  ,0.0,  ,  
2019-07-28 21:30:00,18.6141666667,14.9021640647,744.06118656,  ,  ,4.66460652465,11.1000551868,79.0291666667,0.0,  ,  ,0.0,  ,  
2019-07-28 21:35:00,18.4654166667,14.5410850756,744.22606599,  ,  ,4.60002287023,8.0000397743,77.9333333333,0.0,  ,  ,0.0,  ,  
2019-07-28 21:40:00,18.33875,14.2936519356,744.286205064,  ,  ,4.9483579354,8.0000397743,77.3083333333,0.0,  ,  ,0.0,  ,  
2019-07-28 21:45:00,18.21875,13.8868263582,744.286205064,  ,  ,5.00002485894,8.60004275738,75.8666666667,0.0,  ,  ,0.0,  ,  
2019-07-28 21:50:00,18.13875,13.7076603015,744.341154911,  ,  ,4.2162709623,8.60004275738,75.3666666667,0.0,  ,  ,0.0,  ,  
2019-07-28 21:55:00,17.9508333333,13.5465824122,744.361211232,  ,  ,4.10002038433,7.60003778559,75.4666666667,0.0,  ,  ,0.0,  ,  
2019-07-28 22:00:00,17.8308333333,13.4306804847,744.361211232,  ,  ,4.10002038433,7.30003629405,75.4666666667,0.0,  ,  ,0.0,  ,  
2019-07-28 22:05:00,17.6720833333,13.2841252243,744.416161079,  ,  ,4.10002038433,5.60002784201,75.5,0.0,  ,  ,0.0,  ,  
2019-07-28 22:10:00,17.54875,13.3359041694,744.4362174,  ,  ,3.40335025399,5.60002784201,76.3458333333,0.0,  ,  ,0.0,  ,  
2019-07-28 22:15:00,17.4254166667,13.1444742392,744.4362174,  ,  ,3.3000164069,5.50002734483,75.9875,0.0,  ,  ,0.0,  ,  
2019-07-28 22:20:00,17.2641666667,12.8292063856,744.491139949,  ,  ,2.69043004285,5.30002635048,75.2,0.0,  ,  ,0.0,  ,  
2019-07-28 22:25:00,17.1554166667,12.8498725115,744.511223568,  ,  ,2.60001292665,6.50003231662,75.8208333333,0.0,  ,  ,0.0,  ,  
2019-07-28 22:30:00,17.0175,12.6854870845,744.511223568,  ,  ,2.16459409518,5.10002535612,75.6666666667,0.0,  ,  ,0.0,  ,  
2019-07-28 22:35:00,16.8966666667,12.4337751472,744.511223568,  ,  ,2.10001044075,5.30002635048,75.0,0.0,  ,  ,0.0,  ,  
2019-07-28 22:40:00,16.80875,12.4955250223,744.511223568,  ,  ,1.92584290817,4.50002237305,75.725,0.0,  ,  ,0.0,  ,  
2019-07-28 22:45:00,16.8,12.7262065876,744.511223568,  ,  ,1.9000094464,3.80001889279,76.9208333333,0.0,  ,  ,0.0,  ,  
2019-07-28 22:50:00,16.7020833333,12.5676106296,744.511223568,  ,  ,1.8129256801,5.10002535612,76.6,0.0,  ,  ,0.0,  ,  
2019-07-28 22:55:00,16.61875,12.4828159464,744.511223568,  ,  ,1.80000894922,5.10002535612,76.5791666667,0.0,  ,  ,0.0,  ,  
2019-07-28 23:00:00,16.5008333333,12.4810614168,744.511223568,  ,  ,2.0612602481,4.60002287023,77.1458333333,0.0,  ,  ,0.0,  ,  
2019-07-28 23:05:00,16.4,12.4138103206,744.511223568,  ,  ,2.10001044075,4.30002137869,77.3,0.0,  ,  ,0.0,  ,  
2019-07-28 23:10:00,16.32875,12.4103309301,744.511223568,  ,  ,1.92584290817,3.80001889279,77.6333333333,0.0,  ,  ,0.0,  ,  
2019-07-28 23:15:00,16.23875,12.2747979286,744.511223568,  ,  ,1.9000094464,5.10002535612,77.3875,0.0,  ,  ,0.0,  ,  
2019-07-28 23:20:00,16.1220833333,12.3684897994,744.566173415,  ,  ,1.8129256801,4.30002137869,78.4458333333,0.0,  ,  ,0.0,  ,  
2019-07-28 23:25:00,16.1,12.3963328232,744.586229736,  ,  ,1.80000894922,4.30002137869,78.7,0.0,  ,  ,0.0,  ,  
2019-07-28 23:30:00,16.0108333333,12.2281379242,744.586229736,  ,  ,1.62584141663,5.00002485894,78.2791666667,0.0,  ,  ,0.0,  ,  
2019-07-28 23:35:00,15.9,12.3520913854,744.696149356,  ,  ,1.60000795486,5.00002485894,79.4791666667,0.0,  ,  ,0.0,  ,  
2019-07-28 23:40:00,15.7975,12.3328362364,744.736242072,  ,  ,2.03542678633,4.10002038433,79.9,0.0,  ,  ,0.0,  ,  
2019-07-28 23:45:00,15.6754166667,12.2100989088,744.736242072,  ,  ,2.10001044075,5.10002535612,79.8791666667,0.0,  ,  ,0.0,  ,  
2019-07-28 23:50:00,15.5554166667,12.2236878856,744.846141766,  ,  ,1.83875914188,4.60002287023,80.5666666667,0.0,  ,  ,0.0,  ,  
  

    

