Time,TemperatureC,DewpointC,PressurehPa,WindDirection,WindDirectionDegrees,WindSpeedKMH,WindSpeedGustKMH,Humidity,HourlyPrecipMM,Conditions,Clouds,dailyrainMM,SoftwareType,DateUTC
                
2019-09-28 00:00:00,7.67791666667,7.23197501373,751.9368342,  ,  ,0.0,0.0,97.0,0.0,  ,  ,0.0,  ,  
2019-09-28 00:05:00,7.67541666667,7.22948409226,751.9368342,  ,  ,0.0,0.0,97.0,0.0,  ,  ,0.0,  ,  
2019-09-28 00:10:00,7.69666666667,7.25065692181,751.9368342,  ,  ,0.0,0.0,97.0,0.0,  ,  ,0.0,  ,  
2019-09-28 00:15:00,7.65791666667,7.21204763939,751.9368342,  ,  ,0.0,0.0,97.0,0.0,  ,  ,0.0,  ,  
2019-09-28 00:20:00,7.60333333333,7.15766248354,751.998158825,  ,  ,0.0,0.0,97.0,0.0,  ,  ,0.0,  ,  
2019-09-28 00:25:00,7.6,7.15434125123,752.011840368,  ,  ,0.0,0.0,97.0,0.0,  ,  ,0.0,  ,  
2019-09-28 00:30:00,7.6,7.15434125123,752.011840368,  ,  ,0.0,0.0,97.0,0.0,  ,  ,0.0,  ,  
2019-09-28 00:35:00,7.6,7.15434125123,752.011840368,  ,  ,0.0,0.0,97.0,0.0,  ,  ,0.0,  ,  
2019-09-28 00:40:00,7.6,7.15434125123,752.011840368,  ,  ,0.0,0.0,97.0,0.0,  ,  ,0.0,  ,  
2019-09-28 00:45:00,7.56458333333,7.11905314774,752.011840368,  ,  ,0.0,0.0,97.0,0.0,  ,  ,0.0,  ,  
2019-09-28 00:50:00,7.5,7.05470420549,752.073134529,  ,  ,0.0,0.0,97.0,0.0,  ,  ,0.0,  ,  
2019-09-28 00:55:00,7.5,7.05470420549,752.086846536,  ,  ,0.0,0.0,97.0,0.0,  ,  ,0.0,  ,  
2019-09-28 01:00:00,7.5,7.05470420549,752.086846536,  ,  ,0.0,0.0,97.0,0.0,  ,  ,0.0,  ,  
2019-09-28 01:05:00,7.45791666667,7.01277357128,752.147991654,  ,  ,0.0,0.0,97.0,0.0,  ,  ,0.0,  ,  
2019-09-28 01:10:00,7.40333333333,6.95838825432,752.161852704,  ,  ,0.0,0.0,97.0,0.0,  ,  ,0.0,  ,  
2019-09-28 01:15:00,7.4,6.95506701216,752.161852704,  ,  ,0.0,0.0,97.0,0.0,  ,  ,0.0,  ,  
2019-09-28 01:20:00,7.4,6.95506701216,752.223021334,  ,  ,0.0,0.0,97.0,0.0,  ,  ,0.0,  ,  
2019-09-28 01:25:00,7.4,6.95506701216,752.236858872,  ,  ,0.0,0.0,97.0,0.0,  ,  ,0.0,  ,  
2019-09-28 01:30:00,7.4,6.95506701216,752.236858872,  ,  ,0.0,0.0,97.0,0.0,  ,  ,0.0,  ,  
2019-09-28 01:35:00,7.4,7.10284617439,752.236858872,  ,  ,0.0,0.0,97.9875,0.0,  ,  ,0.0,  ,  
2019-09-28 01:40:00,7.33791666667,6.95007832161,752.236858872,  ,  ,0.0,0.0,97.3791666667,0.0,  ,  ,0.0,  ,  
2019-09-28 01:45:00,7.3,6.96831727828,752.236858872,  ,  ,0.0,0.0,97.7541666667,0.0,  ,  ,0.0,  ,  
2019-09-28 01:50:00,7.3,7.00494913635,752.298146218,  ,  ,0.0,0.0,98.0,0.0,  ,  ,0.0,  ,  
2019-09-28 01:55:00,7.3,7.00494913635,752.31186504,  ,  ,0.0,0.0,98.0,0.0,  ,  ,0.0,  ,  
2019-09-28 02:00:00,7.22791666667,6.93303929136,752.31186504,  ,  ,0.0,0.0,98.0,0.0,  ,  ,0.0,  ,  
2019-09-28 02:05:00,7.2,6.90518980013,752.31186504,  ,  ,0.0,0.0,98.0,0.0,  ,  ,0.0,  ,  
2019-09-28 02:10:00,7.2,6.90518980013,752.31186504,  ,  ,0.0,0.0,98.0,0.0,  ,  ,0.0,  ,  
2019-09-28 02:15:00,7.2,6.90518980013,752.31186504,  ,  ,0.0,0.0,98.0,0.0,  ,  ,0.0,  ,  
2019-09-28 02:20:00,7.19125,6.89646085354,752.31186504,  ,  ,0.0,0.0,98.0,0.0,  ,  ,0.0,  ,  
2019-09-28 02:25:00,7.16541666667,6.87068967353,752.31186504,  ,  ,0.0,0.0,98.0,0.0,  ,  ,0.0,  ,  
2019-09-28 02:30:00,7.17666666667,6.88191260757,752.31186504,  ,  ,0.0,0.0,98.0,0.0,  ,  ,0.0,  ,  
2019-09-28 02:35:00,7.15125,6.85655708816,752.31186504,  ,  ,0.0,0.0,98.0,0.0,  ,  ,0.0,  ,  
2019-09-28 02:40:00,7.10333333333,6.80875568189,752.31186504,  ,  ,0.0,0.0,98.0,0.0,  ,  ,0.0,  ,  
2019-09-28 02:45:00,7.1,6.80543036584,752.31186504,  ,  ,0.0,0.0,98.0,0.0,  ,  ,0.0,  ,  
2019-09-28 02:50:00,7.1,6.80543036584,752.372950604,  ,  ,0.0,0.0,98.0,0.0,  ,  ,0.0,  ,  
2019-09-28 02:55:00,7.09333333333,6.7987797334,752.386871208,  ,  ,0.0,0.0,98.0,0.0,  ,  ,0.0,  ,  
2019-09-28 03:00:00,7.00458333333,6.71024314752,752.386871208,  ,  ,0.0,0.0,98.0,0.0,  ,  ,0.0,  ,  
2019-09-28 03:05:00,6.95458333333,6.6603633468,752.325574229,  ,  ,0.0,0.0,98.0,0.0,  ,  ,0.0,  ,  
2019-09-28 03:10:00,6.9,6.60591120303,752.31186504,  ,  ,0.0,0.0,98.0,0.0,  ,  ,0.0,  ,  
2019-09-28 03:15:00,6.90333333333,6.73057270738,752.31186504,  ,  ,0.0,0.0,98.8208333333,0.0,  ,  ,0.0,  ,  
2019-09-28 03:20:00,6.9,6.61270969122,752.372981177,  ,  ,0.0,0.0,98.0458333333,0.0,  ,  ,0.0,  ,  
2019-09-28 03:25:00,6.9,6.60591120303,752.386871208,  ,  ,0.0,0.0,98.0,0.0,  ,  ,0.0,  ,  
2019-09-28 03:30:00,6.82125,6.52735042504,752.386871208,  ,  ,0.0,0.0,98.0,0.0,  ,  ,0.0,  ,  
2019-09-28 03:35:00,6.74125,6.44754258829,752.325755071,  ,  ,0.0,0.0,98.0,0.0,  ,  ,0.0,  ,  
2019-09-28 03:40:00,6.7,6.40639164794,752.31186504,  ,  ,0.0,0.0,98.0,0.0,  ,  ,0.0,  ,  
2019-09-28 03:45:00,6.63791666667,6.34445737292,752.31186504,  ,  ,0.0,0.0,98.0,0.0,  ,  ,0.0,  ,  
2019-09-28 03:50:00,6.6,6.30663172328,752.373040548,  ,  ,0.0,0.0,98.0,0.0,  ,  ,0.0,  ,  
2019-09-28 03:55:00,6.6,6.39825835559,752.386871208,  ,  ,0.0,0.0,98.6208333333,0.0,  ,  ,0.0,  ,  
2019-09-28 04:00:00,6.6,6.45396857928,752.386871208,  ,  ,0.0,0.0,99.0,0.0,  ,  ,0.0,  ,  
2019-09-28 04:05:00,6.6,6.45396857928,752.448016326,  ,  ,0.0,0.0,99.0,0.0,  ,  ,0.0,  ,  
2019-09-28 04:10:00,6.59333333333,6.34616305291,752.461877376,  ,  ,0.0,0.0,98.3125,0.0,  ,  ,0.0,  ,  
2019-09-28 04:15:00,6.50791666667,6.21476937259,752.461877376,  ,  ,0.0,0.0,98.0,0.0,  ,  ,0.0,  ,  
2019-09-28 04:20:00,6.40458333333,6.11168392075,752.461877376,  ,  ,0.0,0.0,98.0,0.0,  ,  ,0.0,  ,  
2019-09-28 04:25:00,6.4,6.10711157974,752.461877376,  ,  ,0.0,0.0,98.0,0.0,  ,  ,0.0,  ,  
2019-09-28 04:30:00,6.35125,6.05847848528,752.461877376,  ,  ,0.0,0.0,98.0,0.0,  ,  ,0.0,  ,  
2019-09-28 04:35:00,6.26125,5.96869424968,752.40059003,  ,  ,0.0,0.0,98.0,0.0,  ,  ,0.0,  ,  
2019-09-28 04:40:00,6.16125,5.78206702133,752.386871208,  ,  ,0.0,0.0,97.4125,0.0,  ,  ,0.0,  ,  
2019-09-28 04:45:00,6.0025,5.56262179168,752.386871208,  ,  ,0.0,0.0,97.0,0.0,  ,  ,0.0,  ,  
2019-09-28 04:50:00,5.87125,5.43184504427,752.386871208,  ,  ,0.0,0.0,97.0,0.0,  ,  ,0.0,  ,  
2019-09-28 04:55:00,5.74791666667,5.30895618641,752.386871208,  ,  ,0.0,0.0,97.0,0.0,  ,  ,0.0,  ,  
2019-09-28 05:00:00,5.65791666667,5.30611281329,752.386871208,  ,  ,0.0,0.0,97.5875,0.0,  ,  ,0.0,  ,  
2019-09-28 05:05:00,5.57458333333,5.28367117019,752.448009436,  ,  ,0.0,0.0,98.0,0.0,  ,  ,0.0,  ,  
2019-09-28 05:10:00,5.45458333333,5.16395792433,752.461877376,  ,  ,0.0,0.0,98.0,0.0,  ,  ,0.0,  ,  
2019-09-28 05:15:00,5.4,5.10950497758,752.461877376,  ,  ,0.0,0.0,98.0,0.0,  ,  ,0.0,  ,  
2019-09-28 05:20:00,5.30125,5.01099079355,752.522985233,  ,  ,0.0,0.0,98.0,0.0,  ,  ,0.0,  ,  
2019-09-28 05:25:00,5.21458333333,4.92453100894,752.536883544,  ,  ,0.0,0.0,98.0,0.0,  ,  ,0.0,  ,  
2019-09-28 05:30:00,5.12125,4.83142038928,752.536883544,  ,  ,0.0,0.0,98.0,0.0,  ,  ,0.0,  ,  
2019-09-28 05:35:00,5.1,4.87647964531,752.536883544,  ,  ,0.0,0.0,98.4541666667,0.0,  ,  ,0.0,  ,  
2019-09-28 05:40:00,5.08666666667,4.81822236667,752.536883544,  ,  ,0.0,0.0,98.1458333333,0.0,  ,  ,0.0,  ,  
2019-09-28 05:45:00,4.95916666667,4.66972361909,752.536883544,  ,  ,0.0,0.0,98.0,0.0,  ,  ,0.0,  ,  
2019-09-28 05:50:00,4.9,4.61069799868,752.536883544,  ,  ,0.0,0.0,98.0,0.0,  ,  ,0.0,  ,  
2019-09-28 05:55:00,4.83125,4.59853629803,752.536883544,  ,  ,0.0,0.0,98.3875,0.0,  ,  ,0.0,  ,  
2019-09-28 06:00:00,4.8,4.65611193405,752.536883544,  ,  ,0.0,0.0,99.0,0.0,  ,  ,0.0,  ,  
2019-09-28 06:05:00,4.8,4.65611193405,752.536883544,  ,  ,0.0,0.0,99.0,0.0,  ,  ,0.0,  ,  
2019-09-28 06:10:00,4.8,4.65611193405,752.536883544,  ,  ,0.0,0.0,99.0,0.0,  ,  ,0.0,  ,  
2019-09-28 06:15:00,4.8,4.65611193405,752.536883544,  ,  ,0.0,0.0,99.0,0.0,  ,  ,0.0,  ,  
2019-09-28 06:20:00,4.8,4.65611193405,752.536883544,  ,  ,0.0,0.0,99.0,0.0,  ,  ,0.0,  ,  
2019-09-28 06:25:00,4.8,4.65611193405,752.536883544,  ,  ,0.0,0.0,99.0,0.0,  ,  ,0.0,  ,  
2019-09-28 06:30:00,4.84208333333,4.69814533734,752.536883544,  ,  ,0.0,0.0,99.0,0.0,  ,  ,0.0,  ,  
2019-09-28 06:35:00,4.90208333333,4.75807413499,752.598021772,  ,  ,0.0,0.0,99.0,0.0,  ,  ,0.0,  ,  
2019-09-28 06:40:00,5.0,4.85587456557,752.611889712,  ,  ,0.0,0.0,99.0,0.0,  ,  ,0.0,  ,  
2019-09-28 06:45:00,5.07541666667,4.93120167378,752.611889712,  ,  ,0.0,0.0,99.0,0.0,  ,  ,0.0,  ,  
2019-09-28 06:50:00,5.10541666667,4.96116604058,752.672997569,  ,  ,0.0,0.0,99.0,0.0,  ,  ,0.0,  ,  
2019-09-28 06:55:00,5.2,5.05563700158,752.68689588,  ,  ,0.0,0.0,99.0,0.0,  ,  ,0.0,  ,  
2019-09-28 07:00:00,5.26541666667,5.12097592259,752.68689588,  ,  ,0.0,0.0,99.0,0.0,  ,  ,0.0,  ,  
2019-09-28 07:05:00,5.31208333333,5.1675871146,752.68689588,  ,  ,0.0,0.0,99.0,0.0,  ,  ,0.0,  ,  
2019-09-28 07:10:00,5.4,5.25539924207,752.68689588,  ,  ,0.0,0.0,99.0,0.0,  ,  ,0.0,  ,  
2019-09-28 07:15:00,5.41541666667,5.27079757332,752.68689588,  ,  ,0.0,0.0,99.0,0.0,  ,  ,0.0,  ,  
2019-09-28 07:20:00,5.50875,5.36401987828,752.68689588,  ,  ,0.0,0.0,99.0,0.0,  ,  ,0.0,  ,  
2019-09-28 07:25:00,5.6,5.45516128705,752.68689588,  ,  ,0.0,0.0,99.0,0.0,  ,  ,0.0,  ,  
2019-09-28 07:30:00,5.66208333333,5.51717071541,752.68689588,  ,  ,0.0,0.0,99.0,0.0,  ,  ,0.0,  ,  
2019-09-28 07:35:00,5.72875,5.58375800006,752.748003737,  ,  ,0.0,0.0,99.0,0.0,  ,  ,0.0,  ,  
2019-09-28 07:40:00,5.81541666667,5.67032143763,752.761902048,  ,  ,0.0,0.0,99.0,0.0,  ,  ,0.0,  ,  
2019-09-28 07:45:00,5.89666666667,5.75147462701,752.761902048,  ,  ,0.0,0.0,99.0,0.0,  ,  ,0.0,  ,  
2019-09-28 07:50:00,5.92541666667,5.78019036321,752.823040276,  ,  ,0.0,0.0,99.0,0.0,  ,  ,0.0,  ,  
2019-09-28 07:55:00,6.07541666667,5.93001153006,752.836908216,  ,  ,0.0,0.0,99.0,0.0,  ,  ,0.0,  ,  
2019-09-28 08:00:00,6.12875,5.98328125177,752.836908216,  ,  ,0.0,0.0,99.0,0.0,  ,  ,0.0,  ,  
2019-09-28 08:05:00,6.2,6.05444624892,752.836908216,  ,  ,0.0,0.0,99.0,0.0,  ,  ,0.0,  ,  
2019-09-28 08:10:00,6.2,6.05444624892,752.836908216,  ,  ,0.0,0.0,99.0,0.0,  ,  ,0.0,  ,  
2019-09-28 08:15:00,6.2,6.05444624892,752.836908216,  ,  ,0.0,1.60000795486,99.0,0.0,  ,  ,0.0,  ,  
2019-09-28 08:20:00,6.21,6.06443431671,752.898195562,  ,  ,0.0,0.0,99.0,0.0,  ,  ,0.0,  ,  
2019-09-28 08:25:00,6.29208333333,6.14641968801,752.911914384,  ,  ,0.0,0.0,99.0,0.0,  ,  ,0.0,  ,  
2019-09-28 08:30:00,6.38541666667,6.23964159304,752.911914384,  ,  ,0.0,1.60000795486,99.0,0.0,  ,  ,0.0,  ,  
2019-09-28 08:35:00,6.59291666667,6.44689371148,752.911914384,  ,  ,0.0,0.0,99.0,0.0,  ,  ,0.0,  ,  
2019-09-28 08:40:00,6.87625,6.63528531778,752.911914384,  ,  ,0.0,0.0,98.3583333333,0.0,  ,  ,0.0,  ,  
2019-09-28 08:45:00,7.1375,6.6503377838,752.911914384,  ,  ,0.0,1.10000546897,96.7125,0.0,  ,  ,0.0,  ,  
2019-09-28 08:50:00,7.23208333333,6.62369847832,752.973022241,  ,  ,0.0,1.30000646332,95.9125,0.0,  ,  ,0.0,  ,  
2019-09-28 08:55:00,7.29666666667,6.50491972494,752.986920552,  ,  ,0.0,1.60000795486,94.7125,0.0,  ,  ,0.0,  ,  
2019-09-28 09:00:00,7.33208333333,6.36012941485,752.986920552,  ,  ,0.0,2.10001044075,93.5458333333,0.0,  ,  ,0.0,  ,  
2019-09-28 09:05:00,7.60833333333,6.4884519707,753.04805878,  ,  ,0.0,1.9000094464,92.6125,0.0,  ,  ,0.0,  ,  
2019-09-28 09:10:00,7.82875,6.54898594341,753.06192672,  ,  ,0.0,1.9000094464,91.6125,0.0,  ,  ,0.0,  ,  
2019-09-28 09:15:00,7.91208333333,6.42379102253,753.06192672,  ,  ,0.0,1.30000646332,90.3125,0.0,  ,  ,0.0,  ,  
2019-09-28 09:20:00,8.01333333333,6.42700473207,753.12318362,  ,  ,0.0,1.9000094464,89.7125,0.0,  ,  ,0.0,  ,  
2019-09-28 09:25:00,7.97125,6.26979352488,753.136932888,  ,  ,0.0,1.4000069605,89.0,0.0,  ,  ,0.0,  ,  
2019-09-28 09:30:00,7.89125,6.25589282383,753.136932888,  ,  ,0.0,1.30000646332,89.4,0.0,  ,  ,0.0,  ,  
2019-09-28 09:35:00,7.86,6.27699109282,753.136932888,  ,  ,0.0,0.900004474609,89.7208333333,0.0,  ,  ,0.0,  ,  
2019-09-28 09:40:00,7.83333333333,6.15207736459,753.136932888,  ,  ,0.0,1.10000546897,89.1125,0.0,  ,  ,0.0,  ,  
2019-09-28 09:45:00,7.83666666667,6.17499573014,753.136932888,  ,  ,0.0,1.10000546897,89.2333333333,0.0,  ,  ,0.0,  ,  
2019-09-28 09:50:00,7.80875,6.10953586344,753.198071116,  ,  ,0.0,0.0,89.0,0.0,  ,  ,0.0,  ,  
2019-09-28 09:55:00,7.84666666667,6.12521500903,753.211939056,  ,  ,0.0,1.30000646332,88.8666666667,0.0,  ,  ,0.0,  ,  
2019-09-28 10:00:00,7.83125,6.11205043482,753.211939056,  ,  ,0.0,1.4000069605,88.8791666667,0.0,  ,  ,0.0,  ,  
2019-09-28 10:05:00,7.81,6.04896113981,753.211939056,  ,  ,0.0,1.30000646332,88.6208333333,0.0,  ,  ,0.0,  ,  
2019-09-28 10:10:00,7.80208333333,6.1029611588,753.211939056,  ,  ,0.0,1.4000069605,89.0,0.0,  ,  ,0.0,  ,  
2019-09-28 10:15:00,7.89333333333,6.19295221403,753.211939056,  ,  ,0.0,1.30000646332,89.0,0.0,  ,  ,0.0,  ,  
2019-09-28 10:20:00,7.9,6.11450482742,753.211939056,  ,  ,0.0,1.4000069605,88.4791666667,0.0,  ,  ,0.0,  ,  
2019-09-28 10:25:00,7.90333333333,6.15729585805,753.211939056,  ,  ,0.0,0.0,88.7208333333,0.0,  ,  ,0.0,  ,  
2019-09-28 10:30:00,8.04416666667,6.23472034877,753.211939056,  ,  ,0.0,0.0,88.3458333333,0.0,  ,  ,0.0,  ,  
2019-09-28 10:35:00,8.12875,6.26118327258,753.211939056,  ,  ,0.0,0.900004474609,88.0,0.0,  ,  ,0.0,  ,  
2019-09-28 10:40:00,8.23541666667,6.27460043189,753.211939056,  ,  ,0.0,1.60000795486,87.4458333333,0.0,  ,  ,0.0,  ,  
2019-09-28 10:45:00,8.3,6.26402604746,753.211939056,  ,  ,0.0,0.600002983073,87.0,0.0,  ,  ,0.0,  ,  
2019-09-28 10:50:00,8.32541666667,6.28902372096,753.150853492,  ,  ,0.0,1.10000546897,87.0,0.0,  ,  ,0.0,  ,  
2019-09-28 10:55:00,8.4,6.36237730294,753.136932888,  ,  ,0.0,0.900004474609,87.0,0.0,  ,  ,0.0,  ,  
2019-09-28 11:00:00,8.43541666667,6.40068522466,753.136932888,  ,  ,0.0,1.80000894922,87.0208333333,0.0,  ,  ,0.0,  ,  
2019-09-28 11:05:00,8.50333333333,6.46609267424,753.136932888,  ,  ,0.0,1.60000795486,87.0125,0.0,  ,  ,0.0,  ,  
2019-09-28 11:10:00,8.54541666667,6.50539523943,753.136932888,  ,  ,0.0,0.80000397743,87.0,0.0,  ,  ,0.0,  ,  
2019-09-28 11:15:00,8.60666666667,6.52102368732,753.136932888,  ,  ,0.0,1.60000795486,86.7333333333,0.0,  ,  ,0.0,  ,  
2019-09-28 11:20:00,8.66208333333,6.62013641171,753.136932888,  ,  ,0.0,1.10000546897,87.0,0.0,  ,  ,0.0,  ,  
2019-09-28 11:25:00,8.7,6.58691760223,753.136932888,  ,  ,0.0,2.30001143511,86.5791666667,0.0,  ,  ,0.0,  ,  
2019-09-28 11:30:00,8.69666666667,6.5479235526,753.136932888,  ,  ,0.0,0.0,86.3666666667,0.0,  ,  ,0.0,  ,  
2019-09-28 11:35:00,8.69333333333,6.59295223931,753.136932888,  ,  ,0.0,0.0,86.6541666667,0.0,  ,  ,0.0,  ,  
2019-09-28 11:40:00,8.7,6.65742709876,753.136932888,  ,  ,0.0,0.600002983073,87.0,0.0,  ,  ,0.0,  ,  
2019-09-28 11:45:00,8.7,6.64279148827,753.136932888,  ,  ,0.0,0.0,86.9125,0.0,  ,  ,0.0,  ,  
2019-09-28 11:50:00,8.72875,6.54364532314,753.136932888,  ,  ,0.0,1.30000646332,86.1541666667,0.0,  ,  ,0.0,  ,  
2019-09-28 11:55:00,8.73666666667,6.5816172891,753.136932888,  ,  ,0.0,1.10000546897,86.3333333333,0.0,  ,  ,0.0,  ,  
2019-09-28 12:00:00,8.76125,6.71766569995,753.136932888,  ,  ,0.0,0.80000397743,87.0,0.0,  ,  ,0.0,  ,  
2019-09-28 12:05:00,8.78541666667,6.74143324301,753.136932888,  ,  ,0.0,1.30000646332,87.0,0.0,  ,  ,0.0,  ,  
2019-09-28 12:10:00,8.8,6.75577570719,753.136932888,  ,  ,0.0,0.0,87.0,0.0,  ,  ,0.0,  ,  
2019-09-28 12:15:00,8.82541666667,6.78077253969,753.136932888,  ,  ,0.0,0.600002983073,87.0,0.0,  ,  ,0.0,  ,  
2019-09-28 12:20:00,8.92208333333,6.87584206956,753.198040745,  ,  ,0.0,0.0,87.0,0.0,  ,  ,0.0,  ,  
2019-09-28 12:25:00,9.06875,6.99771099045,753.211939056,  ,  ,0.0,0.0,86.8666666667,0.0,  ,  ,0.0,  ,  
2019-09-28 12:30:00,9.15208333333,6.9672535747,753.211939056,  ,  ,0.0,1.4000069605,86.2,0.0,  ,  ,0.0,  ,  
2019-09-28 12:35:00,9.19666666667,6.98494087866,753.150800828,  ,  ,0.0,0.900004474609,86.0458333333,0.0,  ,  ,0.0,  ,  
2019-09-28 12:40:00,9.24875,7.02832145464,753.136932888,  ,  ,0.0,0.0,86.0,0.0,  ,  ,0.0,  ,  
2019-09-28 12:45:00,9.37875,7.14679217799,753.136932888,  ,  ,0.0,1.30000646332,85.9458333333,0.0,  ,  ,0.0,  ,  
2019-09-28 12:50:00,9.50208333333,7.22604089418,753.136932888,  ,  ,0.0,0.80000397743,85.7,0.0,  ,  ,0.0,  ,  
2019-09-28 12:55:00,9.58541666667,7.24302256802,753.136932888,  ,  ,0.0,0.0,85.3208333333,0.0,  ,  ,0.0,  ,  
2019-09-28 13:00:00,9.67541666667,7.32989672312,753.136932888,  ,  ,0.0,0.0,85.3125,0.0,  ,  ,0.0,  ,  
2019-09-28 13:05:00,9.7,7.30034490414,753.075645542,  ,  ,0.0,1.4000069605,85.0,0.0,  ,  ,0.0,  ,  
2019-09-28 13:10:00,9.76875,7.36776750984,753.06192672,  ,  ,0.0,1.4000069605,85.0,0.0,  ,  ,0.0,  ,  
2019-09-28 13:15:00,9.88083333333,7.44319532777,753.06192672,  ,  ,0.0,1.4000069605,84.8,0.0,  ,  ,0.0,  ,  
2019-09-28 13:20:00,10.04875,7.57321179714,753.00088387,  ,  ,0.0,0.0,84.6,0.0,  ,  ,0.0,  ,  
2019-09-28 13:25:00,10.1033333333,7.55942022063,752.986920552,  ,  ,0.0,0.80000397743,84.2125,0.0,  ,  ,0.0,  ,  
2019-09-28 13:30:00,10.1854166667,7.56201849277,752.986920552,  ,  ,0.0,1.30000646332,83.7666666667,0.0,  ,  ,0.0,  ,  
2019-09-28 13:35:00,10.1866666667,7.60400994704,752.864688278,  ,  ,0.0,0.600002983073,84.0,0.0,  ,  ,0.0,  ,  
2019-09-28 13:40:00,10.1966666667,7.61743807375,752.836908216,  ,  ,0.0,0.0,84.0208333333,0.0,  ,  ,0.0,  ,  
2019-09-28 13:45:00,10.2754166667,7.71055411804,752.836908216,  ,  ,0.0,0.0,84.1125,0.0,  ,  ,0.0,  ,  
2019-09-28 13:50:00,10.35875,7.76888405179,752.775549731,  ,  ,0.0,0.0,83.9791666667,0.0,  ,  ,0.0,  ,  
2019-09-28 13:55:00,10.4,7.6371936911,752.761902048,  ,  ,0.0,0.80000397743,83.0,0.0,  ,  ,0.0,  ,  
2019-09-28 14:00:00,10.4654166667,7.74822751565,752.761902048,  ,  ,0.0,0.0,83.2666666667,0.0,  ,  ,0.0,  ,  
2019-09-28 14:05:00,10.5854166667,7.75572628582,752.70093626,  ,  ,0.0,0.0,82.6458333333,0.0,  ,  ,0.0,  ,  
2019-09-28 14:10:00,10.6045833333,7.72257464488,752.68689588,  ,  ,0.0,0.600002983073,82.3541666667,0.0,  ,  ,0.0,  ,  
2019-09-28 14:15:00,10.3704166667,7.64722213901,752.68689588,  ,  ,0.0,1.30000646332,83.2208333333,0.0,  ,  ,0.0,  ,  
2019-09-28 14:20:00,10.1191666667,7.54735354997,752.62586949,  ,  ,0.0,0.0,84.0541666667,0.0,  ,  ,0.0,  ,  
2019-09-28 14:25:00,9.99791666667,7.58675804227,752.611889712,  ,  ,0.0,0.600002983073,84.9666666667,0.0,  ,  ,0.0,  ,  
2019-09-28 14:30:00,9.90333333333,7.49975131612,752.611889712,  ,  ,0.0,0.600002983073,85.0,0.0,  ,  ,0.0,  ,  
2019-09-28 14:35:00,9.9,7.49648238418,752.550602366,  ,  ,0.0,0.900004474609,85.0,0.0,  ,  ,0.0,  ,  
2019-09-28 14:40:00,9.9,7.49648238418,752.536883544,  ,  ,0.0,0.0,85.0,0.0,  ,  ,0.0,  ,  
2019-09-28 14:45:00,9.89125,7.48215747428,752.536883544,  ,  ,0.0,0.0,84.9666666667,0.0,  ,  ,0.0,  ,  
2019-09-28 14:50:00,9.84875,7.46128578758,752.414951968,  ,  ,0.0,0.0,85.0875,0.0,  ,  ,0.0,  ,  
2019-09-28 14:55:00,9.89666666667,7.66462406511,752.386871208,  ,  ,0.0,0.0,86.0,0.0,  ,  ,0.0,  ,  
2019-09-28 15:00:00,9.93875,7.70595200667,752.386871208,  ,  ,0.0,0.0,86.0,0.0,  ,  ,0.0,  ,  
2019-09-28 15:05:00,10.0620833333,7.8348953212,752.264296516,  ,  ,0.0,0.0,86.0458333333,0.0,  ,  ,0.0,  ,  
2019-09-28 15:10:00,10.0933333333,7.68607902447,752.236858872,  ,  ,0.0,0.0,85.0,0.0,  ,  ,0.0,  ,  
2019-09-28 15:15:00,10.09,7.70364847333,752.236858872,  ,  ,0.0,0.0,85.1208333333,0.0,  ,  ,0.0,  ,  
2019-09-28 15:20:00,10.1,7.89275030787,752.175893084,  ,  ,0.0,0.0,86.1666666667,0.0,  ,  ,0.0,  ,  
2019-09-28 15:25:00,10.17875,7.94164160918,752.161852704,  ,  ,0.0,0.0,86.0,0.0,  ,  ,0.0,  ,  
2019-09-28 15:30:00,10.2,7.96250976091,752.161852704,  ,  ,0.0,0.0,86.0,0.0,  ,  ,0.0,  ,  
2019-09-28 15:35:00,10.23875,8.01195937935,752.100854162,  ,  ,0.0,0.0,86.0666666667,0.0,  ,  ,0.0,  ,  
2019-09-28 15:40:00,10.3,8.06997678142,752.086846536,  ,  ,0.0,0.0,86.0541666667,0.0,  ,  ,0.0,  ,  
2019-09-28 15:45:00,10.3841666667,8.3757152139,752.086846536,  ,  ,0.0,1.10000546897,87.3666666667,0.0,  ,  ,0.0,  ,  
2019-09-28 15:50:00,10.6041666667,8.55265458036,752.025812473,  ,  ,0.0,1.30000646332,87.1333333333,0.0,  ,  ,0.0,  ,  
2019-09-28 15:55:00,10.7,8.42130431689,752.011840368,  ,  ,0.0,1.30000646332,85.8125,0.0,  ,  ,0.0,  ,  
2019-09-28 16:00:00,10.74875,8.63037863982,752.011840368,  ,  ,0.0,2.10001044075,86.7541666667,0.0,  ,  ,0.0,  ,  
2019-09-28 16:05:00,10.76,8.53174175875,751.950787966,  ,  ,0.0,1.30000646332,86.1125,0.0,  ,  ,0.0,  ,  
2019-09-28 16:10:00,10.7079166667,8.47844516069,751.9368342,  ,  ,0.547502722054,1.30000646332,86.1,0.0,  ,  ,0.0,  ,  
2019-09-28 16:15:00,10.6945833333,8.37940686437,751.9368342,  ,  ,0.600002983073,0.600002983073,85.6,0.0,  ,  ,0.0,  ,  
2019-09-28 16:20:00,10.6033333333,8.43060615172,751.87580781,  ,  ,0.0525002610189,1.10000546897,86.4208333333,0.0,  ,  ,0.0,  ,  
2019-09-28 16:25:00,10.6554166667,8.58043214196,751.861828032,  ,  ,0.0,0.80000397743,87.0,0.0,  ,  ,0.0,  ,  
2019-09-28 16:30:00,10.7,8.57535834445,751.861828032,  ,  ,0.0,1.60000795486,86.7125,0.0,  ,  ,0.0,  ,  
2019-09-28 16:35:00,10.6479166667,8.42308730148,751.861828032,  ,  ,0.0,1.30000646332,86.1208333333,0.0,  ,  ,0.0,  ,  
2019-09-28 16:40:00,10.5733333333,8.45439449008,751.861828032,  ,  ,0.0,0.900004474609,86.7333333333,0.0,  ,  ,0.0,  ,  
2019-09-28 16:45:00,10.5733333333,8.49971445195,751.861828032,  ,  ,0.0,0.0,87.0,0.0,  ,  ,0.0,  ,  
2019-09-28 16:50:00,10.5245833333,8.44824046878,751.800571132,  ,  ,0.0,1.9000094464,86.9791666667,0.0,  ,  ,0.0,  ,  
2019-09-28 16:55:00,10.3458333333,8.18894742714,751.786821864,  ,  ,0.0,1.9000094464,86.4875,0.0,  ,  ,0.0,  ,  
2019-09-28 17:00:00,10.21125,8.1436498797,751.786821864,  ,  ,0.547502722054,1.80000894922,87.0,0.0,  ,  ,0.0,  ,  
2019-09-28 17:05:00,10.11125,8.04531060955,751.72582579,  ,  ,0.600002983073,1.4000069605,87.0,0.0,  ,  ,0.0,  ,  
2019-09-28 17:10:00,10.1,8.17804909702,751.711815696,  ,  ,0.0525002610189,0.80000397743,87.8541666667,0.0,  ,  ,0.0,  ,  
2019-09-28 17:15:00,10.0345833333,8.13805873739,751.711815696,  ,  ,0.0,1.80000894922,88.0,0.0,  ,  ,0.0,  ,  
2019-09-28 17:20:00,9.90458333333,8.01004102643,751.589823548,  ,  ,0.0,0.80000397743,88.0,0.0,  ,  ,0.0,  ,  
2019-09-28 17:25:00,9.83458333333,7.97239702619,751.56180336,  ,  ,0.0,0.600002983073,88.1875,0.0,  ,  ,0.0,  ,  
2019-09-28 17:30:00,9.8,8.07320735553,751.56180336,  ,  ,0.0,0.0,89.0,0.0,  ,  ,0.0,  ,  
2019-09-28 17:35:00,9.77125,8.04485710711,751.56180336,  ,  ,0.0,0.600002983073,89.0,0.0,  ,  ,0.0,  ,  
2019-09-28 17:40:00,9.7,8.05493890201,751.56180336,  ,  ,0.0,0.0,89.4875,0.0,  ,  ,0.0,  ,  
2019-09-28 17:45:00,9.67791666667,8.11718037629,751.56180336,  ,  ,0.0,0.900004474609,90.0,0.0,  ,  ,0.0,  ,  
2019-09-28 17:50:00,9.6,8.0871699539,751.500769297,  ,  ,0.0,1.30000646332,90.2875,0.0,  ,  ,0.0,  ,  
2019-09-28 17:55:00,9.57458333333,8.17777087347,751.486797192,  ,  ,0.0,0.80000397743,91.0,0.0,  ,  ,0.0,  ,  
2019-09-28 18:00:00,9.48125,8.08548881372,751.486797192,  ,  ,0.0,1.60000795486,91.0,0.0,  ,  ,0.0,  ,  
2019-09-28 18:05:00,9.4,8.08911375407,751.364790162,  ,  ,0.0,1.30000646332,91.5208333333,0.0,  ,  ,0.0,  ,  
2019-09-28 18:10:00,9.4,8.16598639204,751.336784856,  ,  ,0.0,0.600002983073,92.0,0.0,  ,  ,0.0,  ,  
2019-09-28 18:15:00,9.37791666667,8.14412306585,751.336784856,  ,  ,0.0,0.0,92.0,0.0,  ,  ,0.0,  ,  
2019-09-28 18:20:00,9.3,8.06698249489,751.27572812,  ,  ,0.0,0.80000397743,92.0,0.0,  ,  ,0.0,  ,  
2019-09-28 18:25:00,9.3,8.06698249489,751.261778688,  ,  ,0.0,0.0,92.0,0.0,  ,  ,0.0,  ,  
2019-09-28 18:30:00,9.29,8.05708208317,751.261778688,  ,  ,0.0,1.4000069605,92.0,0.0,  ,  ,0.0,  ,  
2019-09-28 18:35:00,9.21125,7.97911620099,751.20060318,  ,  ,0.0,0.0,92.0,0.0,  ,  ,0.0,  ,  
2019-09-28 18:40:00,9.2,7.96797819756,751.18677252,  ,  ,0.0,0.80000397743,92.0,0.0,  ,  ,0.0,  ,  
2019-09-28 18:45:00,9.2,8.10392290485,751.18677252,  ,  ,0.0,0.0,92.8541666667,0.0,  ,  ,0.0,  ,  
2019-09-28 18:50:00,9.17666666667,8.10389189951,751.247738308,  ,  ,0.0,0.0,93.0,0.0,  ,  ,0.0,  ,  
2019-09-28 18:55:00,9.12458333333,8.01728906049,751.261778688,  ,  ,0.0,0.0,92.7791666667,0.0,  ,  ,0.0,  ,  
2019-09-28 19:00:00,9.1,8.025912823,751.261778688,  ,  ,0.0,0.0,92.9875,0.0,  ,  ,0.0,  ,  
2019-09-28 19:05:00,9.09666666667,8.02458553924,751.200752298,  ,  ,0.0,0.0,93.0,0.0,  ,  ,0.0,  ,  
2019-09-28 19:10:00,9.06125,7.98947588133,751.18677252,  ,  ,0.0,0.0,93.0,0.0,  ,  ,0.0,  ,  
2019-09-28 19:15:00,9.0,7.92348804984,751.18677252,  ,  ,0.0,0.0,92.9666666667,0.0,  ,  ,0.0,  ,  
2019-09-28 19:20:00,8.93458333333,7.82701067507,751.18677252,  ,  ,0.0,1.9000094464,92.7666666667,0.0,  ,  ,0.0,  ,  
2019-09-28 19:25:00,8.9,7.82962312082,751.18677252,  ,  ,0.0,0.80000397743,93.0,0.0,  ,  ,0.0,  ,  
2019-09-28 19:30:00,8.9,7.82962312082,751.18677252,  ,  ,0.0,0.0,93.0,0.0,  ,  ,0.0,  ,  
2019-09-28 19:35:00,8.83125,7.76146856717,751.12574613,  ,  ,0.0,0.0,93.0,0.0,  ,  ,0.0,  ,  
2019-09-28 19:40:00,8.8,7.73048917007,751.111766352,  ,  ,0.0,1.9000094464,93.0,0.0,  ,  ,0.0,  ,  
2019-09-28 19:45:00,8.8,7.73048917007,751.111766352,  ,  ,0.0,1.80000894922,93.0,0.0,  ,  ,0.0,  ,  
2019-09-28 19:50:00,8.78458333333,7.71520598828,751.050739962,  ,  ,0.0,0.0,93.0,0.0,  ,  ,0.0,  ,  
2019-09-28 19:55:00,8.70333333333,7.63465935262,751.036760184,  ,  ,0.0,0.0,93.0,0.0,  ,  ,0.0,  ,  
2019-09-28 20:00:00,8.7,7.63135487034,751.036760184,  ,  ,0.0,1.60000795486,93.0,0.0,  ,  ,0.0,  ,  
2019-09-28 20:05:00,8.7,7.63135487034,751.036760184,  ,  ,0.0,3.3000164069,93.0,0.0,  ,  ,0.0,  ,  
2019-09-28 20:10:00,8.7,7.63135487034,751.036760184,  ,  ,0.0,3.3000164069,93.0,0.0,  ,  ,0.0,  ,  
2019-09-28 20:15:00,8.7,7.63135487034,751.036760184,  ,  ,0.0,2.30001143511,93.0,0.0,  ,  ,0.0,  ,  
2019-09-28 20:20:00,8.7,7.63135487034,750.975796609,  ,  ,0.0,1.9000094464,93.0,0.0,  ,  ,0.0,  ,  
2019-09-28 20:25:00,8.7,7.63135487034,750.961754016,  ,  ,0.0,1.80000894922,93.0,0.0,  ,  ,0.0,  ,  
2019-09-28 20:30:00,8.7,7.63135487034,750.961754016,  ,  ,0.0,0.900004474609,93.0,0.0,  ,  ,0.0,  ,  
2019-09-28 20:35:00,8.67125,7.60285369457,750.900600339,  ,  ,0.0,1.60000795486,93.0,0.0,  ,  ,0.0,  ,  
2019-09-28 20:40:00,8.6,7.53222022162,750.886747848,  ,  ,0.0,1.4000069605,93.0,0.0,  ,  ,0.0,  ,  
2019-09-28 20:45:00,8.6,7.53222022162,750.886747848,  ,  ,0.0,2.30001143511,93.0,0.0,  ,  ,0.0,  ,  
2019-09-28 20:50:00,8.6,7.53222022162,750.764426634,  ,  ,0.547502722054,2.10001044075,93.0,0.0,  ,  ,0.0,  ,  
2019-09-28 20:55:00,8.6,7.53222022162,750.736735512,  ,  ,0.600002983073,2.40001193229,93.0,0.0,  ,  ,0.0,  ,  
2019-09-28 21:00:00,8.6,7.53222022162,750.736735512,  ,  ,0.0525002610189,3.3000164069,93.0,0.0,  ,  ,0.0,  ,  
2019-09-28 21:05:00,8.6,7.53222022162,750.736735512,  ,  ,0.0,2.10001044075,93.0,0.0,  ,  ,0.0,  ,  
2019-09-28 21:10:00,8.6,7.53222022162,750.736735512,  ,  ,0.730003629405,3.3000164069,93.0,0.0,  ,  ,0.0,  ,  
2019-09-28 21:15:00,8.6,7.53222022162,750.736735512,  ,  ,0.80000397743,3.10001541254,93.0,0.0,  ,  ,0.0,  ,  
2019-09-28 21:20:00,8.6,7.53222022162,750.675590394,  ,  ,0.80000397743,1.9000094464,93.0,0.0,  ,  ,0.0,  ,  
2019-09-28 21:25:00,8.6,7.53222022162,750.661729344,  ,  ,0.80000397743,2.80001392101,93.0,0.0,  ,  ,0.0,  ,  
2019-09-28 21:30:00,8.6,7.53222022162,750.661729344,  ,  ,0.617503070079,1.9000094464,93.0,0.0,  ,  ,0.0,  ,  
2019-09-28 21:35:00,8.59666666667,7.52891572732,750.600553836,  ,  ,0.600002983073,2.40001193229,93.0,0.0,  ,  ,0.0,  ,  
2019-09-28 21:40:00,8.55458333333,7.48719645342,750.586723176,  ,  ,0.600002983073,2.30001143511,93.0,0.0,  ,  ,0.0,  ,  
2019-09-28 21:45:00,8.51666666667,7.44960774777,750.586723176,  ,  ,0.600002983073,2.30001143511,93.0,0.0,  ,  ,0.0,  ,  
2019-09-28 21:50:00,8.5,7.43308522391,750.525547668,  ,  ,0.0525002610189,1.60000795486,93.0,0.0,  ,  ,0.0,  ,  
2019-09-28 21:55:00,8.5,7.43308522391,750.511717008,  ,  ,0.0,2.60001292665,93.0,0.0,  ,  ,0.0,  ,  
2019-09-28 22:00:00,8.5,7.44881758404,750.511717008,  ,  ,0.547502722054,2.80001392101,93.1,0.0,  ,  ,0.0,  ,  
2019-09-28 22:05:00,8.42125,7.35501616759,750.45075122,  ,  ,0.600002983073,2.40001193229,93.0,0.0,  ,  ,0.0,  ,  
2019-09-28 22:10:00,8.4,7.33394987722,750.43671084,  ,  ,0.782503890424,3.10001541254,93.0,0.0,  ,  ,0.0,  ,  
2019-09-28 22:15:00,8.4,7.48333885475,750.43671084,  ,  ,0.80000397743,2.30001143511,93.9541666667,0.0,  ,  ,0.0,  ,  
2019-09-28 22:20:00,8.4,7.49048106336,750.37568445,  ,  ,0.80000397743,1.9000094464,94.0,0.0,  ,  ,0.0,  ,  
2019-09-28 22:25:00,8.4,7.49048106336,750.361704672,  ,  ,0.80000397743,2.90001441819,94.0,0.0,  ,  ,0.0,  ,  
2019-09-28 22:30:00,8.4,7.49048106336,750.361704672,  ,  ,0.617503070079,2.40001193229,94.0,0.0,  ,  ,0.0,  ,  
2019-09-28 22:35:00,8.38791666667,7.47848687627,750.300596815,  ,  ,0.600002983073,2.80001392101,94.0,0.0,  ,  ,0.0,  ,  
2019-09-28 22:40:00,8.31333333333,7.40445369405,750.286698504,  ,  ,0.600002983073,2.40001193229,94.0,0.0,  ,  ,0.0,  ,  
2019-09-28 22:45:00,8.30666666667,7.39783619483,750.286698504,  ,  ,0.600002983073,2.60001292665,94.0,0.0,  ,  ,0.0,  ,  
2019-09-28 22:50:00,8.30666666667,7.39783619483,750.1645937,  ,  ,0.782503890424,2.30001143511,94.0,0.0,  ,  ,0.0,  ,  
2019-09-28 22:55:00,8.31333333333,7.40445369405,750.136686168,  ,  ,0.80000397743,2.40001193229,94.0,0.0,  ,  ,0.0,  ,  
2019-09-28 23:00:00,8.3,7.39121869428,750.136686168,  ,  ,0.617503070079,2.80001392101,94.0,0.0,  ,  ,0.0,  ,  
2019-09-28 23:05:00,8.3,7.39121869428,750.136686168,  ,  ,0.600002983073,2.30001143511,94.0,0.0,  ,  ,0.0,  ,  
2019-09-28 23:10:00,8.3,7.39121869428,750.136686168,  ,  ,0.600002983073,2.10001044075,94.0,0.0,  ,  ,0.0,  ,  
2019-09-28 23:15:00,8.3,7.39121869428,750.136686168,  ,  ,0.600002983073,1.10000546897,94.0,0.0,  ,  ,0.0,  ,  
2019-09-28 23:20:00,8.3,7.39121869428,750.075474238,  ,  ,0.0525002610189,3.10001541254,94.0,0.0,  ,  ,0.0,  ,  
2019-09-28 23:25:00,8.3,7.39121869428,750.06168,  ,  ,0.0,1.9000094464,94.0,0.0,  ,  ,0.0,  ,  
2019-09-28 23:30:00,8.3,7.39121869428,750.06168,  ,  ,0.0,2.40001193229,94.0,0.0,  ,  ,0.0,  ,  
2019-09-28 23:35:00,8.3,7.39121869428,749.939254426,  ,  ,0.0,2.80001392101,94.0,0.0,  ,  ,0.0,  ,  
2019-09-28 23:40:00,8.32333333333,7.4143799404,749.911667664,  ,  ,0.547502722054,2.80001392101,94.0,0.0,  ,  ,0.0,  ,  
2019-09-28 23:45:00,8.35541666667,7.44622662731,749.911667664,  ,  ,0.600002983073,2.80001392101,94.0,0.0,  ,  ,0.0,  ,  
2019-09-28 23:50:00,8.39333333333,7.48386358137,749.972880451,  ,  ,0.782503890424,1.60000795486,94.0,0.0,  ,  ,0.0,  ,  
  

    

