Time,TemperatureC,DewpointC,PressurehPa,WindDirection,WindDirectionDegrees,WindSpeedKMH,WindSpeedGustKMH,Humidity,HourlyPrecipMM,Conditions,Clouds,dailyrainMM,SoftwareType,DateUTC
                
2019-12-28 00:00:00,0.3,-0.119550976117,750.586723176,  ,  ,1.30000646332,2.40001193229,97.0,0.0,  ,  ,0.0,  ,  
2019-12-28 00:05:00,0.3,-0.119550976117,750.586723176,  ,  ,1.30000646332,4.10002038433,97.0,0.0,  ,  ,0.0,  ,  
2019-12-28 00:10:00,0.3,-0.119550976117,750.586723176,  ,  ,1.51125751361,3.60001789844,97.0,0.0,  ,  ,0.0,  ,  
2019-12-28 00:15:00,0.3,-0.119550976117,750.614496335,  ,  ,1.60000795486,2.80001392101,97.0,0.0,  ,  ,0.0,  ,  
2019-12-28 00:20:00,0.337916666667,-0.0817678826925,750.661729344,  ,  ,1.24792287104,3.10001541254,97.0,0.0,  ,  ,0.0,  ,  
2019-12-28 00:25:00,0.393333333333,-0.026546476631,750.661729344,  ,  ,1.10000546897,3.10001541254,97.0,0.0,  ,  ,0.0,  ,  
2019-12-28 00:30:00,0.4,-0.0199033030167,750.717248067,  ,  ,1.31125651926,3.90001938997,97.0,0.0,  ,  ,0.0,  ,  
2019-12-28 00:35:00,0.4,-0.0199033030167,750.81174168,  ,  ,1.4000069605,3.40001690408,97.0,0.0,  ,  ,0.0,  ,  
2019-12-28 00:40:00,0.4,-0.0199033030167,750.81174168,  ,  ,1.4000069605,3.80001889279,97.0,0.0,  ,  ,0.0,  ,  
2019-12-28 00:45:00,0.4,0.0902469521893,750.839501042,  ,  ,1.4000069605,3.60001789844,97.7791666667,0.0,  ,  ,0.0,  ,  
2019-12-28 00:50:00,0.403333333333,0.124650385854,750.886747848,  ,  ,1.4000069605,3.40001690408,98.0,0.0,  ,  ,0.0,  ,  
2019-12-28 00:55:00,0.44125,0.162478339911,750.886747848,  ,  ,1.4000069605,3.3000164069,98.0,0.0,  ,  ,0.0,  ,  
2019-12-28 01:00:00,0.495416666667,0.216518249817,750.914521007,  ,  ,1.4000069605,3.60001789844,98.0,0.0,  ,  ,0.0,  ,  
2019-12-28 01:05:00,0.494583333333,0.215686866806,750.961754016,  ,  ,1.4000069605,3.90001938997,98.0,0.0,  ,  ,0.0,  ,  
2019-12-28 01:10:00,0.5,0.221090856258,750.961754016,  ,  ,1.54084099403,5.10002535612,98.0,0.0,  ,  ,0.0,  ,  
2019-12-28 01:15:00,0.554583333333,0.275546426215,750.989513378,  ,  ,1.60000795486,3.40001690408,98.0,0.0,  ,  ,0.0,  ,  
2019-12-28 01:20:00,0.6,0.320856763677,751.036760184,  ,  ,1.45917392133,2.90001441819,98.0,0.0,  ,  ,0.0,  ,  
2019-12-28 01:25:00,0.6,0.320856763677,751.036760184,  ,  ,1.4000069605,3.60001789844,98.0,0.0,  ,  ,0.0,  ,  
2019-12-28 01:30:00,0.6,0.320856763677,751.064516598,  ,  ,1.54084099403,3.90001938997,98.0,0.0,  ,  ,0.0,  ,  
2019-12-28 01:35:00,0.6,0.320856763677,751.111766352,  ,  ,1.60000795486,3.60001789844,98.0,0.0,  ,  ,0.0,  ,  
2019-12-28 01:40:00,0.6,0.320856763677,751.111766352,  ,  ,1.60000795486,3.40001690408,98.0,0.0,  ,  ,0.0,  ,  
2019-12-28 01:45:00,0.6,0.320856763677,751.111766352,  ,  ,1.60000795486,4.30002137869,98.0,0.0,  ,  ,0.0,  ,  
2019-12-28 01:50:00,0.6,0.320856763677,751.111766352,  ,  ,1.74084198839,4.80002386458,98.0,0.0,  ,  ,0.0,  ,  
2019-12-28 01:55:00,0.64125,0.362010171913,751.111766352,  ,  ,1.80000894922,2.90001441819,98.0,0.0,  ,  ,0.0,  ,  
2019-12-28 02:00:00,0.69,0.410645996494,751.167285075,  ,  ,1.80000894922,3.3000164069,98.0,0.0,  ,  ,0.0,  ,  
2019-12-28 02:05:00,0.69,0.410645996494,751.261778688,  ,  ,1.80000894922,6.00002983073,98.0,0.0,  ,  ,0.0,  ,  
2019-12-28 02:10:00,0.696666666667,0.417297047616,751.261778688,  ,  ,1.65917491569,2.60001292665,98.0,0.0,  ,  ,0.0,  ,  
2019-12-28 02:15:00,0.7,0.420622573014,751.345098164,  ,  ,1.60000795486,2.90001441819,98.0,0.0,  ,  ,0.0,  ,  
2019-12-28 02:20:00,0.7,0.420622573014,751.486797192,  ,  ,1.45917392133,3.10001541254,98.0,0.0,  ,  ,0.0,  ,  
2019-12-28 02:25:00,0.7,0.420622573014,751.486797192,  ,  ,1.4000069605,3.10001541254,98.0,0.0,  ,  ,0.0,  ,  
2019-12-28 02:30:00,0.7,0.420622573014,751.514556554,  ,  ,1.54084099403,3.90001938997,98.0,0.0,  ,  ,0.0,  ,  
2019-12-28 02:35:00,0.7,0.420622573014,751.56180336,  ,  ,1.60000795486,3.60001789844,98.0,0.0,  ,  ,0.0,  ,  
2019-12-28 02:40:00,0.7,0.420622573014,751.56180336,  ,  ,1.74084198839,4.60002287023,98.0,0.0,  ,  ,0.0,  ,  
2019-12-28 02:45:00,0.714583333333,0.435171745347,751.589562722,  ,  ,1.80000894922,3.90001938997,98.0,0.0,  ,  ,0.0,  ,  
2019-12-28 02:50:00,0.716666666667,0.437250198367,751.636809528,  ,  ,1.51834088216,3.3000164069,98.0,0.0,  ,  ,0.0,  ,  
2019-12-28 02:55:00,0.74,0.460528869285,751.636809528,  ,  ,1.4000069605,3.80001889279,98.0,0.0,  ,  ,0.0,  ,  
2019-12-28 03:00:00,0.796666666667,0.420966051508,751.692355845,  ,  ,1.68167502756,4.10002038433,97.3208333333,0.0,  ,  ,0.0,  ,  
2019-12-28 03:05:00,0.8,0.37868591325,751.786821864,  ,  ,1.80000894922,3.90001938997,97.0,0.0,  ,  ,0.0,  ,  
2019-12-28 03:10:00,0.8,0.451468856947,751.786821864,  ,  ,2.15209403304,3.90001938997,97.5125,0.0,  ,  ,0.0,  ,  
2019-12-28 03:15:00,0.793333333333,0.513737239903,751.814557743,  ,  ,2.30001143511,3.90001938997,98.0,0.0,  ,  ,0.0,  ,  
2019-12-28 03:20:00,0.722083333333,0.442654176021,751.861828032,  ,  ,2.15917740159,3.40001690408,98.0,0.0,  ,  ,0.0,  ,  
2019-12-28 03:25:00,0.7,0.420622573014,751.861828032,  ,  ,2.10001044075,3.80001889279,98.0,0.0,  ,  ,0.0,  ,  
2019-12-28 03:30:00,0.7,0.420622573014,751.917340859,  ,  ,1.95917640723,4.50002237305,98.0,0.0,  ,  ,0.0,  ,  
2019-12-28 03:35:00,0.7,0.420622573014,752.011840368,  ,  ,1.9000094464,3.60001789844,98.0,0.0,  ,  ,0.0,  ,  
2019-12-28 03:40:00,0.7,0.420622573014,752.011840368,  ,  ,1.9000094464,3.40001690408,98.0,0.0,  ,  ,0.0,  ,  
2019-12-28 03:45:00,0.7,0.420622573014,752.03958289,  ,  ,1.9000094464,4.50002237305,98.0,0.0,  ,  ,0.0,  ,  
2019-12-28 03:50:00,0.7,0.420622573014,752.086846536,  ,  ,2.04084347992,5.80002883637,98.0,0.0,  ,  ,0.0,  ,  
2019-12-28 03:55:00,0.7,0.420622573014,752.086846536,  ,  ,2.10001044075,3.90001938997,98.0,0.0,  ,  ,0.0,  ,  
2019-12-28 04:00:00,0.7,0.420622573014,752.114605898,  ,  ,2.24084447428,4.60002287023,98.0,0.0,  ,  ,0.0,  ,  
2019-12-28 04:05:00,0.7,0.282001626225,752.161852704,  ,  ,2.30001143511,5.50002734483,97.0208333333,0.0,  ,  ,0.0,  ,  
2019-12-28 04:10:00,0.7,0.279038830603,752.161852704,  ,  ,2.37042845188,4.60002287023,97.0,0.0,  ,  ,0.0,  ,  
2019-12-28 04:15:00,0.7,0.279038830603,752.217399021,  ,  ,2.40001193229,5.60002784201,97.0,0.0,  ,  ,0.0,  ,  
2019-12-28 04:20:00,0.7,0.279038830603,752.31186504,  ,  ,2.40001193229,4.60002287023,97.0,0.0,  ,  ,0.0,  ,  
2019-12-28 04:25:00,0.7,0.279038830603,752.31186504,  ,  ,2.40001193229,4.30002137869,97.0,0.0,  ,  ,0.0,  ,  
2019-12-28 04:30:00,0.7,0.279038830603,752.339624402,  ,  ,2.32959491553,3.90001938997,97.0,0.0,  ,  ,0.0,  ,  
2019-12-28 04:35:00,0.7,0.279038830603,752.386871208,  ,  ,2.30001143511,3.80001889279,97.0,0.0,  ,  ,0.0,  ,  
2019-12-28 04:40:00,0.655416666667,0.359110011584,752.386871208,  ,  ,2.01834336806,3.3000164069,97.8791666667,0.0,  ,  ,0.0,  ,  
2019-12-28 04:45:00,0.6,0.320856763677,752.41463057,  ,  ,1.9000094464,3.40001690408,98.0,0.0,  ,  ,0.0,  ,  
2019-12-28 04:50:00,0.6,0.320856763677,752.461877376,  ,  ,1.9000094464,3.80001889279,98.0,0.0,  ,  ,0.0,  ,  
2019-12-28 04:55:00,0.57875,0.34359486632,752.461877376,  ,  ,1.9000094464,3.10001541254,98.3125,0.0,  ,  ,0.0,  ,  
2019-12-28 05:00:00,0.5,0.361168066239,752.517423693,  ,  ,1.68875839611,4.10002038433,99.0,0.0,  ,  ,0.0,  ,  
2019-12-28 05:05:00,0.493333333333,0.354509168368,752.611889712,  ,  ,1.60000795486,3.60001789844,99.0,0.0,  ,  ,0.0,  ,  
2019-12-28 05:10:00,0.40875,0.270024382767,752.611889712,  ,  ,1.74084198839,3.3000164069,99.0,0.0,  ,  ,0.0,  ,  
2019-12-28 05:15:00,0.4,0.261284575364,752.667408435,  ,  ,1.80000894922,3.3000164069,99.0,0.0,  ,  ,0.0,  ,  
2019-12-28 05:20:00,0.4,0.261284575364,752.761902048,  ,  ,1.80000894922,3.40001690408,99.0,0.0,  ,  ,0.0,  ,  
2019-12-28 05:25:00,0.4,0.261284575364,752.761902048,  ,  ,1.80000894922,3.60001789844,99.0,0.0,  ,  ,0.0,  ,  
2019-12-28 05:30:00,0.4,0.261284575364,752.789658462,  ,  ,1.87042596598,2.80001392101,99.0,0.0,  ,  ,0.0,  ,  
2019-12-28 05:35:00,0.39875,0.260036031419,752.836908216,  ,  ,1.9000094464,2.60001292665,99.0,0.0,  ,  ,0.0,  ,  
2019-12-28 05:40:00,0.347916666667,0.209261904507,752.836908216,  ,  ,1.54792436258,3.3000164069,99.0,0.0,  ,  ,0.0,  ,  
2019-12-28 05:45:00,0.305416666667,0.166811395264,752.892440546,  ,  ,1.4000069605,2.90001441819,99.0,0.0,  ,  ,0.0,  ,  
2019-12-28 05:50:00,0.3,0.161401035609,752.986920552,  ,  ,1.54084099403,2.80001392101,99.0,0.0,  ,  ,0.0,  ,  
2019-12-28 05:55:00,0.3,0.161401035609,752.986920552,  ,  ,1.60000795486,2.30001143511,99.0,0.0,  ,  ,0.0,  ,  
2019-12-28 06:00:00,0.3,0.161401035609,753.014679914,  ,  ,1.38875690457,2.40001193229,99.0,0.0,  ,  ,0.0,  ,  
2019-12-28 06:05:00,0.3,0.161401035609,753.06192672,  ,  ,1.30000646332,2.90001441819,99.0,0.0,  ,  ,0.0,  ,  
2019-12-28 06:10:00,0.3,0.161401035609,753.06192672,  ,  ,1.37042348009,2.30001143511,99.0,0.0,  ,  ,0.0,  ,  
2019-12-28 06:15:00,0.3,0.161401035609,753.06192672,  ,  ,1.4000069605,3.10001541254,99.0,0.0,  ,  ,0.0,  ,  
2019-12-28 06:20:00,0.3,0.161401035609,753.06192672,  ,  ,1.32958994374,3.10001541254,99.0,0.0,  ,  ,0.0,  ,  
2019-12-28 06:25:00,0.3,0.161401035609,753.06192672,  ,  ,1.30000646332,3.40001690408,99.0,0.0,  ,  ,0.0,  ,  
2019-12-28 06:30:00,0.3,0.161401035609,753.117445443,  ,  ,1.37042348009,3.40001690408,99.0,0.0,  ,  ,0.0,  ,  
2019-12-28 06:35:00,0.3,0.161401035609,753.211939056,  ,  ,1.4000069605,3.10001541254,99.0,0.0,  ,  ,0.0,  ,  
2019-12-28 06:40:00,0.3,0.161401035609,753.211939056,  ,  ,1.68167502756,3.40001690408,99.0,0.0,  ,  ,0.0,  ,  
2019-12-28 06:45:00,0.3,0.161401035609,753.267457779,  ,  ,1.80000894922,2.90001441819,99.0,0.0,  ,  ,0.0,  ,  
2019-12-28 06:50:00,0.3,0.161401035609,753.361951392,  ,  ,1.4479238654,2.60001292665,99.0,0.0,  ,  ,0.0,  ,  
2019-12-28 06:55:00,0.3,0.161401035609,753.361951392,  ,  ,1.30000646332,2.90001441819,99.0,0.0,  ,  ,0.0,  ,  
2019-12-28 07:00:00,0.23875,0.100222343371,753.389724551,  ,  ,1.30000646332,2.90001441819,99.0,0.0,  ,  ,0.0,  ,  
2019-12-28 07:05:00,0.2,0.0615174469738,753.43695756,  ,  ,1.30000646332,3.10001541254,99.0,0.0,  ,  ,0.0,  ,  
2019-12-28 07:10:00,0.2,0.0615174469738,753.43695756,  ,  ,1.51125751361,3.40001690408,99.0,0.0,  ,  ,0.0,  ,  
2019-12-28 07:15:00,0.132083333333,-0.00632018484624,753.464709842,  ,  ,1.60000795486,3.90001938997,99.0,0.0,  ,  ,0.0,  ,  
2019-12-28 07:20:00,0.0966666666667,-0.0416956459667,753.511963728,  ,  ,1.74084198839,4.60002287023,99.0,0.0,  ,  ,0.0,  ,  
2019-12-28 07:25:00,0.00541666666666,-0.132839509337,753.511963728,  ,  ,1.80000894922,3.90001938997,99.0,0.0,  ,  ,0.0,  ,  
2019-12-28 07:30:00,-0.0479166666667,-0.186110827322,753.595232969,  ,  ,2.15209403304,4.10002038433,99.0,0.0,  ,  ,0.0,  ,  
2019-12-28 07:35:00,-0.1,-0.238133612211,753.736982232,  ,  ,2.30001143511,5.30002635048,99.0,0.0,  ,  ,0.0,  ,  
2019-12-28 07:40:00,-0.106666666667,-0.244792529634,753.736982232,  ,  ,2.5112624854,4.80002386458,99.0,0.0,  ,  ,0.0,  ,  
2019-12-28 07:45:00,-0.197916666667,-0.335936483697,753.79245399,  ,  ,2.60001292665,5.30002635048,99.0,0.0,  ,  ,0.0,  ,  
2019-12-28 07:50:00,-0.2,-0.338017396365,753.886994568,  ,  ,2.95209801047,5.80002883637,99.0,0.0,  ,  ,0.0,  ,  
2019-12-28 07:55:00,-0.2,-0.338017396365,753.886994568,  ,  ,3.10001541254,4.80002386458,99.0,0.0,  ,  ,0.0,  ,  
2019-12-28 08:00:00,-0.2,-0.338017396365,753.942513291,  ,  ,2.88876436225,5.00002485894,99.0,0.0,  ,  ,0.0,  ,  
2019-12-28 08:05:00,-0.2,-0.338017396365,754.037006904,  ,  ,2.80001392101,4.10002038433,99.0,0.0,  ,  ,0.0,  ,  
2019-12-28 08:10:00,-0.234583333333,-0.372560549761,754.037006904,  ,  ,2.44792883719,4.50002237305,99.0,0.0,  ,  ,0.0,  ,  
2019-12-28 08:15:00,-0.29,-0.427912843897,754.064780063,  ,  ,2.30001143511,4.10002038433,99.0,0.0,  ,  ,0.0,  ,  
2019-12-28 08:20:00,-0.3,-0.476618590912,754.112013072,  ,  ,2.37042845188,5.30002635048,98.7208333333,0.0,  ,  ,0.0,  ,  
2019-12-28 08:25:00,-0.3,-0.463894761678,754.112013072,  ,  ,2.40001193229,3.90001938997,98.8125,0.0,  ,  ,0.0,  ,  
2019-12-28 08:30:00,-0.3,-0.4379012294,754.139772434,  ,  ,2.32959491553,2.90001441819,99.0,0.0,  ,  ,0.0,  ,  
2019-12-28 08:35:00,-0.3,-0.4379012294,754.18701924,  ,  ,2.30001143511,5.10002535612,99.0,0.0,  ,  ,0.0,  ,  
2019-12-28 08:40:00,-0.32125,-0.534904634283,754.18701924,  ,  ,2.30001143511,5.30002635048,98.4541666667,0.0,  ,  ,0.0,  ,  
2019-12-28 08:45:00,-0.4,-0.676806724243,754.270297325,  ,  ,2.30001143511,4.80002386458,98.0,0.0,  ,  ,0.0,  ,  
2019-12-28 08:50:00,-0.4,-0.676806724243,754.412037744,  ,  ,2.37042845188,5.30002635048,98.0,0.0,  ,  ,0.0,  ,  
2019-12-28 08:55:00,-0.414583333333,-0.684957640981,754.412037744,  ,  ,2.40001193229,4.30002137869,98.0458333333,0.0,  ,  ,0.0,  ,  
2019-12-28 09:00:00,-0.47,-0.607703857739,754.495294591,  ,  ,2.40001193229,3.80001889279,99.0,0.0,  ,  ,0.0,  ,  
2019-12-28 09:05:00,-0.5,-0.63766904211,754.637056248,  ,  ,2.40001193229,3.40001690408,99.0,0.0,  ,  ,0.0,  ,  
2019-12-28 09:10:00,-0.5,-0.63766904211,754.637056248,  ,  ,1.97750983171,2.90001441819,99.0,0.0,  ,  ,0.0,  ,  
2019-12-28 09:15:00,-0.5,-0.63766904211,754.692541291,  ,  ,1.80000894922,3.3000164069,99.0,0.0,  ,  ,0.0,  ,  
2019-12-28 09:20:00,-0.524583333333,-0.662223849249,754.787068584,  ,  ,1.4479238654,4.50002237305,99.0,0.0,  ,  ,0.0,  ,  
2019-12-28 09:25:00,-0.6,-0.737553021786,754.787068584,  ,  ,1.30000646332,3.80001889279,99.0,0.0,  ,  ,0.0,  ,  
2019-12-28 09:30:00,-0.65125,-0.788743580314,754.842540342,  ,  ,2.00417663096,4.80002386458,99.0,0.0,  ,  ,0.0,  ,  
2019-12-28 09:35:00,-0.7,-0.837437050341,754.93708092,  ,  ,2.30001143511,5.30002635048,99.0,0.0,  ,  ,0.0,  ,  
2019-12-28 09:40:00,-0.7,-0.837437050341,754.93708092,  ,  ,2.37042845188,5.30002635048,99.0,0.0,  ,  ,0.0,  ,  
2019-12-28 09:45:00,-0.754583333333,-0.999847625955,755.02021804,  ,  ,2.40001193229,5.10002535612,98.2208333333,0.0,  ,  ,0.0,  ,  
2019-12-28 09:50:00,-0.763333333333,-1.00221256722,755.162099424,  ,  ,2.68167999935,4.10002038433,98.2666666667,0.0,  ,  ,0.0,  ,  
2019-12-28 09:55:00,-0.705416666667,-0.981511736453,755.162099424,  ,  ,2.80001392101,4.80002386458,98.0,0.0,  ,  ,0.0,  ,  
2019-12-28 10:00:00,-0.7,-0.976107683247,755.217543626,  ,  ,2.30709480366,5.10002535612,98.0,0.0,  ,  ,0.0,  ,  
2019-12-28 10:05:00,-0.757916666667,-1.03388949783,755.31211176,  ,  ,2.10001044075,5.10002535612,98.0,0.0,  ,  ,0.0,  ,  
2019-12-28 10:10:00,-0.8,-1.19404813752,755.31211176,  ,  ,2.66334657486,5.50002734483,97.1541666667,0.0,  ,  ,0.0,  ,  
2019-12-28 10:15:00,-0.8,-1.21568512284,755.367611103,  ,  ,2.90001441819,6.50003231662,97.0,0.0,  ,  ,0.0,  ,  
2019-12-28 10:20:00,-0.827916666667,-1.24350391124,755.462124096,  ,  ,3.18168248524,5.80002883637,97.0,0.0,  ,  ,0.0,  ,  
2019-12-28 10:25:00,-0.80875,-1.22440444334,755.462124096,  ,  ,3.3000164069,5.50002734483,97.0,0.0,  ,  ,0.0,  ,  
2019-12-28 10:30:00,-0.8,-1.21568512284,755.517595854,  ,  ,3.01834833985,5.10002535612,97.0,0.0,  ,  ,0.0,  ,  
2019-12-28 10:35:00,-0.874583333333,-1.2900069862,755.612136432,  ,  ,2.90001441819,5.50002734483,97.0,0.0,  ,  ,0.0,  ,  
2019-12-28 10:40:00,-0.94125,-1.35644000619,755.612136432,  ,  ,2.82959740142,6.00002983073,97.0,0.0,  ,  ,0.0,  ,  
2019-12-28 10:45:00,-1.07791666667,-1.55053558525,755.695292995,  ,  ,2.80001392101,6.30003132226,96.5875,0.0,  ,  ,0.0,  ,  
2019-12-28 10:50:00,-1.1,-1.65536891491,755.837154936,  ,  ,3.15209900482,6.6000328138,96.0,0.0,  ,  ,0.0,  ,  
2019-12-28 10:55:00,-1.17791666667,-1.73292028473,755.837154936,  ,  ,3.3000164069,7.60003778559,96.0,0.0,  ,  ,0.0,  ,  
2019-12-28 11:00:00,-1.2,-1.75490010654,755.864946066,  ,  ,3.51126745719,5.10002535612,96.0,0.0,  ,  ,0.0,  ,  
2019-12-28 11:05:00,-1.13208333333,-1.68730181737,755.912161104,  ,  ,3.60001789844,5.60002784201,96.0,0.0,  ,  ,0.0,  ,  
2019-12-28 11:10:00,-1.11458333333,-1.66988386805,755.912161104,  ,  ,3.24793281462,6.10003032791,96.0,0.0,  ,  ,0.0,  ,  
2019-12-28 11:15:00,-1.19333333333,-1.80665016068,755.939883205,  ,  ,3.10001541254,7.1000352997,95.5875,0.0,  ,  ,0.0,  ,  
2019-12-28 11:20:00,-1.19666666667,-1.77337658544,755.987167272,  ,  ,3.45210049636,6.10003032791,95.8458333333,0.0,  ,  ,0.0,  ,  
2019-12-28 11:25:00,-1.2,-1.8938487329,755.987167272,  ,  ,3.60001789844,6.30003132226,95.0208333333,0.0,  ,  ,0.0,  ,  
2019-12-28 11:30:00,-1.2,-1.87604023804,756.014903151,  ,  ,3.45918386491,5.60002784201,95.1458333333,0.0,  ,  ,0.0,  ,  
2019-12-28 11:35:00,-1.2,-1.81328229623,756.06217344,  ,  ,3.40001690408,6.00002983073,95.5875,0.0,  ,  ,0.0,  ,  
2019-12-28 11:40:00,-1.2,-1.89681883112,756.06217344,  ,  ,3.18876585379,6.00002983073,95.0,0.0,  ,  ,0.0,  ,  
2019-12-28 11:45:00,-1.22125,-1.91794380005,756.11757064,  ,  ,3.10001541254,6.50003231662,95.0,0.0,  ,  ,0.0,  ,  
2019-12-28 11:50:00,-1.3,-2.04855472394,756.212185776,  ,  ,3.59293452989,6.10003032791,94.6333333333,0.0,  ,  ,0.0,  ,  
2019-12-28 11:55:00,-1.29,-1.98628936438,756.212185776,  ,  ,3.80001889279,6.6000328138,95.0,0.0,  ,  ,0.0,  ,  
2019-12-28 12:00:00,-1.29333333333,-2.12015967115,756.239907877,  ,  ,3.65918485927,7.00003480252,94.0875,0.0,  ,  ,0.0,  ,  
2019-12-28 12:05:00,-1.3,-2.13935702495,756.287191944,  ,  ,3.60001789844,6.10003032791,94.0,0.0,  ,  ,0.0,  ,  
2019-12-28 12:10:00,-1.3,-2.13935702495,756.287191944,  ,  ,3.60001789844,5.60002784201,94.0,0.0,  ,  ,0.0,  ,  
2019-12-28 12:15:00,-1.3,-2.1603421376,756.314910798,  ,  ,3.60001789844,6.6000328138,93.8541666667,0.0,  ,  ,0.0,  ,  
2019-12-28 12:20:00,-1.31791666667,-2.26777599016,756.362198112,  ,  ,3.74085193196,7.1000352997,93.2333333333,0.0,  ,  ,0.0,  ,  
2019-12-28 12:25:00,-1.38333333333,-2.35983168772,756.362198112,  ,  ,3.80001889279,6.00002983073,93.0458333333,0.0,  ,  ,0.0,  ,  
2019-12-28 12:30:00,-1.35,-2.25803322131,756.417702676,  ,  ,3.30709977545,5.50002734483,93.5208333333,0.0,  ,  ,0.0,  ,  
2019-12-28 12:35:00,-1.43791666667,-2.42060922256,756.512210448,  ,  ,3.10001541254,8.10004027148,93.0,0.0,  ,  ,0.0,  ,  
2019-12-28 12:40:00,-1.52666666667,-2.50862261394,756.512210448,  ,  ,3.66335154665,5.80002883637,93.0,0.0,  ,  ,0.0,  ,  
2019-12-28 12:45:00,-1.57458333333,-2.55614169545,756.539946327,  ,  ,3.90001938997,6.30003132226,93.0,0.0,  ,  ,0.0,  ,  
2019-12-28 12:50:00,-1.6,-2.62666507972,756.587216616,  ,  ,3.47751728939,7.1000352997,92.6875,0.0,  ,  ,0.0,  ,  
2019-12-28 12:55:00,-1.6,-2.61819553894,756.587216616,  ,  ,3.3000164069,6.30003132226,92.7458333333,0.0,  ,  ,0.0,  ,  
2019-12-28 13:00:00,-1.6,-2.58134750166,756.642688374,  ,  ,3.37043342366,5.50002734483,93.0,0.0,  ,  ,0.0,  ,  
2019-12-28 13:05:00,-1.6,-2.53135295393,756.737228952,  ,  ,3.40001690408,4.10002038433,93.3458333333,0.0,  ,  ,0.0,  ,  
2019-12-28 13:10:00,-1.58333333333,-2.39977684798,756.737228952,  ,  ,2.48459568616,4.10002038433,94.1458333333,0.0,  ,  ,0.0,  ,  
2019-12-28 13:15:00,-1.57333333333,-2.40776531306,756.764951053,  ,  ,2.10001044075,5.80002883637,94.0208333333,0.0,  ,  ,0.0,  ,  
2019-12-28 13:20:00,-1.64333333333,-2.48025837978,756.81223512,  ,  ,2.5929295581,6.00002983073,94.0,0.0,  ,  ,0.0,  ,  
2019-12-28 13:25:00,-1.69791666667,-2.53445539966,756.81223512,  ,  ,2.80001392101,5.60002784201,94.0,0.0,  ,  ,0.0,  ,  
2019-12-28 13:30:00,-1.70333333333,-2.53983373473,756.867706878,  ,  ,3.0112649713,4.80002386458,94.0,0.0,  ,  ,0.0,  ,  
2019-12-28 13:35:00,-1.73125,-2.66517435237,756.962247456,  ,  ,3.10001541254,6.00002983073,93.3208333333,0.0,  ,  ,0.0,  ,  
2019-12-28 13:40:00,-1.8,-2.77968905893,756.962247456,  ,  ,3.24084944607,6.6000328138,93.0,0.0,  ,  ,0.0,  ,  
2019-12-28 13:45:00,-1.8,-2.77968905893,756.962247456,  ,  ,3.3000164069,7.80003877995,93.0,0.0,  ,  ,0.0,  ,  
2019-12-28 13:50:00,-1.8,-2.77968905893,756.962247456,  ,  ,3.51126745719,7.60003778559,93.0,0.0,  ,  ,0.0,  ,  
2019-12-28 13:55:00,-1.8,-2.77968905893,756.962247456,  ,  ,3.60001789844,7.50003728841,93.0,0.0,  ,  ,0.0,  ,  
2019-12-28 14:00:00,-1.8,-2.77968905893,757.017799251,  ,  ,3.60001789844,6.30003132226,93.0,0.0,  ,  ,0.0,  ,  
2019-12-28 14:05:00,-1.8,-2.856982164,757.112259792,  ,  ,3.60001789844,6.50003231662,92.4666666667,0.0,  ,  ,0.0,  ,  
2019-12-28 14:10:00,-1.8,-2.77968905893,757.112259792,  ,  ,3.24793281462,5.80002883637,93.0,0.0,  ,  ,0.0,  ,  
2019-12-28 14:15:00,-1.81125,-2.79084581302,757.139958392,  ,  ,3.10001541254,6.50003231662,93.0,0.0,  ,  ,0.0,  ,  
2019-12-28 14:20:00,-1.89666666667,-2.88037001742,757.18726596,  ,  ,3.31126646283,5.60002784201,92.9666666667,0.0,  ,  ,0.0,  ,  
2019-12-28 14:25:00,-1.91666666667,-2.89538894569,757.18726596,  ,  ,3.40001690408,6.30003132226,93.0,0.0,  ,  ,0.0,  ,  
2019-12-28 14:30:00,-1.90333333333,-2.88216607743,757.27032048,  ,  ,3.54085093761,6.30003132226,93.0,0.0,  ,  ,0.0,  ,  
2019-12-28 14:35:00,-1.9,-2.94641320786,757.412284464,  ,  ,3.60001789844,6.6000328138,92.5333333333,0.0,  ,  ,0.0,  ,  
2019-12-28 14:40:00,-1.9,-2.90476025021,757.412284464,  ,  ,3.24793281462,5.60002784201,92.8208333333,0.0,  ,  ,0.0,  ,  
2019-12-28 14:45:00,-1.9,-2.95911294468,757.439983064,  ,  ,3.10001541254,5.80002883637,92.4458333333,0.0,  ,  ,0.0,  ,  
2019-12-28 14:50:00,-1.9,-2.89993831591,757.487290632,  ,  ,3.10001541254,7.1000352997,92.8541666667,0.0,  ,  ,0.0,  ,  
2019-12-28 14:55:00,-1.95458333333,-3.02954345865,757.487290632,  ,  ,3.10001541254,6.30003132226,92.3333333333,0.0,  ,  ,0.0,  ,  
2019-12-28 15:00:00,-2.01338912134,-3.0766788698,757.542558335,  ,  ,3.66236130463,6.50003231662,92.410041841,0.0,  ,  ,0.0,  ,  
2019-12-28 15:05:00,-2.00666666667,-2.98464346878,757.637302968,  ,  ,3.90001938997,6.30003132226,93.0,0.0,  ,  ,0.0,  ,  
2019-12-28 15:10:00,-2.05125,-3.08847782231,757.637302968,  ,  ,3.54793430616,6.80003380816,92.5875,0.0,  ,  ,0.0,  ,  
2019-12-28 15:15:00,-2.1,-3.09944968224,757.664970408,  ,  ,3.40001690408,5.60002784201,92.8458333333,0.0,  ,  ,0.0,  ,  
2019-12-28 15:20:00,-2.10333333333,-3.09493524389,757.712309136,  ,  ,3.54085093761,7.50003728841,92.9,0.0,  ,  ,0.0,  ,  
2019-12-28 15:25:00,-2.1,-3.10306017033,757.712309136,  ,  ,3.60001789844,6.6000328138,92.8208333333,0.0,  ,  ,0.0,  ,  
2019-12-28 15:30:00,-2.19125,-3.23026224356,757.767631777,  ,  ,3.81126894873,6.10003032791,92.5666666667,0.0,  ,  ,0.0,  ,  
2019-12-28 15:35:00,-2.19666666667,-3.23382295891,757.862321472,  ,  ,3.90001938997,5.80002883637,92.5791666667,0.0,  ,  ,0.0,  ,  
2019-12-28 15:40:00,-2.19666666667,-3.26459288529,757.862321472,  ,  ,3.47751728939,7.30003629405,92.3666666667,0.0,  ,  ,0.0,  ,  
2019-12-28 15:45:00,-2.2,-3.17637636364,757.889969051,  ,  ,3.3000164069,5.50002734483,93.0,0.0,  ,  ,0.0,  ,  
2019-12-28 15:50:00,-2.2,-3.17637636364,757.93732764,  ,  ,3.37043342366,5.80002883637,93.0,0.0,  ,  ,0.0,  ,  
2019-12-28 15:55:00,-2.2,-3.17637636364,757.93732764,  ,  ,3.40001690408,6.6000328138,93.0,0.0,  ,  ,0.0,  ,  
2019-12-28 16:00:00,-2.27791666667,-3.25364839501,757.992622798,  ,  ,3.54085093761,6.10003032791,93.0,0.0,  ,  ,0.0,  ,  
2019-12-28 16:05:00,-2.3,-3.27554906278,758.087339976,  ,  ,3.60001789844,6.30003132226,93.0,0.0,  ,  ,0.0,  ,  
2019-12-28 16:10:00,-2.35791666667,-3.28510402293,758.087339976,  ,  ,3.60001789844,7.1000352997,93.3333333333,0.0,  ,  ,0.0,  ,  
2019-12-28 16:15:00,-2.4,-3.26783188421,758.087339976,  ,  ,3.60001789844,6.10003032791,93.7458333333,0.0,  ,  ,0.0,  ,  
2019-12-28 16:20:00,-2.4,-3.23157766195,758.087339976,  ,  ,3.81126894873,6.6000328138,94.0,0.0,  ,  ,0.0,  ,  
2019-12-28 16:25:00,-2.4,-3.23157766195,758.087339976,  ,  ,3.90001938997,7.00003480252,94.0,0.0,  ,  ,0.0,  ,  
2019-12-28 16:30:00,-2.46125,-3.29239555362,758.142599775,  ,  ,4.0408534235,7.80003877995,94.0,0.0,  ,  ,0.0,  ,  
2019-12-28 16:35:00,-2.47333333333,-3.3043936543,758.237352312,  ,  ,4.10002038433,6.30003132226,94.0,0.0,  ,  ,0.0,  ,  
2019-12-28 16:40:00,-2.40208333333,-3.23364629588,758.237352312,  ,  ,3.3958502167,5.30002635048,94.0,0.0,  ,  ,0.0,  ,  
2019-12-28 16:45:00,-2.40333333333,-3.24617013612,758.320336273,  ,  ,3.10001541254,5.80002883637,93.9208333333,0.0,  ,  ,0.0,  ,  
2019-12-28 16:50:00,-2.47458333333,-3.42475222688,758.462370816,  ,  ,3.31126646283,5.60002784201,93.1666666667,0.0,  ,  ,0.0,  ,  
2019-12-28 16:55:00,-2.49666666667,-3.44665752213,758.462370816,  ,  ,3.40001690408,6.10003032791,93.1666666667,0.0,  ,  ,0.0,  ,  
2019-12-28 17:00:00,-2.5,-3.47389550862,758.490032136,  ,  ,3.54085093761,6.10003032791,93.0,0.0,  ,  ,0.0,  ,  
2019-12-28 17:05:00,-2.5,-3.47389550862,758.537376984,  ,  ,3.60001789844,6.00002983073,93.0,0.0,  ,  ,0.0,  ,  
2019-12-28 17:10:00,-2.43875,-3.4131517612,758.537376984,  ,  ,3.38876684815,4.80002386458,93.0,0.0,  ,  ,0.0,  ,  
2019-12-28 17:15:00,-2.4,-3.3747221111,758.537376984,  ,  ,3.3000164069,5.50002734483,93.0,0.0,  ,  ,0.0,  ,  
2019-12-28 17:20:00,-2.47458333333,-3.42475222688,758.537376984,  ,  ,3.15918237337,6.50003231662,93.1666666667,0.0,  ,  ,0.0,  ,  
2019-12-28 17:25:00,-2.53458333333,-3.50340511616,758.537376984,  ,  ,3.10001541254,5.30002635048,93.0333333333,0.0,  ,  ,0.0,  ,  
2019-12-28 17:30:00,-2.56208333333,-3.42872224175,758.565038304,  ,  ,3.10001541254,5.50002734483,93.7458333333,0.0,  ,  ,0.0,  ,  
2019-12-28 17:35:00,-2.57125,-3.47947164694,758.612383152,  ,  ,3.10001541254,6.6000328138,93.4541666667,0.0,  ,  ,0.0,  ,  
2019-12-28 17:40:00,-2.6,-3.57306925533,758.612383152,  ,  ,3.24084944607,5.60002784201,93.0,0.0,  ,  ,0.0,  ,  
2019-12-28 17:45:00,-2.6,-3.60840775629,758.667642951,  ,  ,3.3000164069,7.1000352997,92.7541666667,0.0,  ,  ,0.0,  ,  
2019-12-28 17:50:00,-2.6,-3.63842065548,758.762395488,  ,  ,3.65210149072,7.80003877995,92.5458333333,0.0,  ,  ,0.0,  ,  
2019-12-28 17:55:00,-2.54,-3.5135649654,758.762395488,  ,  ,3.80001889279,6.30003132226,93.0,0.0,  ,  ,0.0,  ,  
2019-12-28 18:00:00,-2.6,-3.63541667344,758.790019529,  ,  ,3.51835082574,7.60003778559,92.5666666667,0.0,  ,  ,0.0,  ,  
2019-12-28 18:05:00,-2.6,-3.61800538045,758.837401656,  ,  ,3.40001690408,5.60002784201,92.6875,0.0,  ,  ,0.0,  ,  
2019-12-28 18:10:00,-2.62791666667,-3.67570576594,758.837401656,  ,  ,3.40001690408,5.60002784201,92.4791666667,0.0,  ,  ,0.0,  ,  
2019-12-28 18:15:00,-2.69875,-3.67100367287,758.865062976,  ,  ,3.40001690408,5.10002535612,93.0,0.0,  ,  ,0.0,  ,  
2019-12-28 18:20:00,-2.69791666667,-3.67017722067,758.912407824,  ,  ,2.83668076997,6.30003132226,93.0,0.0,  ,  ,0.0,  ,  
2019-12-28 18:25:00,-2.7,-3.67224335123,758.912407824,  ,  ,2.60001292665,6.30003132226,93.0,0.0,  ,  ,0.0,  ,  
2019-12-28 18:30:00,-2.7,-3.63701737502,758.967702982,  ,  ,2.60001292665,3.90001938997,93.2458333333,0.0,  ,  ,0.0,  ,  
2019-12-28 18:35:00,-2.71791666667,-3.54725269753,759.06242016,  ,  ,2.60001292665,4.80002386458,94.0,0.0,  ,  ,0.0,  ,  
2019-12-28 18:40:00,-2.8,-3.65244075818,759.06242016,  ,  ,2.10709380931,5.00002485894,93.8333333333,0.0,  ,  ,0.0,  ,  
2019-12-28 18:45:00,-2.8,-3.76843187901,759.117742801,  ,  ,1.9000094464,5.60002784201,93.0208333333,0.0,  ,  ,0.0,  ,  
2019-12-28 18:50:00,-2.8,-3.77141779632,759.212432496,  ,  ,2.39292856374,4.60002287023,93.0,0.0,  ,  ,0.0,  ,  
2019-12-28 18:55:00,-2.8,-3.82286855861,759.212432496,  ,  ,2.60001292665,7.50003728841,92.6416666667,0.0,  ,  ,0.0,  ,  
2019-12-28 19:00:00,-2.82791666667,-4.08848097946,759.3228572,  ,  ,2.74084696018,6.30003132226,91.0,0.0,  ,  ,0.0,  ,  
2019-12-28 19:05:00,-2.9,-4.15979276053,759.512457168,  ,  ,2.80001392101,6.80003380816,91.0,0.0,  ,  ,0.0,  ,  
2019-12-28 19:10:00,-2.9,-4.15979276053,759.512457168,  ,  ,3.22251602159,8.10004027148,91.0,0.0,  ,  ,0.0,  ,  
2019-12-28 19:15:00,-2.92791666667,-4.18741068105,759.595399905,  ,  ,3.40001690408,5.80002883637,91.0,0.0,  ,  ,0.0,  ,  
2019-12-28 19:20:00,-3.0,-4.25872278802,759.737475672,  ,  ,3.40001690408,5.30002635048,91.0,0.0,  ,  ,0.0,  ,  
2019-12-28 19:25:00,-3.01125,-4.26985244441,759.737475672,  ,  ,3.40001690408,5.50002734483,91.0,0.0,  ,  ,0.0,  ,  
2019-12-28 19:30:00,-3.1,-4.3024895145,759.737475672,  ,  ,3.18876585379,6.6000328138,91.3791666667,0.0,  ,  ,0.0,  ,  
2019-12-28 19:35:00,-3.1,-4.33519951863,759.737475672,  ,  ,3.10001541254,6.80003380816,91.1541666667,0.0,  ,  ,0.0,  ,  
2019-12-28 19:40:00,-3.1,-4.28978823227,759.737475672,  ,  ,3.24084944607,5.10002535612,91.4666666667,0.0,  ,  ,0.0,  ,  
2019-12-28 19:45:00,-3.1,-4.33338041987,759.820418409,  ,  ,3.3000164069,5.80002883637,91.1666666667,0.0,  ,  ,0.0,  ,  
2019-12-28 19:50:00,-3.15791666667,-4.41495071052,759.962494176,  ,  ,3.01834833985,7.00003480252,91.0,0.0,  ,  ,0.0,  ,  
2019-12-28 19:55:00,-3.2,-4.4565841994,759.962494176,  ,  ,2.90001441819,6.10003032791,91.0,0.0,  ,  ,0.0,  ,  
2019-12-28 20:00:00,-3.2,-4.4565841994,760.017628192,  ,  ,3.252099502,6.50003231662,91.0,0.0,  ,  ,0.0,  ,  
2019-12-28 20:05:00,-3.15541666667,-4.36883512799,760.112506512,  ,  ,3.40001690408,6.00002983073,91.3,0.0,  ,  ,0.0,  ,  
2019-12-28 20:10:00,-3.16125,-4.41824840969,760.112506512,  ,  ,3.32959988732,5.30002635048,91.0,0.0,  ,  ,0.0,  ,  
2019-12-28 20:15:00,-3.2,-4.4565841994,760.112506512,  ,  ,3.3000164069,5.80002883637,91.0,0.0,  ,  ,0.0,  ,  
2019-12-28 20:20:00,-3.2,-4.3290945562,760.112506512,  ,  ,2.66626325603,4.80002386458,91.8791666667,0.0,  ,  ,0.0,  ,  
2019-12-28 20:25:00,-3.2,-4.36161894554,760.112506512,  ,  ,2.40001193229,4.80002386458,91.6541666667,0.0,  ,  ,0.0,  ,  
2019-12-28 20:30:00,-3.2,-4.31947125692,760.167754594,  ,  ,2.40001193229,6.00002983073,91.9458333333,0.0,  ,  ,0.0,  ,  
2019-12-28 20:35:00,-3.2,-4.31165687874,760.262518848,  ,  ,2.40001193229,6.00002983073,92.0,0.0,  ,  ,0.0,  ,  
2019-12-28 20:40:00,-3.26791666667,-4.37893124055,760.262518848,  ,  ,3.10418209993,6.6000328138,92.0,0.0,  ,  ,0.0,  ,  
2019-12-28 20:45:00,-3.3,-4.42512870435,760.262518848,  ,  ,3.40001690408,6.00002983073,91.9,0.0,  ,  ,0.0,  ,  
2019-12-28 20:50:00,-3.3,-4.41071121805,760.262518848,  ,  ,3.18876585379,4.30002137869,92.0,0.0,  ,  ,0.0,  ,  
2019-12-28 20:55:00,-3.3,-4.35796566449,760.262518848,  ,  ,3.10001541254,4.30002137869,92.3666666667,0.0,  ,  ,0.0,  ,  
2019-12-28 21:00:00,-3.3,-4.41071121805,760.317692371,  ,  ,2.6070962952,5.10002535612,92.0,0.0,  ,  ,0.0,  ,  
2019-12-28 21:05:00,-3.32333333333,-4.39844693635,760.412531184,  ,  ,2.40001193229,5.80002883637,92.2458333333,0.0,  ,  ,0.0,  ,  
2019-12-28 21:10:00,-3.32666666667,-4.32230931154,760.412531184,  ,  ,2.68167999935,5.50002734483,92.8,0.0,  ,  ,0.0,  ,  
2019-12-28 21:15:00,-3.38458333333,-4.46751899128,760.440086002,  ,  ,2.80001392101,6.00002983073,92.1875,0.0,  ,  ,0.0,  ,  
2019-12-28 21:20:00,-3.4,-4.50976595784,760.487537352,  ,  ,2.87043093777,5.00002485894,92.0,0.0,  ,  ,0.0,  ,  
2019-12-28 21:25:00,-3.4,-4.39323508695,760.487537352,  ,  ,2.90001441819,5.60002784201,92.8125,0.0,  ,  ,0.0,  ,  
2019-12-28 21:30:00,-3.4,-4.36647180009,760.542710875,  ,  ,2.6887633679,5.60002784201,93.0,0.0,  ,  ,0.0,  ,  
2019-12-28 21:35:00,-3.4,-4.36647180009,760.637549688,  ,  ,2.60001292665,6.10003032791,93.0,0.0,  ,  ,0.0,  ,  
2019-12-28 21:40:00,-3.4,-4.36647180009,760.637549688,  ,  ,2.81126397694,5.10002535612,93.0,0.0,  ,  ,0.0,  ,  
2019-12-28 21:45:00,-3.4,-4.40454953199,760.665122745,  ,  ,2.90001441819,4.60002287023,92.7333333333,0.0,  ,  ,0.0,  ,  
2019-12-28 21:50:00,-3.4,-4.36647180009,760.712555856,  ,  ,2.54792933437,5.80002883637,93.0,0.0,  ,  ,0.0,  ,  
2019-12-28 21:55:00,-3.4,-4.36647180009,760.712555856,  ,  ,2.40001193229,5.80002883637,93.0,0.0,  ,  ,0.0,  ,  
2019-12-28 22:00:00,-3.4,-4.36647180009,760.740128913,  ,  ,2.54084596582,4.30002137869,93.0,0.0,  ,  ,0.0,  ,  
2019-12-28 22:05:00,-3.4,-4.36647180009,760.787562024,  ,  ,2.60001292665,5.00002485894,93.0,0.0,  ,  ,0.0,  ,  
2019-12-28 22:10:00,-3.4,-4.36647180009,760.787562024,  ,  ,2.60001292665,5.30002635048,93.0,0.0,  ,  ,0.0,  ,  
2019-12-28 22:15:00,-3.4,-4.36647180009,760.815034343,  ,  ,2.60001292665,5.60002784201,93.0,0.0,  ,  ,0.0,  ,  
2019-12-28 22:20:00,-3.4,-4.36647180009,760.862568192,  ,  ,2.95209801047,5.30002635048,93.0,0.0,  ,  ,0.0,  ,  
2019-12-28 22:25:00,-3.4,-4.36647180009,760.862568192,  ,  ,3.10001541254,6.10003032791,93.0,0.0,  ,  ,0.0,  ,  
2019-12-28 22:30:00,-3.4,-4.36647180009,760.890204014,  ,  ,3.10001541254,5.80002883637,93.0,0.0,  ,  ,0.0,  ,  
2019-12-28 22:35:00,-3.4,-4.36647180009,760.93757436,  ,  ,3.10001541254,5.60002784201,93.0,0.0,  ,  ,0.0,  ,  
2019-12-28 22:40:00,-3.4,-4.39680714518,760.93757436,  ,  ,3.31126646283,4.60002287023,92.7875,0.0,  ,  ,0.0,  ,  
2019-12-28 22:45:00,-3.4,-4.3789553767,760.965161122,  ,  ,3.40001690408,4.60002287023,92.9125,0.0,  ,  ,0.0,  ,  
2019-12-28 22:50:00,-3.4,-4.41408412799,761.012580528,  ,  ,2.9775148035,4.60002287023,92.6666666667,0.0,  ,  ,0.0,  ,  
2019-12-28 22:55:00,-3.4,-4.4684280496,761.012580528,  ,  ,2.80001392101,6.50003231662,92.2875,0.0,  ,  ,0.0,  ,  
2019-12-28 23:00:00,-3.44666666667,-4.45856025805,761.04013001,  ,  ,2.87043093777,5.30002635048,92.6791666667,0.0,  ,  ,0.0,  ,  
2019-12-28 23:05:00,-3.4,-4.36647180009,761.087586696,  ,  ,2.90001441819,4.60002287023,93.0,0.0,  ,  ,0.0,  ,  
2019-12-28 23:10:00,-3.4,-4.40931607029,761.087586696,  ,  ,2.82959740142,6.10003032791,92.7,0.0,  ,  ,0.0,  ,  
2019-12-28 23:15:00,-3.4,-4.36647180009,761.115159753,  ,  ,2.80001392101,4.30002137869,93.0,0.0,  ,  ,0.0,  ,  
2019-12-28 23:20:00,-3.4,-4.40157121666,761.162592864,  ,  ,2.80001392101,5.30002635048,92.7541666667,0.0,  ,  ,0.0,  ,  
2019-12-28 23:25:00,-3.4,-4.50976595784,761.162592864,  ,  ,2.80001392101,6.6000328138,92.0,0.0,  ,  ,0.0,  ,  
2019-12-28 23:30:00,-3.4,-4.50976595784,761.190161481,  ,  ,2.87043093777,6.50003231662,92.0,0.0,  ,  ,0.0,  ,  
2019-12-28 23:35:00,-3.4,-4.50976595784,761.237599032,  ,  ,2.90001441819,3.60001789844,92.0,0.0,  ,  ,0.0,  ,  
2019-12-28 23:40:00,-3.4,-4.50976595784,761.237599032,  ,  ,2.4775123176,5.60002784201,92.0,0.0,  ,  ,0.0,  ,  
2019-12-28 23:45:00,-3.42791666667,-4.53741881087,761.265172089,  ,  ,2.30001143511,5.80002883637,92.0,0.0,  ,  ,0.0,  ,  
2019-12-28 23:50:00,-3.40208333333,-4.51182960251,761.3126052,  ,  ,2.65209651893,5.60002784201,92.0,0.0,  ,  ,0.0,  ,  
  

    

