Time,TemperatureC,DewpointC,PressurehPa,WindDirection,WindDirectionDegrees,WindSpeedKMH,WindSpeedGustKMH,Humidity,HourlyPrecipMM,Conditions,Clouds,dailyrainMM,SoftwareType,DateUTC
                
2019-08-29 00:00:00,8.01333333333,7.3768901999,760.412531184,  ,  ,0.0,0.0,95.7541666667,0.0,  ,  ,0.0,  ,  
2019-08-29 00:05:00,7.99,7.2380606216,760.412531184,  ,  ,0.0,0.0,95.0,0.0,  ,  ,0.0,  ,  
2019-08-29 00:10:00,7.90541666667,7.15399414554,760.412531184,  ,  ,0.0,0.0,95.0,0.0,  ,  ,0.0,  ,  
2019-08-29 00:15:00,7.9,7.14861057207,760.412531184,  ,  ,0.0,0.0,95.0,0.0,  ,  ,0.0,  ,  
2019-08-29 00:20:00,7.83541666667,7.08442175551,760.457378311,  ,  ,0.0,0.0,95.0,0.0,  ,  ,0.0,  ,  
2019-08-29 00:25:00,7.8,7.04922139291,760.487537352,  ,  ,0.0,0.0,95.0,0.0,  ,  ,0.0,  ,  
2019-08-29 00:30:00,7.8,7.04922139291,760.487537352,  ,  ,0.0,0.0,95.0,0.0,  ,  ,0.0,  ,  
2019-08-29 00:35:00,7.8,7.04922139291,760.442727504,  ,  ,0.0,0.0,95.0,0.0,  ,  ,0.0,  ,  
2019-08-29 00:40:00,7.8,7.04922139291,760.412531184,  ,  ,0.0,0.0,95.0,0.0,  ,  ,0.0,  ,  
2019-08-29 00:45:00,7.76208333333,7.0115362644,760.412531184,  ,  ,0.0,0.0,95.0,0.0,  ,  ,0.0,  ,  
2019-08-29 00:50:00,7.7,6.94983196613,760.412531184,  ,  ,0.0,0.0,95.0,0.0,  ,  ,0.0,  ,  
2019-08-29 00:55:00,7.7,6.94983196613,760.412531184,  ,  ,0.0,0.0,95.0,0.0,  ,  ,0.0,  ,  
2019-08-29 01:00:00,7.69333333333,6.94320599554,760.412531184,  ,  ,0.0,0.0,95.0,0.0,  ,  ,0.0,  ,  
2019-08-29 01:05:00,7.60541666667,6.85582590544,760.412531184,  ,  ,0.0,0.0,95.0,0.0,  ,  ,0.0,  ,  
2019-08-29 01:10:00,7.6,6.85044229174,760.412531184,  ,  ,0.0,0.0,95.0,0.0,  ,  ,0.0,  ,  
2019-08-29 01:15:00,7.57208333333,6.92141864241,760.412531184,  ,  ,0.0,0.0,95.6458333333,0.0,  ,  ,0.0,  ,  
2019-08-29 01:20:00,7.5,6.90357482524,760.412531184,  ,  ,0.0,0.0,96.0,0.0,  ,  ,0.0,  ,  
2019-08-29 01:25:00,7.44875,6.85257381737,760.412531184,  ,  ,0.0,0.0,96.0,0.0,  ,  ,0.0,  ,  
2019-08-29 01:30:00,7.4,6.80406061543,760.412531184,  ,  ,0.0,0.0,96.0,0.0,  ,  ,0.0,  ,  
2019-08-29 01:35:00,7.33541666667,6.59066025928,760.457378311,  ,  ,0.0,0.0,95.0208333333,0.0,  ,  ,0.0,  ,  
2019-08-29 01:40:00,7.3,6.59492326837,760.487537352,  ,  ,0.0,0.0,95.2791666667,0.0,  ,  ,0.0,  ,  
2019-08-29 01:45:00,7.3,6.70454620818,760.487537352,  ,  ,0.0,0.0,96.0,0.0,  ,  ,0.0,  ,  
2019-08-29 01:50:00,7.28333333333,6.612009137,760.532384479,  ,  ,0.0,0.0,95.5,0.0,  ,  ,0.0,  ,  
2019-08-29 01:55:00,7.22875,6.63364207256,760.56254352,  ,  ,0.0,0.0,96.0,0.0,  ,  ,0.0,  ,  
2019-08-29 02:00:00,7.2,6.60503160349,760.56254352,  ,  ,0.0,0.0,96.0,0.0,  ,  ,0.0,  ,  
2019-08-29 02:05:00,7.2,6.50692843112,760.56254352,  ,  ,0.0,0.0,95.3541666667,0.0,  ,  ,0.0,  ,  
2019-08-29 02:10:00,7.2,6.45288111798,760.56254352,  ,  ,0.0,0.0,95.0,0.0,  ,  ,0.0,  ,  
2019-08-29 02:15:00,7.15875,6.4188843928,760.56254352,  ,  ,0.0,0.0,95.0458333333,0.0,  ,  ,0.0,  ,  
2019-08-29 02:20:00,7.1,6.50551680136,760.56254352,  ,  ,0.0,0.0,96.0,0.0,  ,  ,0.0,  ,  
2019-08-29 02:25:00,7.1,6.50551680136,760.56254352,  ,  ,0.0,0.0,96.0,0.0,  ,  ,0.0,  ,  
2019-08-29 02:30:00,7.1,6.50551680136,760.56254352,  ,  ,0.0,0.0,96.0,0.0,  ,  ,0.0,  ,  
2019-08-29 02:35:00,7.1,6.60296080981,760.652193217,  ,  ,0.0,0.0,96.6458333333,0.0,  ,  ,0.0,  ,  
2019-08-29 02:40:00,7.14333333333,6.69933087373,760.712555856,  ,  ,0.0,0.0,97.0,0.0,  ,  ,0.0,  ,  
2019-08-29 02:45:00,7.10666666667,6.6627970603,760.712555856,  ,  ,0.0,0.0,97.0,0.0,  ,  ,0.0,  ,  
2019-08-29 02:50:00,7.1,6.57598559366,760.802131031,  ,  ,0.0,0.0,96.4666666667,0.0,  ,  ,0.0,  ,  
2019-08-29 02:55:00,7.06208333333,6.59837565889,760.862568192,  ,  ,0.0,0.0,96.8666666667,0.0,  ,  ,0.0,  ,  
2019-08-29 03:00:00,7.00333333333,6.55983802478,760.862568192,  ,  ,0.0,0.0,97.0,0.0,  ,  ,0.0,  ,  
2019-08-29 03:05:00,6.93875,6.49548854755,760.817832903,  ,  ,0.0,0.0,97.0,0.0,  ,  ,0.0,  ,  
2019-08-29 03:10:00,6.9,6.45687883166,760.787562024,  ,  ,0.0,0.0,97.0,0.0,  ,  ,0.0,  ,  
2019-08-29 03:15:00,6.9,6.45687883166,760.787562024,  ,  ,0.0,0.0,97.0,0.0,  ,  ,0.0,  ,  
2019-08-29 03:20:00,6.9,6.45687883166,760.83227509,  ,  ,0.0,0.0,97.0,0.0,  ,  ,0.0,  ,  
2019-08-29 03:25:00,6.9,6.45687883166,760.862568192,  ,  ,0.0,0.0,97.0,0.0,  ,  ,0.0,  ,  
2019-08-29 03:30:00,6.9,6.45687883166,760.862568192,  ,  ,0.0,0.0,97.0,0.0,  ,  ,0.0,  ,  
2019-08-29 03:35:00,6.9,6.45687883166,760.907303481,  ,  ,0.0,0.0,97.0,0.0,  ,  ,0.0,  ,  
2019-08-29 03:40:00,6.9,6.45687883166,760.93757436,  ,  ,0.0,0.0,97.0,0.0,  ,  ,0.0,  ,  
2019-08-29 03:45:00,6.9,6.45687883166,760.93757436,  ,  ,0.0,0.0,97.0,0.0,  ,  ,0.0,  ,  
2019-08-29 03:50:00,6.88541666667,6.44234828768,760.93757436,  ,  ,0.0,0.0,97.0,0.0,  ,  ,0.0,  ,  
2019-08-29 03:55:00,6.8,6.35724075278,760.93757436,  ,  ,0.0,0.0,97.0,0.0,  ,  ,0.0,  ,  
2019-08-29 04:00:00,6.74875,6.30617618015,760.93757436,  ,  ,0.0,0.0,97.0,0.0,  ,  ,0.0,  ,  
2019-08-29 04:05:00,6.7,6.25760252631,760.848148228,  ,  ,0.0,0.0,97.0,0.0,  ,  ,0.0,  ,  
2019-08-29 04:10:00,6.66875,6.26315835727,760.787562024,  ,  ,0.0,0.0,97.2458333333,0.0,  ,  ,0.0,  ,  
2019-08-29 04:15:00,6.60333333333,6.20416633061,760.787562024,  ,  ,0.0,0.0,97.2875,0.0,  ,  ,0.0,  ,  
2019-08-29 04:20:00,6.6,6.17289152751,760.742826735,  ,  ,0.0,0.0,97.1,0.0,  ,  ,0.0,  ,  
2019-08-29 04:25:00,6.59,6.20948355175,760.712555856,  ,  ,0.0,0.0,97.4125,0.0,  ,  ,0.0,  ,  
2019-08-29 04:30:00,6.50541666667,6.21227537095,760.712555856,  ,  ,0.0,0.0,98.0,0.0,  ,  ,0.0,  ,  
2019-08-29 04:35:00,6.5,6.20687170054,760.712555856,  ,  ,0.0,0.0,98.0,0.0,  ,  ,0.0,  ,  
2019-08-29 04:40:00,6.47333333333,6.18026901125,760.712555856,  ,  ,0.0,0.0,98.0,0.0,  ,  ,0.0,  ,  
2019-08-29 04:45:00,6.46,6.16696766399,760.712555856,  ,  ,0.0,0.0,98.0,0.0,  ,  ,0.0,  ,  
2019-08-29 04:50:00,6.44541666667,6.15241931343,760.712555856,  ,  ,0.0,0.0,98.0,0.0,  ,  ,0.0,  ,  
2019-08-29 04:55:00,6.4,6.10711157974,760.712555856,  ,  ,0.0,0.0,98.0,0.0,  ,  ,0.0,  ,  
2019-08-29 05:00:00,6.4,6.10711157974,760.712555856,  ,  ,0.0,0.0,98.0,0.0,  ,  ,0.0,  ,  
2019-08-29 05:05:00,6.4,6.10711157974,760.712555856,  ,  ,0.0,0.0,98.0,0.0,  ,  ,0.0,  ,  
2019-08-29 05:10:00,6.39208333333,6.09921389932,760.712555856,  ,  ,0.0,0.0,98.0,0.0,  ,  ,0.0,  ,  
2019-08-29 05:15:00,6.31333333333,6.02065272904,760.712555856,  ,  ,0.0,0.0,98.0,0.0,  ,  ,0.0,  ,  
2019-08-29 05:20:00,6.3,6.00735136086,760.757268922,  ,  ,0.0,0.0,98.0,0.0,  ,  ,0.0,  ,  
2019-08-29 05:25:00,6.3,6.00735136086,760.787562024,  ,  ,0.0,0.0,98.0,0.0,  ,  ,0.0,  ,  
2019-08-29 05:30:00,6.3,6.00735136086,760.787562024,  ,  ,0.0,0.0,98.0,0.0,  ,  ,0.0,  ,  
2019-08-29 05:35:00,6.3,6.00735136086,760.832297313,  ,  ,0.0,0.0,98.0,0.0,  ,  ,0.0,  ,  
2019-08-29 05:40:00,6.3,6.00735136086,760.862568192,  ,  ,0.0,0.0,98.0,0.0,  ,  ,0.0,  ,  
2019-08-29 05:45:00,6.3,6.00735136086,760.862568192,  ,  ,0.0,0.0,98.0,0.0,  ,  ,0.0,  ,  
2019-08-29 05:50:00,6.3,6.00735136086,760.862568192,  ,  ,0.0,0.0,98.0,0.0,  ,  ,0.0,  ,  
2019-08-29 05:55:00,6.3,6.00735136086,760.862568192,  ,  ,0.0,0.0,98.0,0.0,  ,  ,0.0,  ,  
2019-08-29 06:00:00,6.3,6.00735136086,760.862568192,  ,  ,0.0,0.0,98.0,0.0,  ,  ,0.0,  ,  
2019-08-29 06:05:00,6.3,6.00735136086,760.907281258,  ,  ,0.0,0.0,98.0,0.0,  ,  ,0.0,  ,  
2019-08-29 06:10:00,6.3,6.00735136086,760.93757436,  ,  ,0.0,0.0,98.0,0.0,  ,  ,0.0,  ,  
2019-08-29 06:15:00,6.38458333333,6.17217465796,760.93757436,  ,  ,0.0,0.0,98.5458333333,0.0,  ,  ,0.0,  ,  
2019-08-29 06:20:00,6.5225,6.37656118885,760.982309649,  ,  ,0.0,0.0,99.0,0.0,  ,  ,0.0,  ,  
2019-08-29 06:25:00,6.61125,6.46520513351,761.012580528,  ,  ,0.0,0.0,99.0,0.0,  ,  ,0.0,  ,  
2019-08-29 06:30:00,6.72458333333,6.5784029787,761.012580528,  ,  ,0.0,0.0,99.0,0.0,  ,  ,0.0,  ,  
2019-08-29 06:35:00,6.84458333333,6.69825945224,761.012580528,  ,  ,0.0,0.0,99.0,0.0,  ,  ,0.0,  ,  
2019-08-29 06:40:00,7.0225,6.87596319145,761.012580528,  ,  ,0.0,0.0,99.0,0.0,  ,  ,0.0,  ,  
2019-08-29 06:45:00,7.2125,7.06573563205,761.012580528,  ,  ,0.0,0.0,99.0,0.0,  ,  ,0.0,  ,  
2019-08-29 06:50:00,7.39916666667,7.25217855975,761.057217249,  ,  ,0.0,0.0,99.0,0.0,  ,  ,0.0,  ,  
2019-08-29 06:55:00,7.61583333333,7.46858531584,761.087586696,  ,  ,0.0,0.0,99.0,0.0,  ,  ,0.0,  ,  
2019-08-29 07:00:00,7.80916666667,7.64995507485,761.087586696,  ,  ,0.0,0.0,98.9208333333,0.0,  ,  ,0.0,  ,  
2019-08-29 07:05:00,8.145,7.81603304969,761.087586696,  ,  ,0.0,0.0,97.7875,0.0,  ,  ,0.0,  ,  
2019-08-29 07:10:00,8.455,7.97398289909,761.087586696,  ,  ,0.0,0.900004474609,96.7875,0.0,  ,  ,0.0,  ,  
2019-08-29 07:15:00,8.78708333333,8.12098412968,761.087586696,  ,  ,0.0,1.60000795486,95.5875,0.0,  ,  ,0.0,  ,  
2019-08-29 07:20:00,9.185,8.35114247297,761.087586696,  ,  ,0.0,1.4000069605,94.5208333333,0.0,  ,  ,0.0,  ,  
2019-08-29 07:25:00,9.57833333333,8.52455043887,761.087586696,  ,  ,0.0,1.80000894922,93.1416666667,0.0,  ,  ,0.0,  ,  
2019-08-29 07:30:00,9.94833333333,8.70684091117,761.087586696,  ,  ,0.542502697195,1.60000795486,91.9875,0.0,  ,  ,0.0,  ,  
2019-08-29 07:35:00,10.31375,8.9085979299,761.087586696,  ,  ,0.600002983073,1.30000646332,91.0,0.0,  ,  ,0.0,  ,  
2019-08-29 07:40:00,10.7116666667,9.20715983623,761.087586696,  ,  ,0.0575002858778,1.4000069605,90.4208333333,0.0,  ,  ,0.0,  ,  
2019-08-29 07:45:00,11.0204166667,9.22226466692,761.087586696,  ,  ,0.0,2.10001044075,88.675,0.0,  ,  ,0.0,  ,  
2019-08-29 07:50:00,11.3070833333,9.28159522676,761.132321985,  ,  ,0.0,0.80000397743,87.3541666667,0.0,  ,  ,0.0,  ,  
2019-08-29 07:55:00,11.62375,9.3987407026,761.162592864,  ,  ,0.0,0.900004474609,86.2208333333,0.0,  ,  ,0.0,  ,  
2019-08-29 08:00:00,11.8379166667,9.51089549169,761.162592864,  ,  ,0.0,1.30000646332,85.6541666667,0.0,  ,  ,0.0,  ,  
2019-08-29 08:05:00,12.1004166667,9.49933529162,761.117879798,  ,  ,0.0,1.9000094464,84.1208333333,0.0,  ,  ,0.0,  ,  
2019-08-29 08:10:00,12.3191666667,9.46129681951,761.087586696,  ,  ,0.0,1.4000069605,82.7083333333,0.0,  ,  ,0.0,  ,  
2019-08-29 08:15:00,12.625,9.45075493595,761.087586696,  ,  ,0.0,1.80000894922,81.0083333333,0.0,  ,  ,0.0,  ,  
2019-08-29 08:20:00,12.85125,9.42649023168,761.042851407,  ,  ,0.0,1.60000795486,79.6875,0.0,  ,  ,0.0,  ,  
2019-08-29 08:25:00,13.0525,9.42400063832,761.012580528,  ,  ,0.0,2.90001441819,78.6333333333,0.0,  ,  ,0.0,  ,  
2019-08-29 08:30:00,13.20125,9.46477078516,761.012580528,  ,  ,0.542502697195,2.40001193229,78.0875,0.0,  ,  ,0.0,  ,  
2019-08-29 08:35:00,13.3091666667,9.50819039373,761.012580528,  ,  ,0.600002983073,2.60001292665,77.7666666667,0.0,  ,  ,0.0,  ,  
2019-08-29 08:40:00,13.4,9.5707316175,761.012580528,  ,  ,0.600002983073,3.60001789844,77.6333333333,0.0,  ,  ,0.0,  ,  
2019-08-29 08:45:00,13.43125,9.74990443964,761.012580528,  ,  ,0.600002983073,3.3000164069,78.4125,0.0,  ,  ,0.0,  ,  
2019-08-29 08:50:00,13.5958333333,10.0551000436,760.967867462,  ,  ,0.87125433167,2.60001292665,79.1791666667,0.0,  ,  ,0.0,  ,  
2019-08-29 08:55:00,13.7,10.1263996585,760.93757436,  ,  ,0.900004474609,3.60001789844,79.0208333333,0.0,  ,  ,0.0,  ,  
2019-08-29 09:00:00,13.73125,10.1678111875,760.93757436,  ,  ,1.08083870701,3.10001541254,79.0791666667,0.0,  ,  ,0.0,  ,  
2019-08-29 09:05:00,13.93375,10.3788207602,760.892839071,  ,  ,1.10000546897,3.10001541254,79.1541666667,0.0,  ,  ,0.0,  ,  
2019-08-29 09:10:00,14.2270833333,10.5814583973,760.862568192,  ,  ,0.828754120369,1.60000795486,78.7208333333,0.0,  ,  ,0.0,  ,  
2019-08-29 09:15:00,14.4691666667,10.663001899,760.862568192,  ,  ,0.80000397743,2.40001193229,77.9208333333,0.0,  ,  ,0.0,  ,  
2019-08-29 09:20:00,14.6545833333,10.8219274276,760.773146424,  ,  ,0.619169745032,1.30000646332,77.8125,0.0,  ,  ,0.0,  ,  
2019-08-29 09:25:00,14.7991666667,10.8277360998,760.712555856,  ,  ,0.600002983073,1.80000894922,77.1208333333,0.0,  ,  ,0.0,  ,  
2019-08-29 09:30:00,15.0058333333,10.9389691113,760.712555856,  ,  ,0.0575002858778,1.9000094464,76.6666666667,0.0,  ,  ,0.0,  ,  
2019-08-29 09:35:00,15.1925,10.969844551,760.667777174,  ,  ,0.0,3.3000164069,75.9083333333,0.0,  ,  ,0.0,  ,  
2019-08-29 09:40:00,15.2320833333,10.8293615016,760.637549688,  ,  ,0.542502697195,2.40001193229,75.0125,0.0,  ,  ,0.0,  ,  
2019-08-29 09:45:00,15.2045833333,10.7777242408,760.637549688,  ,  ,0.600002983073,1.9000094464,74.8875,0.0,  ,  ,0.0,  ,  
2019-08-29 09:50:00,15.2845833333,11.0199442078,760.637549688,  ,  ,0.780837215471,1.60000795486,75.7125,0.0,  ,  ,0.0,  ,  
2019-08-29 09:55:00,15.4825,11.2659738149,760.637549688,  ,  ,0.80000397743,1.10000546897,75.9875,0.0,  ,  ,0.0,  ,  
2019-08-29 10:00:00,15.7670833333,11.3030241688,760.637549688,  ,  ,0.0766670478371,1.10000546897,74.8,0.0,  ,  ,0.0,  ,  
2019-08-29 10:05:00,16.06375,11.6432129156,760.548123556,  ,  ,0.0,0.80000397743,75.0666666667,0.0,  ,  ,0.0,  ,  
2019-08-29 10:10:00,16.3125,11.5654487082,760.487537352,  ,  ,0.0,2.30001143511,73.5083333333,0.0,  ,  ,0.0,  ,  
2019-08-29 10:15:00,16.5883333333,11.8473911152,760.487537352,  ,  ,0.0,3.3000164069,73.5875,0.0,  ,  ,0.0,  ,  
2019-08-29 10:20:00,16.75875,11.6007049192,760.442802063,  ,  ,0.542502697195,3.60001789844,71.6208333333,0.0,  ,  ,0.0,  ,  
2019-08-29 10:25:00,16.7,11.6198605442,760.412531184,  ,  ,0.600002983073,2.30001143511,71.9791666667,0.0,  ,  ,0.0,  ,  
2019-08-29 10:30:00,16.7658333333,11.6523685514,760.412531184,  ,  ,0.600002983073,2.10001044075,71.8333333333,0.0,  ,  ,0.0,  ,  
2019-08-29 10:35:00,16.90125,11.6144823182,760.323105052,  ,  ,0.600002983073,2.30001143511,71.0416666667,0.0,  ,  ,0.0,  ,  
2019-08-29 10:40:00,17.08375,11.6663143862,760.262518848,  ,  ,0.600002983073,1.80000894922,70.4666666667,0.0,  ,  ,0.0,  ,  
2019-08-29 10:45:00,17.5995833333,11.8501150539,760.262518848,  ,  ,0.600002983073,1.9000094464,69.0416666667,0.0,  ,  ,0.0,  ,  
2019-08-29 10:50:00,17.8766666667,11.7063774039,760.173092716,  ,  ,0.0575002858778,2.40001193229,67.2083333333,0.0,  ,  ,0.0,  ,  
2019-08-29 10:55:00,17.78125,11.6867081058,760.112506512,  ,  ,0.0,1.10000546897,67.525,0.0,  ,  ,0.0,  ,  
2019-08-29 11:00:00,17.91,11.6353925406,760.112506512,  ,  ,0.542502697195,3.3000164069,66.7541666667,0.0,  ,  ,0.0,  ,  
2019-08-29 11:05:00,17.9079166667,11.8195628611,760.067773239,  ,  ,0.600002983073,2.60001292665,67.5791666667,0.0,  ,  ,0.0,  ,  
2019-08-29 11:10:00,18.1604166667,11.8376335652,760.037500344,  ,  ,0.780837215471,2.90001441819,66.5958333333,0.0,  ,  ,0.0,  ,  
2019-08-29 11:15:00,18.3245833333,11.714060509,760.037500344,  ,  ,0.80000397743,2.30001143511,65.3791666667,0.0,  ,  ,0.0,  ,  
2019-08-29 11:20:00,18.43,11.6138385975,759.948074212,  ,  ,0.619169745032,3.60001789844,64.5208333333,0.0,  ,  ,0.0,  ,  
2019-08-29 11:25:00,18.36125,11.6655787057,759.887488008,  ,  ,0.600002983073,1.9000094464,65.0208333333,0.0,  ,  ,0.0,  ,  
2019-08-29 11:30:00,18.6904166667,11.5361814901,759.887488008,  ,  ,0.600002983073,2.80001392101,63.1541666667,0.0,  ,  ,0.0,  ,  
2019-08-29 11:35:00,18.96375,11.5800471623,759.842752719,  ,  ,0.600002983073,2.90001441819,62.2666666667,0.0,  ,  ,0.0,  ,  
2019-08-29 11:40:00,18.9941666667,11.4642631527,759.81248184,  ,  ,0.780837215471,3.80001889279,61.675,0.0,  ,  ,0.0,  ,  
2019-08-29 11:45:00,18.7941666667,11.2931545451,759.81248184,  ,  ,0.80000397743,3.80001889279,61.7458333333,0.0,  ,  ,0.0,  ,  
2019-08-29 11:50:00,18.6420833333,11.1905043499,759.81248184,  ,  ,1.07125532603,3.90001938997,61.9125,0.0,  ,  ,0.0,  ,  
2019-08-29 11:55:00,18.6845833333,11.2000655379,759.81248184,  ,  ,1.10000546897,3.10001541254,61.7875,0.0,  ,  ,0.0,  ,  
2019-08-29 12:00:00,18.7879166667,11.341192004,759.81248184,  ,  ,1.28083970137,3.90001938997,61.9666666667,0.0,  ,  ,0.0,  ,  
2019-08-29 12:05:00,18.8,11.0708889633,759.767768774,  ,  ,1.30000646332,3.80001889279,60.8208333333,0.0,  ,  ,0.0,  ,  
2019-08-29 12:10:00,18.75,10.757501609,759.737475672,  ,  ,1.30000646332,4.80002386458,59.7541666667,0.0,  ,  ,0.0,  ,  
2019-08-29 12:15:00,18.8879166667,10.9184148705,759.737475672,  ,  ,1.30000646332,3.90001938997,59.8791666667,0.0,  ,  ,0.0,  ,  
2019-08-29 12:20:00,19.14375,11.4190552162,759.692740383,  ,  ,0.938337998528,3.10001541254,60.9208333333,0.0,  ,  ,0.0,  ,  
2019-08-29 12:25:00,19.2991666667,11.2085870785,759.662469504,  ,  ,0.900004474609,2.40001193229,59.5,0.0,  ,  ,0.0,  ,  
2019-08-29 12:30:00,19.5625,11.2360464881,759.662469504,  ,  ,0.80958735841,2.80001392101,58.6416666667,0.0,  ,  ,0.0,  ,  
2019-08-29 12:35:00,19.6979166667,11.167392348,759.617756438,  ,  ,0.80000397743,2.60001292665,57.8875,0.0,  ,  ,0.0,  ,  
2019-08-29 12:40:00,19.6633333333,11.0020951561,759.587463336,  ,  ,0.80000397743,3.3000164069,57.3791666667,0.0,  ,  ,0.0,  ,  
2019-08-29 12:45:00,19.7958333333,11.2708755383,759.587463336,  ,  ,0.80000397743,2.90001441819,57.9333333333,0.0,  ,  ,0.0,  ,  
2019-08-29 12:50:00,20.07375,11.4696335391,759.542730063,  ,  ,0.80000397743,2.40001193229,57.7,0.0,  ,  ,0.0,  ,  
2019-08-29 12:55:00,20.2033333333,11.7852910406,759.512457168,  ,  ,0.80000397743,1.10000546897,58.4458333333,0.0,  ,  ,0.0,  ,  
2019-08-29 13:00:00,20.0729166667,11.5037680123,759.512457168,  ,  ,0.619169745032,3.3000164069,57.8333333333,0.0,  ,  ,0.0,  ,  
2019-08-29 13:05:00,19.9233333333,11.3694045504,759.512457168,  ,  ,0.600002983073,3.3000164069,57.8541666667,0.0,  ,  ,0.0,  ,  
2019-08-29 13:10:00,19.9433333333,11.3007951686,759.512457168,  ,  ,1.05208856407,3.10001541254,57.5208333333,0.0,  ,  ,0.0,  ,  
2019-08-29 13:15:00,19.8066666667,11.3016269945,759.512457168,  ,  ,1.10000546897,2.80001392101,58.0125,0.0,  ,  ,0.0,  ,  
2019-08-29 13:20:00,20.0504166667,11.2600862457,759.423031036,  ,  ,1.10000546897,3.3000164069,56.9875,0.0,  ,  ,0.0,  ,  
2019-08-29 13:25:00,20.2245833333,11.5316589219,759.362444832,  ,  ,1.10000546897,2.90001441819,57.4,0.0,  ,  ,0.0,  ,  
2019-08-29 13:30:00,20.29,11.4015658346,759.362444832,  ,  ,0.828754120369,2.80001392101,56.6791666667,0.0,  ,  ,0.0,  ,  
2019-08-29 13:35:00,20.3,11.3652651152,759.272974254,  ,  ,0.80000397743,3.3000164069,56.5083333333,0.0,  ,  ,0.0,  ,  
2019-08-29 13:40:00,20.3358333333,11.2946931111,759.212432496,  ,  ,0.80000397743,2.80001392101,56.1208333333,0.0,  ,  ,0.0,  ,  
2019-08-29 13:45:00,20.4420833333,11.268609495,759.212432496,  ,  ,0.80000397743,2.80001392101,55.6583333333,0.0,  ,  ,0.0,  ,  
2019-08-29 13:50:00,20.5291666667,11.4836919862,759.167734486,  ,  ,0.80000397743,1.80000894922,56.1541666667,0.0,  ,  ,0.0,  ,  
2019-08-29 13:55:00,20.61,11.3874101444,759.137426328,  ,  ,0.80000397743,2.40001193229,55.5208333333,0.0,  ,  ,0.0,  ,  
2019-08-29 14:00:00,20.6379166667,11.4745231735,759.137426328,  ,  ,0.619169745032,2.60001292665,55.7458333333,0.0,  ,  ,0.0,  ,  
2019-08-29 14:05:00,20.8358333333,11.6246454355,759.048000196,  ,  ,0.600002983073,2.90001441819,55.6208333333,0.0,  ,  ,0.0,  ,  
2019-08-29 14:10:00,21.0025,11.8318116763,758.987413992,  ,  ,0.780837215471,1.9000094464,55.8125,0.0,  ,  ,0.0,  ,  
2019-08-29 14:15:00,21.1045833333,11.7376363709,758.987413992,  ,  ,0.80000397743,1.80000894922,55.1208333333,0.0,  ,  ,0.0,  ,  
2019-08-29 14:20:00,21.23125,11.8036150016,758.897943414,  ,  ,0.619169745032,2.90001441819,54.9333333333,0.0,  ,  ,0.0,  ,  
2019-08-29 14:25:00,21.36125,11.9058872559,758.837401656,  ,  ,0.600002983073,1.60000795486,54.8666666667,0.0,  ,  ,0.0,  ,  
2019-08-29 14:30:00,21.41,11.7901296182,758.837401656,  ,  ,0.600002983073,2.40001193229,54.2875,0.0,  ,  ,0.0,  ,  
2019-08-29 14:35:00,21.4133333333,11.9357795238,758.792735483,  ,  ,0.600002983073,2.30001143511,54.8,0.0,  ,  ,0.0,  ,  
2019-08-29 14:40:00,21.3754166667,11.9167331004,758.762395488,  ,  ,0.600002983073,1.60000795486,54.8583333333,0.0,  ,  ,0.0,  ,  
2019-08-29 14:45:00,21.3145833333,12.0425155584,758.762395488,  ,  ,0.600002983073,2.40001193229,55.5208333333,0.0,  ,  ,0.0,  ,  
2019-08-29 14:50:00,21.2029166667,11.749685415,758.672928942,  ,  ,0.600002983073,3.10001541254,54.8333333333,0.0,  ,  ,0.0,  ,  
2019-08-29 14:55:00,21.06875,11.7626668059,758.612383152,  ,  ,0.600002983073,2.90001441819,55.3333333333,0.0,  ,  ,0.0,  ,  
2019-08-29 15:00:00,21.1225,12.0248644042,758.612383152,  ,  ,0.780916745604,1.80000894922,56.1125,0.0,  ,  ,0.0,  ,  
2019-08-29 15:05:00,21.3379166667,12.0824455666,758.567566034,  ,  ,0.80000397743,3.10001541254,55.5875,0.0,  ,  ,0.0,  ,  
2019-08-29 15:10:00,21.2320833333,11.9270277126,758.537376984,  ,  ,0.80000397743,2.80001392101,55.3791666667,0.0,  ,  ,0.0,  ,  
2019-08-29 15:15:00,21.2345833333,12.1077408452,758.537376984,  ,  ,0.80000397743,2.40001193229,56.0333333333,0.0,  ,  ,0.0,  ,  
2019-08-29 15:20:00,21.3045833333,12.2721348821,758.492626657,  ,  ,0.80000397743,2.40001193229,56.4,0.0,  ,  ,0.0,  ,  
2019-08-29 15:25:00,21.3733333333,12.1881535876,758.462370816,  ,  ,0.80000397743,2.40001193229,55.8541666667,0.0,  ,  ,0.0,  ,  
2019-08-29 15:30:00,21.4066666667,12.1532073985,758.462370816,  ,  ,0.619169745032,2.60001292665,55.6125,0.0,  ,  ,0.0,  ,  
2019-08-29 15:35:00,21.4991666667,12.4533784323,758.372900238,  ,  ,0.600002983073,2.80001392101,56.4,0.0,  ,  ,0.0,  ,  
2019-08-29 15:40:00,21.6679166667,12.4166582407,758.31235848,  ,  ,0.600002983073,2.30001143511,55.6875,0.0,  ,  ,0.0,  ,  
2019-08-29 15:45:00,21.6820833333,12.286698955,758.31235848,  ,  ,0.600002983073,2.60001292665,55.1666666667,0.0,  ,  ,0.0,  ,  
2019-08-29 15:50:00,21.69125,12.2583781788,758.26766047,  ,  ,0.600002983073,2.30001143511,55.0333333333,0.0,  ,  ,0.0,  ,  
2019-08-29 15:55:00,21.7,12.2572816542,758.237352312,  ,  ,0.600002983073,2.40001193229,55.0,0.0,  ,  ,0.0,  ,  
2019-08-29 16:00:00,21.7,12.3125383532,758.237352312,  ,  ,0.600002983073,2.40001193229,55.2,0.0,  ,  ,0.0,  ,  
2019-08-29 16:05:00,21.66875,12.1913379091,758.192639246,  ,  ,0.600002983073,2.80001392101,54.8666666667,0.0,  ,  ,0.0,  ,  
2019-08-29 16:10:00,21.6658333333,12.3541838175,758.162346144,  ,  ,0.780837215471,2.30001143511,55.4666666667,0.0,  ,  ,0.0,  ,  
2019-08-29 16:15:00,21.7833333333,12.5855031255,758.162346144,  ,  ,0.80000397743,2.60001292665,55.9125,0.0,  ,  ,0.0,  ,  
2019-08-29 16:20:00,21.89125,12.6859033247,758.117610855,  ,  ,0.619169745032,2.10001044075,55.9125,0.0,  ,  ,0.0,  ,  
2019-08-29 16:25:00,21.9066666667,12.5894862537,758.087339976,  ,  ,0.600002983073,3.10001541254,55.5083333333,0.0,  ,  ,0.0,  ,  
2019-08-29 16:30:00,21.8620833333,12.6223191414,758.087339976,  ,  ,0.600002983073,2.10001044075,55.7791666667,0.0,  ,  ,0.0,  ,  
2019-08-29 16:35:00,21.7966666667,12.8508141934,758.04262691,  ,  ,0.600002983073,1.80000894922,56.8458333333,0.0,  ,  ,0.0,  ,  
2019-08-29 16:40:00,21.8033333333,13.1625937768,758.012333808,  ,  ,0.0575002858778,1.60000795486,57.9916666667,0.0,  ,  ,0.0,  ,  
2019-08-29 16:45:00,21.8,13.4012183481,758.012333808,  ,  ,0.0,2.10001044075,58.9125,0.0,  ,  ,0.0,  ,  
2019-08-29 16:50:00,21.8,13.5558768762,757.967600535,  ,  ,0.542502697195,2.40001193229,59.5083333333,0.0,  ,  ,0.0,  ,  
2019-08-29 16:55:00,21.8679166667,13.4995546688,757.93732764,  ,  ,0.600002983073,0.900004474609,59.0458333333,0.0,  ,  ,0.0,  ,  
2019-08-29 17:00:00,22.0325,13.5687767772,757.93732764,  ,  ,0.05726169548,1.60000795486,58.7208333333,0.0,  ,  ,0.0,  ,  
2019-08-29 17:05:00,21.9841666667,13.2331414759,757.892466237,  ,  ,0.0,2.40001193229,57.6208333333,0.0,  ,  ,0.0,  ,  
2019-08-29 17:10:00,21.7195833333,12.9395252843,757.862321472,  ,  ,0.545002709625,2.10001044075,57.4458333333,0.0,  ,  ,0.0,  ,  
2019-08-29 17:15:00,21.5020746888,12.8920024806,757.862321472,  ,  ,0.600002983073,3.10001541254,58.0331950207,0.0,  ,  ,0.0,  ,  
2019-08-29 17:20:00,21.4083333333,12.6810601465,757.817496623,  ,  ,0.781670552948,3.40001690408,57.5666666667,0.0,  ,  ,0.0,  ,  
2019-08-29 17:25:00,21.36,12.7460730721,757.787315304,  ,  ,0.80000397743,2.40001193229,57.9833333333,0.0,  ,  ,0.0,  ,  
2019-08-29 17:30:00,21.4,12.8842088901,757.787315304,  ,  ,0.80000397743,1.9000094464,58.3666666667,0.0,  ,  ,0.0,  ,  
2019-08-29 17:35:00,21.4766666667,13.1212065399,757.742468177,  ,  ,0.80000397743,1.10000546897,59.0,0.0,  ,  ,0.0,  ,  
2019-08-29 17:40:00,21.5416666667,13.1820826018,757.712309136,  ,  ,0.0733336979311,2.10001044075,59.0,0.0,  ,  ,0.0,  ,  
2019-08-29 17:45:00,21.4,13.1314166989,757.712309136,  ,  ,0.0,1.60000795486,59.3166666667,0.0,  ,  ,0.0,  ,  
2019-08-29 17:50:00,21.3766666667,13.2254160747,757.667484287,  ,  ,0.545002709625,2.30001143511,59.7666666667,0.0,  ,  ,0.0,  ,  
2019-08-29 17:55:00,21.3516666667,13.2872833782,757.637302968,  ,  ,0.600002983073,1.9000094464,60.1,0.0,  ,  ,0.0,  ,  
2019-08-29 18:00:00,21.3016666667,13.2148052433,757.637302968,  ,  ,0.600002983073,2.10001044075,60.0,0.0,  ,  ,0.0,  ,  
2019-08-29 18:05:00,21.2116666667,13.1813499958,757.592478119,  ,  ,0.600002983073,2.10001044075,60.2,0.0,  ,  ,0.0,  ,  
2019-08-29 18:10:00,21.1083333333,13.2657695888,757.5622968,  ,  ,0.0550002734483,2.40001193229,60.9166666667,0.0,  ,  ,0.0,  ,  
2019-08-29 18:15:00,20.9133333333,13.3321098922,757.5622968,  ,  ,0.0,1.80000894922,61.9166666667,0.0,  ,  ,0.0,  ,  
2019-08-29 18:20:00,20.9033333333,13.5117283145,757.472602545,  ,  ,0.545002709625,2.10001044075,62.6833333333,0.0,  ,  ,0.0,  ,  
2019-08-29 18:25:00,20.795,13.7292104899,757.412284464,  ,  ,0.600002983073,2.40001193229,64.0,0.0,  ,  ,0.0,  ,  
2019-08-29 18:30:00,20.7083333333,14.1839776884,757.412284464,  ,  ,0.600002983073,0.600002983073,66.2666666667,0.0,  ,  ,0.0,  ,  
2019-08-29 18:35:00,20.7,14.560530529,757.322682298,  ,  ,0.600002983073,0.80000397743,67.9333333333,0.0,  ,  ,0.0,  ,  
2019-08-29 18:40:00,20.615,14.3114929666,757.262272128,  ,  ,0.0550002734483,1.30000646332,67.2,0.0,  ,  ,0.0,  ,  
2019-08-29 18:45:00,20.44,14.041157916,757.262272128,  ,  ,0.0,0.600002983073,66.75,0.0,  ,  ,0.0,  ,  
2019-08-29 18:50:00,20.3716666667,13.7278538621,757.217426177,  ,  ,0.0,0.0,65.6833333333,0.0,  ,  ,0.0,  ,  
2019-08-29 18:55:00,20.2133333333,13.4168142592,757.18726596,  ,  ,0.0,0.80000397743,65.0,0.0,  ,  ,0.0,  ,  
2019-08-29 19:00:00,19.9716666667,13.1877108916,757.18726596,  ,  ,0.0,0.80000397743,65.0,0.0,  ,  ,0.0,  ,  
2019-08-29 19:05:00,19.6816666667,12.9127719151,757.142418833,  ,  ,0.0,0.600002983073,65.0,0.0,  ,  ,0.0,  ,  
2019-08-29 19:10:00,19.3583333333,12.7348773972,757.112259792,  ,  ,0.0,0.0,65.55,0.0,  ,  ,0.0,  ,  
2019-08-29 19:15:00,19.1583333333,12.8259112485,757.112259792,  ,  ,0.0,0.0,66.7666666667,0.0,  ,  ,0.0,  ,  
2019-08-29 19:20:00,18.945,13.0594488041,757.112259792,  ,  ,0.0,0.0,68.7,0.0,  ,  ,0.0,  ,  
2019-08-29 19:25:00,18.74,13.1653589263,757.112259792,  ,  ,0.0,0.0,70.0666666667,0.0,  ,  ,0.0,  ,  
2019-08-29 19:30:00,18.4783333333,12.9839513654,757.112259792,  ,  ,0.0,0.0,70.3833333333,0.0,  ,  ,0.0,  ,  
2019-08-29 19:35:00,18.1933333333,12.736340341,757.112259792,  ,  ,0.0,0.0,70.5,0.0,  ,  ,0.0,  ,  
2019-08-29 19:40:00,17.8766666667,12.7613929162,757.112259792,  ,  ,0.0,0.0,72.0333333333,0.0,  ,  ,0.0,  ,  
2019-08-29 19:45:00,17.5516666667,12.8880666275,757.112259792,  ,  ,0.0,0.0,74.1333333333,0.0,  ,  ,0.0,  ,  
2019-08-29 19:50:00,17.2416666667,12.8040939072,757.112259792,  ,  ,0.0,0.0,75.1833333333,0.0,  ,  ,0.0,  ,  
2019-08-29 19:55:00,16.8733333333,12.6099067886,757.112259792,  ,  ,0.0,0.0,75.9833333333,0.0,  ,  ,0.0,  ,  
2019-08-29 20:00:00,16.5816666667,12.6587790516,757.112259792,  ,  ,0.0,0.0,77.65,0.0,  ,  ,0.0,  ,  
2019-08-29 20:05:00,16.2583333333,12.4073402171,757.067434943,  ,  ,0.0,0.0,77.9666666667,0.0,  ,  ,0.0,  ,  
2019-08-29 20:10:00,15.9316666667,12.2682867994,757.037253624,  ,  ,0.0,0.0,78.8833333333,0.0,  ,  ,0.0,  ,  
2019-08-29 20:15:00,15.6366666667,12.128711648,757.037253624,  ,  ,0.0,0.0,79.65,0.0,  ,  ,0.0,  ,  
2019-08-29 20:20:00,15.3266666667,11.9379590016,757.037253624,  ,  ,0.0,0.0,80.2333333333,0.0,  ,  ,0.0,  ,  
2019-08-29 20:25:00,15.0416666667,11.8109122007,757.037253624,  ,  ,0.0,0.0,81.0333333333,0.0,  ,  ,0.0,  ,  
2019-08-29 20:30:00,14.7733333333,11.7259062016,757.037253624,  ,  ,0.0,0.0,81.9833333333,0.0,  ,  ,0.0,  ,  
2019-08-29 20:35:00,14.5583333333,11.772509959,757.037253624,  ,  ,0.0,0.0,83.3833333333,0.0,  ,  ,0.0,  ,  
2019-08-29 20:40:00,14.33,11.6607502857,757.037253624,  ,  ,0.0,0.0,84.0,0.0,  ,  ,0.0,  ,  
2019-08-29 20:45:00,14.1516666667,11.5191547554,757.037253624,  ,  ,0.0,0.0,84.1833333333,0.0,  ,  ,0.0,  ,  
2019-08-29 20:50:00,13.94,11.4578009822,757.037253624,  ,  ,0.0,0.0,85.0,0.0,  ,  ,0.0,  ,  
2019-08-29 20:55:00,13.7566666667,11.3872727374,757.037253624,  ,  ,0.0,0.0,85.6166666667,0.0,  ,  ,0.0,  ,  
2019-08-29 21:00:00,13.62,11.4169716141,757.037253624,  ,  ,0.0,0.0,86.55,0.0,  ,  ,0.0,  ,  
2019-08-29 21:05:00,13.4033333333,11.2823737165,756.992406497,  ,  ,0.0,0.0,87.0,0.0,  ,  ,0.0,  ,  
2019-08-29 21:10:00,13.255,11.2431182275,756.962247456,  ,  ,0.0,0.0,87.6166666667,0.0,  ,  ,0.0,  ,  
2019-08-29 21:15:00,13.1066666667,11.1629984649,756.962247456,  ,  ,0.0,0.0,88.0,0.0,  ,  ,0.0,  ,  
2019-08-29 21:20:00,12.9283333333,10.9874175018,756.962247456,  ,  ,0.0,0.0,88.0,0.0,  ,  ,0.0,  ,  
2019-08-29 21:25:00,12.8216666667,10.9705475775,756.962247456,  ,  ,0.0,0.0,88.5166666667,0.0,  ,  ,0.0,  ,  
2019-08-29 21:30:00,12.6933333333,10.9626948966,756.962247456,  ,  ,0.0,0.0,89.2166666667,0.0,  ,  ,0.0,  ,  
2019-08-29 21:35:00,12.6,11.0022934779,756.962247456,  ,  ,0.0,0.0,90.0,0.0,  ,  ,0.0,  ,  
2019-08-29 21:40:00,12.4666666667,10.870656442,756.962247456,  ,  ,0.0,0.0,90.0,0.0,  ,  ,0.0,  ,  
2019-08-29 21:45:00,12.3283333333,10.734082071,756.962247456,  ,  ,0.0,0.0,90.0,0.0,  ,  ,0.0,  ,  
2019-08-29 21:50:00,12.2716666667,10.678135665,756.917422607,  ,  ,0.0,0.0,90.0,0.0,  ,  ,0.0,  ,  
2019-08-29 21:55:00,12.1983333333,10.6057341936,756.887241288,  ,  ,0.0,0.0,90.0,0.0,  ,  ,0.0,  ,  
2019-08-29 22:00:00,12.1,10.6718402229,756.887241288,  ,  ,0.0,0.0,90.9833333333,0.0,  ,  ,0.0,  ,  
2019-08-29 22:05:00,11.98,10.5559580264,756.887241288,  ,  ,0.0,0.0,91.0,0.0,  ,  ,0.0,  ,  
2019-08-29 22:10:00,11.9,10.4768678345,756.887241288,  ,  ,0.0,0.0,91.0,0.0,  ,  ,0.0,  ,  
2019-08-29 22:15:00,11.8183333333,10.4865130601,756.887241288,  ,  ,0.0,0.0,91.55,0.0,  ,  ,0.0,  ,  
2019-08-29 22:20:00,11.7216666667,10.4181490162,756.887241288,  ,  ,0.0,0.0,91.7166666667,0.0,  ,  ,0.0,  ,  
2019-08-29 22:25:00,11.6716666667,10.4013281057,756.887241288,  ,  ,0.0,0.0,91.9166666667,0.0,  ,  ,0.0,  ,  
2019-08-29 22:30:00,11.585,10.3291216494,756.887241288,  ,  ,0.0,0.0,92.0,0.0,  ,  ,0.0,  ,  
2019-08-29 22:35:00,11.425,10.1707292113,756.887241288,  ,  ,0.0,0.0,92.0,0.0,  ,  ,0.0,  ,  
2019-08-29 22:40:00,11.325,10.0717334173,756.887241288,  ,  ,0.0,0.0,92.0,0.0,  ,  ,0.0,  ,  
2019-08-29 22:45:00,11.2283333333,10.0057893568,756.887241288,  ,  ,0.0,0.0,92.1833333333,0.0,  ,  ,0.0,  ,  
2019-08-29 22:50:00,11.145,10.0550884576,756.842394161,  ,  ,0.0,0.0,93.0,0.0,  ,  ,0.0,  ,  
2019-08-29 22:55:00,11.0783333333,9.98900441863,756.81223512,  ,  ,0.0,0.0,93.0,0.0,  ,  ,0.0,  ,  
2019-08-29 23:00:00,10.935,9.84692320976,756.81223512,  ,  ,0.0,0.0,93.0,0.0,  ,  ,0.0,  ,  
2019-08-29 23:05:00,10.8933333333,9.80562039827,756.81223512,  ,  ,0.0,0.0,93.0,0.0,  ,  ,0.0,  ,  
2019-08-29 23:10:00,10.805,9.71805823757,756.81223512,  ,  ,0.0,0.0,93.0,0.0,  ,  ,0.0,  ,  
2019-08-29 23:15:00,10.7683333333,9.68171160033,756.81223512,  ,  ,0.0,0.0,93.0,0.0,  ,  ,0.0,  ,  
2019-08-29 23:20:00,10.7,9.61397456029,756.767410271,  ,  ,0.0,0.0,93.0,0.0,  ,  ,0.0,  ,  
2019-08-29 23:25:00,10.6183333333,9.6738603304,756.737228952,  ,  ,0.0,0.0,93.8833333333,0.0,  ,  ,0.0,  ,  
2019-08-29 23:30:00,10.5466666667,9.62124136398,756.737228952,  ,  ,0.0,0.0,94.0,0.0,  ,  ,0.0,  ,  
2019-08-29 23:35:00,10.4066666667,9.48228292312,756.692383001,  ,  ,0.0,0.0,94.0,0.0,  ,  ,0.0,  ,  
2019-08-29 23:40:00,10.3183333333,9.39460646338,756.662222784,  ,  ,0.0,0.0,94.0,0.0,  ,  ,0.0,  ,  
2019-08-29 23:45:00,10.2316666667,9.3085840504,756.662222784,  ,  ,0.0,0.0,94.0,0.0,  ,  ,0.0,  ,  
2019-08-29 23:50:00,10.1883333333,9.26557275995,756.662222784,  ,  ,0.0,0.0,94.0,0.0,  ,  ,0.0,  ,  
  

    

