Time,TemperatureC,DewpointC,PressurehPa,WindDirection,WindDirectionDegrees,WindSpeedKMH,WindSpeedGustKMH,Humidity,HourlyPrecipMM,Conditions,Clouds,dailyrainMM,SoftwareType,DateUTC
                
2019-12-29 00:00:00,-3.4,-4.4618485002,761.367751315,  ,  ,2.51834585395,4.30002137869,92.3333333333,0.0,  ,  ,0.0,  ,  
2019-12-29 00:05:00,-3.4,-4.50976595784,761.462617536,  ,  ,2.40001193229,4.60002287023,92.0,0.0,  ,  ,0.0,  ,  
2019-12-29 00:10:00,-3.4,-4.55302342703,761.462617536,  ,  ,2.40001193229,5.30002635048,91.7,0.0,  ,  ,0.0,  ,  
2019-12-29 00:15:00,-3.40333333333,-4.5130677894,761.435030774,  ,  ,2.40001193229,5.10002535612,92.0,0.0,  ,  ,0.0,  ,  
2019-12-29 00:20:00,-3.4,-4.50976595784,761.387611368,  ,  ,2.54084596582,4.10002038433,92.0,0.0,  ,  ,0.0,  ,  
2019-12-29 00:25:00,-3.4,-4.50976595784,761.387611368,  ,  ,2.60001292665,4.10002038433,92.0,0.0,  ,  ,0.0,  ,  
2019-12-29 00:30:00,-3.4,-4.52597283634,761.442721005,  ,  ,2.24792784283,5.80002883637,91.8875,0.0,  ,  ,0.0,  ,  
2019-12-29 00:35:00,-3.43666666667,-4.69072253915,761.537623704,  ,  ,2.10001044075,4.30002137869,91.0,0.0,  ,  ,0.0,  ,  
2019-12-29 00:40:00,-3.49791666667,-4.70599260414,761.537623704,  ,  ,2.24084447428,3.3000164069,91.3125,0.0,  ,  ,0.0,  ,  
2019-12-29 00:45:00,-3.47208333333,-4.5811681645,761.537623704,  ,  ,2.30001143511,3.40001690408,92.0,0.0,  ,  ,0.0,  ,  
2019-12-29 00:50:00,-3.4,-4.50976595784,761.537623704,  ,  ,1.80709231777,4.60002287023,92.0,0.0,  ,  ,0.0,  ,  
2019-12-29 00:55:00,-3.40333333333,-4.5130677894,761.537623704,  ,  ,1.60000795486,4.80002386458,92.0,0.0,  ,  ,0.0,  ,  
2019-12-29 01:00:00,-3.43458333333,-4.54402248189,761.565173186,  ,  ,2.3041781225,4.80002386458,92.0,0.0,  ,  ,0.0,  ,  
2019-12-29 01:05:00,-3.46333333333,-4.57250083352,761.612629872,  ,  ,2.60001292665,4.30002137869,92.0,0.0,  ,  ,0.0,  ,  
2019-12-29 01:10:00,-3.47333333333,-4.58240635489,761.612629872,  ,  ,2.45917889312,5.00002485894,92.0,0.0,  ,  ,0.0,  ,  
2019-12-29 01:15:00,-3.48333333333,-4.70484234114,761.585056815,  ,  ,2.40001193229,5.00002485894,91.2208333333,0.0,  ,  ,0.0,  ,  
2019-12-29 01:20:00,-3.49666666667,-4.74040073997,761.537623704,  ,  ,2.188760882,4.80002386458,91.0666666667,0.0,  ,  ,0.0,  ,  
2019-12-29 01:25:00,-3.5,-4.75337970749,761.537623704,  ,  ,2.10001044075,3.40001690408,91.0,0.0,  ,  ,0.0,  ,  
2019-12-29 01:30:00,-3.5,-4.6809253373,761.565210466,  ,  ,2.10001044075,4.60002287023,91.5,0.0,  ,  ,0.0,  ,  
2019-12-29 01:35:00,-3.48333333333,-4.69155933675,761.612629872,  ,  ,2.10001044075,3.60001789844,91.3125,0.0,  ,  ,0.0,  ,  
2019-12-29 01:40:00,-3.41541666667,-4.58755203401,761.612629872,  ,  ,1.95917640723,4.30002137869,91.5666666667,0.0,  ,  ,0.0,  ,  
2019-12-29 01:45:00,-3.4,-4.50976595784,761.640208428,  ,  ,1.9000094464,4.50002237305,92.0,0.0,  ,  ,0.0,  ,  
2019-12-29 01:50:00,-3.4,-4.56265323084,761.68763604,  ,  ,2.04084347992,3.90001938997,91.6333333333,0.0,  ,  ,0.0,  ,  
2019-12-29 01:55:00,-3.41666666667,-4.58878955773,761.68763604,  ,  ,2.10001044075,3.40001690408,91.5666666667,0.0,  ,  ,0.0,  ,  
2019-12-29 02:00:00,-3.41333333333,-4.53917832952,761.68763604,  ,  ,1.60709132341,2.90001441819,91.8875,0.0,  ,  ,0.0,  ,  
2019-12-29 02:05:00,-3.44333333333,-4.62784213483,761.68763604,  ,  ,1.4000069605,3.80001889279,91.4791666667,0.0,  ,  ,0.0,  ,  
2019-12-29 02:10:00,-3.41,-4.51967145385,761.68763604,  ,  ,1.68167502756,4.60002287023,92.0,0.0,  ,  ,0.0,  ,  
2019-12-29 02:15:00,-3.4,-4.50976595784,761.770183893,  ,  ,1.80000894922,3.90001938997,92.0,0.0,  ,  ,0.0,  ,  
2019-12-29 02:20:00,-3.4,-4.50976595784,761.912654544,  ,  ,2.2225110498,5.00002485894,92.0,0.0,  ,  ,0.0,  ,  
2019-12-29 02:25:00,-3.4,-4.50976595784,761.912654544,  ,  ,2.40001193229,4.60002287023,92.0,0.0,  ,  ,0.0,  ,  
2019-12-29 02:30:00,-3.40333333333,-4.5130677894,761.912654544,  ,  ,2.40001193229,3.40001690408,92.0,0.0,  ,  ,0.0,  ,  
2019-12-29 02:35:00,-3.4,-4.50976595784,761.912654544,  ,  ,2.40001193229,5.30002635048,92.0,0.0,  ,  ,0.0,  ,  
2019-12-29 02:40:00,-3.48458333333,-4.59355007122,761.912654544,  ,  ,2.40001193229,5.10002535612,92.0,0.0,  ,  ,0.0,  ,  
2019-12-29 02:45:00,-3.50666666667,-4.61542478838,761.912654544,  ,  ,2.40001193229,3.60001789844,92.0,0.0,  ,  ,0.0,  ,  
2019-12-29 02:50:00,-3.58333333333,-4.69136735429,761.912654544,  ,  ,2.04792684847,3.3000164069,92.0,0.0,  ,  ,0.0,  ,  
2019-12-29 02:55:00,-3.54458333333,-4.65298331058,761.912654544,  ,  ,1.9000094464,3.60001789844,92.0,0.0,  ,  ,0.0,  ,  
2019-12-29 03:00:00,-3.57991631799,-4.68798260694,761.912654544,  ,  ,1.68912973687,3.40001690408,92.0,0.0,  ,  ,0.0,  ,  
2019-12-29 03:05:00,-3.6,-4.64094900113,761.912654544,  ,  ,1.60000795486,2.80001392101,92.4666666667,0.0,  ,  ,0.0,  ,  
2019-12-29 03:10:00,-3.6,-4.55652345998,761.912654544,  ,  ,1.38875690457,3.40001690408,93.0583333333,0.0,  ,  ,0.0,  ,  
2019-12-29 03:15:00,-3.52875,-4.35238249299,761.885006965,  ,  ,1.30000646332,3.40001690408,94.0,0.0,  ,  ,0.0,  ,  
2019-12-29 03:20:00,-3.59125,-4.41444367156,761.837648376,  ,  ,1.7225085639,5.00002485894,94.0,0.0,  ,  ,0.0,  ,  
2019-12-29 03:25:00,-3.6,-4.36039066964,761.837648376,  ,  ,1.9000094464,4.60002287023,94.4458333333,0.0,  ,  ,0.0,  ,  
2019-12-29 03:30:00,-3.65125,-4.33371990253,761.865309696,  ,  ,2.53376259727,5.10002535612,95.0,0.0,  ,  ,0.0,  ,  
2019-12-29 03:35:00,-3.7,-4.38218604324,761.912654544,  ,  ,2.80001392101,3.90001938997,95.0,0.0,  ,  ,0.0,  ,  
2019-12-29 03:40:00,-3.7,-4.38218604324,761.912654544,  ,  ,2.30709480366,4.80002386458,95.0,0.0,  ,  ,0.0,  ,  
2019-12-29 03:45:00,-3.7,-4.36823366739,761.885024644,  ,  ,2.10001044075,5.00002485894,95.1,0.0,  ,  ,0.0,  ,  
2019-12-29 03:50:00,-3.72125,-4.40331232813,761.837648376,  ,  ,2.31126149105,3.40001690408,95.0,0.0,  ,  ,0.0,  ,  
2019-12-29 03:55:00,-3.78333333333,-4.46503428336,761.837648376,  ,  ,2.40001193229,4.10002038433,95.0,0.0,  ,  ,0.0,  ,  
2019-12-29 04:00:00,-3.8,-4.48160395202,761.86533722,  ,  ,1.97750983171,3.80001889279,95.0,0.0,  ,  ,0.0,  ,  
2019-12-29 04:05:00,-3.8,-4.48160395202,761.912654544,  ,  ,1.80000894922,4.30002137869,95.0,0.0,  ,  ,0.0,  ,  
2019-12-29 04:10:00,-3.8,-4.4334482516,761.912654544,  ,  ,2.01125999951,4.10002038433,95.3458333333,0.0,  ,  ,0.0,  ,  
2019-12-29 04:15:00,-3.8,-4.34278040932,761.940315864,  ,  ,2.10001044075,4.10002038433,96.0,0.0,  ,  ,0.0,  ,  
2019-12-29 04:20:00,-3.8,-4.44909634502,761.987660712,  ,  ,1.88875939046,3.60001789844,95.2333333333,0.0,  ,  ,0.0,  ,  
2019-12-29 04:25:00,-3.8,-4.34278040932,761.987660712,  ,  ,1.80000894922,3.90001938997,96.0,0.0,  ,  ,0.0,  ,  
2019-12-29 04:30:00,-3.8,-4.34278040932,762.015308291,  ,  ,1.87042596598,4.10002038433,96.0,0.0,  ,  ,0.0,  ,  
2019-12-29 04:35:00,-3.8,-4.34278040932,762.06266688,  ,  ,1.9000094464,4.10002038433,96.0,0.0,  ,  ,0.0,  ,  
2019-12-29 04:40:00,-3.8,-4.40740442577,762.06266688,  ,  ,2.04084347992,3.40001690408,95.5333333333,0.0,  ,  ,0.0,  ,  
2019-12-29 04:45:00,-3.8,-4.36121595192,762.090304657,  ,  ,2.10001044075,4.30002137869,95.8666666667,0.0,  ,  ,0.0,  ,  
2019-12-29 04:50:00,-3.8,-4.34278040932,762.137673048,  ,  ,1.88875939046,2.90001441819,96.0,0.0,  ,  ,0.0,  ,  
2019-12-29 04:55:00,-3.8,-4.47405124087,762.137673048,  ,  ,1.80000894922,3.40001690408,95.0541666667,0.0,  ,  ,0.0,  ,  
2019-12-29 05:00:00,-3.8,-4.48160395202,762.137673048,  ,  ,1.65917491569,4.50002237305,95.0,0.0,  ,  ,0.0,  ,  
2019-12-29 05:05:00,-3.8,-4.48160395202,762.137673048,  ,  ,1.60000795486,3.60001789844,95.0,0.0,  ,  ,0.0,  ,  
2019-12-29 05:10:00,-3.8,-4.48160395202,762.137673048,  ,  ,1.74084198839,3.60001789844,95.0,0.0,  ,  ,0.0,  ,  
2019-12-29 05:15:00,-3.8,-4.48160395202,762.137673048,  ,  ,1.80000894922,4.50002237305,95.0,0.0,  ,  ,0.0,  ,  
2019-12-29 05:20:00,-3.8410041841,-4.58902011738,762.137673048,  ,  ,2.01125999951,4.50002237305,94.5230125523,0.0,  ,  ,0.0,  ,  
2019-12-29 05:25:00,-3.8625,-4.60310119375,762.137673048,  ,  ,2.10001044075,3.90001938997,94.575,0.0,  ,  ,0.0,  ,  
2019-12-29 05:30:00,-3.89416666667,-4.70703159509,762.192799411,  ,  ,2.31089015029,4.10002038433,94.0583333333,0.0,  ,  ,0.0,  ,  
2019-12-29 05:35:00,-3.82583333333,-4.6473810012,762.287685384,  ,  ,2.40001193229,4.50002237305,94.0,0.0,  ,  ,0.0,  ,  
2019-12-29 05:40:00,-3.8275,-4.64903597922,762.287685384,  ,  ,2.05001019217,3.90001938997,94.0,0.0,  ,  ,0.0,  ,  
2019-12-29 05:45:00,-3.86333333333,-4.66001436415,762.31522118,  ,  ,1.9000094464,3.80001889279,94.175,0.0,  ,  ,0.0,  ,  
2019-12-29 05:50:00,-3.81333333333,-4.61269697676,762.362691552,  ,  ,2.04001014245,4.10002038433,94.1583333333,0.0,  ,  ,0.0,  ,  
2019-12-29 05:55:00,-3.9,-4.72102760325,762.362691552,  ,  ,2.10001044075,4.50002237305,94.0,0.0,  ,  ,0.0,  ,  
2019-12-29 06:00:00,-3.9,-4.72102760325,762.390222609,  ,  ,2.10001044075,3.80001889279,94.0,0.0,  ,  ,0.0,  ,  
2019-12-29 06:05:00,-3.9,-4.72102760325,762.43769772,  ,  ,2.10001044075,4.30002137869,94.0,0.0,  ,  ,0.0,  ,  
2019-12-29 06:10:00,-3.9,-4.72102760325,762.43769772,  ,  ,2.24001113681,3.3000164069,94.0,0.0,  ,  ,0.0,  ,  
2019-12-29 06:15:00,-3.90416666667,-4.72516505767,762.410148238,  ,  ,2.30001143511,3.60001789844,94.0,0.0,  ,  ,0.0,  ,  
2019-12-29 06:20:00,-3.95666666667,-4.77729702775,762.362691552,  ,  ,1.81000899894,3.3000164069,94.0,0.0,  ,  ,0.0,  ,  
2019-12-29 06:25:00,-3.94583333333,-4.76653963037,762.362691552,  ,  ,1.60000795486,2.90001441819,94.0,0.0,  ,  ,0.0,  ,  
2019-12-29 06:30:00,-3.9375,-4.75826471169,762.390227348,  ,  ,1.60000795486,3.90001938997,94.0,0.0,  ,  ,0.0,  ,  
2019-12-29 06:35:00,-4.0,-4.8203266523,762.43769772,  ,  ,1.60000795486,3.3000164069,94.0,0.0,  ,  ,0.0,  ,  
2019-12-29 06:40:00,-3.99,-4.81039673397,762.43769772,  ,  ,1.81000899894,3.90001938997,94.0,0.0,  ,  ,0.0,  ,  
2019-12-29 06:45:00,-3.97666666667,-4.80184333247,762.465247202,  ,  ,1.9000094464,3.90001938997,93.9666666667,0.0,  ,  ,0.0,  ,  
2019-12-29 06:50:00,-4.0,-4.84025043417,762.512703888,  ,  ,2.04001014245,3.60001789844,93.8583333333,0.0,  ,  ,0.0,  ,  
2019-12-29 06:55:00,-4.0,-4.96153837536,762.512703888,  ,  ,2.10001044075,3.80001889279,93.0,0.0,  ,  ,0.0,  ,  
2019-12-29 07:00:00,-4.0375,-4.99873045373,762.540221166,  ,  ,2.24001113681,4.50002237305,93.0,0.0,  ,  ,0.0,  ,  
2019-12-29 07:05:00,-4.1,-5.04536767168,762.587710056,  ,  ,2.30001143511,3.60001789844,93.1083333333,0.0,  ,  ,0.0,  ,  
2019-12-29 07:10:00,-4.1,-4.94773745443,762.587710056,  ,  ,2.30001143511,4.30002137869,93.8,0.0,  ,  ,0.0,  ,  
2019-12-29 07:15:00,-4.1,-4.91962599964,762.587710056,  ,  ,2.30001143511,4.50002237305,94.0,0.0,  ,  ,0.0,  ,  
2019-12-29 07:20:00,-4.1,-4.91962599964,762.587710056,  ,  ,2.02001004301,4.10002038433,94.0,0.0,  ,  ,0.0,  ,  
2019-12-29 07:25:00,-4.16416666667,-4.98334323796,762.587710056,  ,  ,1.9000094464,3.10001541254,94.0,0.0,  ,  ,0.0,  ,  
2019-12-29 07:30:00,-4.19333333333,-5.01230565962,762.615259538,  ,  ,1.83000909837,3.60001789844,94.0,0.0,  ,  ,0.0,  ,  
2019-12-29 07:35:00,-4.2,-5.01892564528,762.662716224,  ,  ,1.80000894922,3.60001789844,94.0,0.0,  ,  ,0.0,  ,  
2019-12-29 07:40:00,-4.2,-5.01892564528,762.662716224,  ,  ,1.87000929724,3.90001938997,94.0,0.0,  ,  ,0.0,  ,  
2019-12-29 07:45:00,-4.2,-5.01892564528,762.635180428,  ,  ,1.9000094464,4.10002038433,94.0,0.0,  ,  ,0.0,  ,  
2019-12-29 07:50:00,-4.2,-5.01892564528,762.587710056,  ,  ,1.9000094464,3.60001789844,94.0,0.0,  ,  ,0.0,  ,  
2019-12-29 07:55:00,-4.2,-4.92451998486,762.587710056,  ,  ,1.9000094464,4.10002038433,94.675,0.0,  ,  ,0.0,  ,  
2019-12-29 08:00:00,-4.2,-4.96290928542,762.587710056,  ,  ,1.69000840232,3.90001938997,94.4,0.0,  ,  ,0.0,  ,  
2019-12-29 08:05:00,-4.27083333333,-5.04842170655,762.587710056,  ,  ,1.60000795486,3.40001690408,94.2916666667,0.0,  ,  ,0.0,  ,  
2019-12-29 08:10:00,-4.3,-5.02854451704,762.587710056,  ,  ,1.81000899894,2.80001392101,94.6416666667,0.0,  ,  ,0.0,  ,  
2019-12-29 08:15:00,-4.3,-4.97869721179,762.615259538,  ,  ,1.9000094464,2.90001441819,95.0,0.0,  ,  ,0.0,  ,  
2019-12-29 08:20:00,-4.27666666667,-4.97055489905,762.662716224,  ,  ,1.83000909837,3.10001541254,94.8916666667,0.0,  ,  ,0.0,  ,  
2019-12-29 08:25:00,-4.3,-5.06574890464,762.662716224,  ,  ,1.80000894922,3.40001690408,94.375,0.0,  ,  ,0.0,  ,  
2019-12-29 08:30:00,-4.3,-4.97869721179,762.635180428,  ,  ,1.66000825317,3.10001541254,95.0,0.0,  ,  ,0.0,  ,  
2019-12-29 08:35:00,-4.3,-5.00765787507,762.587710056,  ,  ,1.60000795486,3.3000164069,94.7916666667,0.0,  ,  ,0.0,  ,  
2019-12-29 08:40:00,-4.30333333333,-5.12153559248,762.587710056,  ,  ,1.74000865091,3.90001938997,94.0,0.0,  ,  ,0.0,  ,  
2019-12-29 08:45:00,-4.3775,-5.19518325094,762.587710056,  ,  ,1.80000894922,3.10001541254,94.0,0.0,  ,  ,0.0,  ,  
2019-12-29 08:50:00,-4.4,-5.21752583145,762.587710056,  ,  ,1.66000825317,2.30001143511,94.0,0.0,  ,  ,0.0,  ,  
2019-12-29 08:55:00,-4.4,-5.10936984216,762.587710056,  ,  ,1.60000795486,3.60001789844,94.775,0.0,  ,  ,0.0,  ,  
2019-12-29 09:00:00,-4.4,-5.14853267974,762.61517975,  ,  ,1.3903834817,3.3000164069,94.4937238494,0.0,  ,  ,0.0,  ,  
2019-12-29 09:05:00,-4.4,-5.14185017054,762.662716224,  ,  ,1.30000646332,2.80001392101,94.5416666667,0.0,  ,  ,0.0,  ,  
2019-12-29 09:10:00,-4.4,-5.16742033155,762.662716224,  ,  ,1.37000681135,3.10001541254,94.3583333333,0.0,  ,  ,0.0,  ,  
2019-12-29 09:15:00,-4.4,-5.21752583145,762.69025202,  ,  ,1.4000069605,3.3000164069,94.0,0.0,  ,  ,0.0,  ,  
2019-12-29 09:20:00,-4.4,-5.21285771652,762.737722392,  ,  ,1.4000069605,1.9000094464,94.0333333333,0.0,  ,  ,0.0,  ,  
2019-12-29 09:25:00,-4.4,-5.13372343034,762.737722392,  ,  ,1.4000069605,2.40001193229,94.6,0.0,  ,  ,0.0,  ,  
2019-12-29 09:30:00,-4.4175,-5.23490340451,762.765271874,  ,  ,1.19000591643,2.90001441819,94.0,0.0,  ,  ,0.0,  ,  
2019-12-29 09:35:00,-4.55083333333,-5.39063678506,762.81272856,  ,  ,1.10000546897,2.90001441819,93.8333333333,0.0,  ,  ,0.0,  ,  
2019-12-29 09:40:00,-4.6,-5.54720992185,762.81272856,  ,  ,1.45000720909,3.90001938997,93.0666666667,0.0,  ,  ,0.0,  ,  
2019-12-29 09:45:00,-4.6,-5.48269398037,762.840264356,  ,  ,1.60000795486,3.80001889279,93.525,0.0,  ,  ,0.0,  ,  
2019-12-29 09:50:00,-4.6,-5.55661752251,762.887734728,  ,  ,1.60000795486,2.60001292665,93.0,0.0,  ,  ,0.0,  ,  
2019-12-29 09:55:00,-4.6675,-5.62356471331,762.887734728,  ,  ,1.60000795486,3.40001690408,93.0,0.0,  ,  ,0.0,  ,  
2019-12-29 10:00:00,-4.7,-5.65579860267,762.887734728,  ,  ,1.39000691079,3.3000164069,93.0,0.0,  ,  ,0.0,  ,  
2019-12-29 10:05:00,-4.7,-5.65579860267,762.887734728,  ,  ,1.30000646332,3.90001938997,93.0,0.0,  ,  ,0.0,  ,  
2019-12-29 10:10:00,-4.7,-5.65579860267,762.887734728,  ,  ,1.72000855148,3.60001789844,93.0,0.0,  ,  ,0.0,  ,  
2019-12-29 10:15:00,-4.7,-5.65579860267,762.970271336,  ,  ,1.9000094464,4.10002038433,93.0,0.0,  ,  ,0.0,  ,  
2019-12-29 10:20:00,-4.7,-5.61237560778,763.112753232,  ,  ,1.83000909837,2.80001392101,93.3083333333,0.0,  ,  ,0.0,  ,  
2019-12-29 10:25:00,-4.7,-5.61940852077,763.112753232,  ,  ,1.80000894922,2.90001441819,93.2583333333,0.0,  ,  ,0.0,  ,  
2019-12-29 10:30:00,-4.7,-5.65579860267,763.140289028,  ,  ,1.52000755712,3.10001541254,93.0,0.0,  ,  ,0.0,  ,  
2019-12-29 10:35:00,-4.7,-5.65579860267,763.1877594,  ,  ,1.4000069605,2.60001292665,93.0,0.0,  ,  ,0.0,  ,  
2019-12-29 10:40:00,-4.7,-5.65579860267,763.1877594,  ,  ,1.54000765655,2.60001292665,93.0,0.0,  ,  ,0.0,  ,  
2019-12-29 10:45:00,-4.7,-5.65579860267,763.160209918,  ,  ,1.60000795486,1.80000894922,93.0,0.0,  ,  ,0.0,  ,  
2019-12-29 10:50:00,-4.7,-5.65579860267,763.112753232,  ,  ,1.11000551868,1.80000894922,93.0,0.0,  ,  ,0.0,  ,  
2019-12-29 10:55:00,-4.7,-5.65579860267,763.112753232,  ,  ,0.900004474609,2.10001044075,93.0,0.0,  ,  ,0.0,  ,  
2019-12-29 11:00:00,-4.70666666667,-5.6624106871,763.057773711,  ,  ,0.900004474609,2.60001292665,93.0,0.0,  ,  ,0.0,  ,  
2019-12-29 11:05:00,-4.79083333333,-5.74588838649,762.962740896,  ,  ,0.900004474609,1.80000894922,93.0,0.0,  ,  ,0.0,  ,  
2019-12-29 11:10:00,-4.8,-5.75498003206,762.962740896,  ,  ,0.830004126584,1.4000069605,93.0,0.0,  ,  ,0.0,  ,  
2019-12-29 11:15:00,-4.8,-5.75498003206,762.990276692,  ,  ,0.80000397743,0.900004474609,93.0,0.0,  ,  ,0.0,  ,  
2019-12-29 11:20:00,-4.8,-5.75498003206,763.037747064,  ,  ,0.240001193229,0.80000397743,93.0,0.0,  ,  ,0.0,  ,  
2019-12-29 11:25:00,-4.8,-5.75498003206,763.037747064,  ,  ,0.0,1.30000646332,93.0,0.0,  ,  ,0.0,  ,  
2019-12-29 11:30:00,-4.8,-5.75498003206,763.010197582,  ,  ,0.0,1.60000795486,93.0,0.0,  ,  ,0.0,  ,  
2019-12-29 11:35:00,-4.8,-5.75498003206,762.962740896,  ,  ,0.0,2.30001143511,93.0,0.0,  ,  ,0.0,  ,  
2019-12-29 11:40:00,-4.8,-5.72096409697,762.962740896,  ,  ,0.560002784201,2.30001143511,93.2416666667,0.0,  ,  ,0.0,  ,  
2019-12-29 11:45:00,-4.8,-5.65783192474,762.962740896,  ,  ,0.80000397743,1.80000894922,93.6916666667,0.0,  ,  ,0.0,  ,  
2019-12-29 11:50:00,-4.8,-5.75498003206,762.962740896,  ,  ,0.80000397743,0.900004474609,93.0,0.0,  ,  ,0.0,  ,  
2019-12-29 11:55:00,-4.8,-5.75498003206,762.962740896,  ,  ,0.80000397743,1.10000546897,93.0,0.0,  ,  ,0.0,  ,  
2019-12-29 12:00:00,-4.81333333333,-5.76820424903,762.93515242,  ,  ,0.240001193229,0.80000397743,93.0,0.0,  ,  ,0.0,  ,  
2019-12-29 12:05:00,-4.83416666667,-5.78886710047,762.887734728,  ,  ,0.0,1.4000069605,93.0,0.0,  ,  ,0.0,  ,  
2019-12-29 12:10:00,-4.9,-5.85416181068,762.887734728,  ,  ,0.420002088151,1.9000094464,93.0,0.0,  ,  ,0.0,  ,  
2019-12-29 12:15:00,-4.89333333333,-5.79951942131,762.887734728,  ,  ,0.600002983073,1.4000069605,93.3416666667,0.0,  ,  ,0.0,  ,  
2019-12-29 12:20:00,-4.80583333333,-5.71972372394,762.887734728,  ,  ,0.600002983073,0.80000397743,93.2916666667,0.0,  ,  ,0.0,  ,  
2019-12-29 12:25:00,-4.8,-5.6940415008,762.887734728,  ,  ,0.600002983073,1.30000646332,93.4333333333,0.0,  ,  ,0.0,  ,  
2019-12-29 12:30:00,-4.8,-5.81735017852,762.860087149,  ,  ,0.180000894922,1.60000795486,92.5583333333,0.0,  ,  ,0.0,  ,  
2019-12-29 12:35:00,-4.8,-5.89657436762,762.81272856,  ,  ,0.0,1.4000069605,92.0,0.0,  ,  ,0.0,  ,  
2019-12-29 12:40:00,-4.84416666667,-5.88236622306,762.81272856,  ,  ,0.420002088151,2.80001392101,92.4083333333,0.0,  ,  ,0.0,  ,  
2019-12-29 12:45:00,-4.89916666667,-5.85333529441,762.81272856,  ,  ,0.600002983073,2.40001193229,93.0,0.0,  ,  ,0.0,  ,  
2019-12-29 12:50:00,-4.8975,-5.87516764397,762.81272856,  ,  ,0.950004723199,1.60000795486,92.8333333333,0.0,  ,  ,0.0,  ,  
2019-12-29 12:55:00,-4.9,-5.85416181068,762.81272856,  ,  ,1.10000546897,1.60000795486,93.0,0.0,  ,  ,0.0,  ,  
2019-12-29 13:00:00,-4.89666666667,-5.85085574576,762.867708081,  ,  ,0.890380995801,2.40001193229,93.0,0.0,  ,  ,0.0,  ,  
2019-12-29 13:05:00,-4.9,-5.85416181068,762.962740896,  ,  ,0.80000397743,2.80001392101,93.0,0.0,  ,  ,0.0,  ,  
2019-12-29 13:10:00,-4.89333333333,-5.84754968124,762.962740896,  ,  ,1.14792237387,3.90001938997,93.0,0.0,  ,  ,0.0,  ,  
2019-12-29 13:15:00,-4.81625,-5.77168413459,762.990290378,  ,  ,1.30000646332,2.60001292665,92.9958333333,0.0,  ,  ,0.0,  ,  
2019-12-29 13:20:00,-4.8,-5.85395330001,763.037747064,  ,  ,1.50875750119,1.9000094464,92.3,0.0,  ,  ,0.0,  ,  
2019-12-29 13:25:00,-4.8,-5.7643775354,763.037747064,  ,  ,1.60000795486,3.3000164069,92.9333333333,0.0,  ,  ,0.0,  ,  
2019-12-29 13:30:00,-4.86375,-5.91653693057,763.010197582,  ,  ,1.391256917,2.10001044075,92.3041666667,0.0,  ,  ,0.0,  ,  
2019-12-29 13:35:00,-4.87666666667,-5.88274584359,762.962740896,  ,  ,1.30000646332,1.80000894922,92.6333333333,0.0,  ,  ,0.0,  ,  
2019-12-29 13:40:00,-4.80625,-5.76117888299,762.962740896,  ,  ,0.95208806689,3.40001690408,93.0,0.0,  ,  ,0.0,  ,  
2019-12-29 13:45:00,-4.80375,-5.75869934245,762.907669303,  ,  ,0.80000397743,3.40001690408,93.0,0.0,  ,  ,0.0,  ,  
2019-12-29 13:50:00,-4.86291666667,-5.77928635196,762.81272856,  ,  ,1.35667341173,3.3000164069,93.2708333333,0.0,  ,  ,0.0,  ,  
2019-12-29 13:55:00,-4.8,-5.61472978339,762.81272856,  ,  ,1.60000795486,2.40001193229,94.0,0.0,  ,  ,0.0,  ,  
2019-12-29 14:00:00,-4.8,-5.61472978339,762.81272856,  ,  ,1.391256917,2.80001392101,94.0,0.0,  ,  ,0.0,  ,  
2019-12-29 14:05:00,-4.8,-5.67534161473,762.81272856,  ,  ,1.30000646332,2.90001441819,93.5666666667,0.0,  ,  ,0.0,  ,  
2019-12-29 14:10:00,-4.8,-5.62927727351,762.81272856,  ,  ,1.02167174618,2.10001044075,93.8958333333,0.0,  ,  ,0.0,  ,  
2019-12-29 14:15:00,-4.8,-5.7028152215,762.81272856,  ,  ,0.900004474609,2.40001193229,93.3708333333,0.0,  ,  ,0.0,  ,  
2019-12-29 14:20:00,-4.8,-5.61938342393,762.81272856,  ,  ,1.03917183318,2.10001044075,93.9666666667,0.0,  ,  ,0.0,  ,  
2019-12-29 14:25:00,-4.8,-5.61472978339,762.81272856,  ,  ,1.10000546897,1.9000094464,94.0,0.0,  ,  ,0.0,  ,  
2019-12-29 14:30:00,-4.8,-5.61472978339,762.81272856,  ,  ,0.960838110393,3.40001690408,94.0,0.0,  ,  ,0.0,  ,  
2019-12-29 14:35:00,-4.8,-5.61472978339,762.81272856,  ,  ,0.900004474609,3.60001789844,94.0,0.0,  ,  ,0.0,  ,  
2019-12-29 14:40:00,-4.80375,-5.61845359302,762.81272856,  ,  ,1.24792287104,3.40001690408,94.0,0.0,  ,  ,0.0,  ,  
2019-12-29 14:45:00,-4.9,-5.71403151714,762.81272856,  ,  ,1.4000069605,3.60001789844,94.0,0.0,  ,  ,0.0,  ,  
2019-12-29 14:50:00,-4.9,-5.71403151714,762.81272856,  ,  ,1.53917431908,3.60001789844,94.0,0.0,  ,  ,0.0,  ,  
2019-12-29 14:55:00,-4.9,-5.71403151714,762.81272856,  ,  ,1.60000795486,3.3000164069,94.0,0.0,  ,  ,0.0,  ,  
2019-12-29 15:00:00,-4.9,-5.71403151714,762.757831385,  ,  ,1.25208955843,3.40001690408,94.0,0.0,  ,  ,0.0,  ,  
2019-12-29 15:05:00,-4.97041666667,-5.78395666697,762.662716224,  ,  ,1.10000546897,2.80001392101,94.0,0.0,  ,  ,0.0,  ,  
2019-12-29 15:10:00,-5.03708333333,-5.85015812857,762.662716224,  ,  ,1.10000546897,2.90001441819,94.0,0.0,  ,  ,0.0,  ,  
2019-12-29 15:15:00,-5.1,-5.78728335995,762.635180428,  ,  ,1.10000546897,2.10001044075,94.9041666667,0.0,  ,  ,0.0,  ,  
2019-12-29 15:20:00,-5.1,-5.77405930931,762.587710056,  ,  ,0.960838110393,1.4000069605,95.0,0.0,  ,  ,0.0,  ,  
2019-12-29 15:25:00,-5.1,-5.77405930931,762.587710056,  ,  ,0.900004474609,1.80000894922,95.0,0.0,  ,  ,0.0,  ,  
2019-12-29 15:30:00,-5.1,-5.77405930931,762.587710056,  ,  ,0.691253436749,1.4000069605,95.0,0.0,  ,  ,0.0,  ,  
2019-12-29 15:35:00,-5.1,-5.77405930931,762.587710056,  ,  ,0.600002983073,0.600002983073,95.0,0.0,  ,  ,0.0,  ,  
2019-12-29 15:40:00,-5.1,-5.77405930931,762.587710056,  ,  ,0.182500907351,1.4000069605,95.0,0.0,  ,  ,0.0,  ,  
2019-12-29 15:45:00,-5.1,-5.77405930931,762.505102667,  ,  ,0.0,1.4000069605,95.0,0.0,  ,  ,0.0,  ,  
2019-12-29 15:50:00,-5.1,-5.77405930931,762.362691552,  ,  ,0.417502075722,1.80000894922,95.0,0.0,  ,  ,0.0,  ,  
2019-12-29 15:55:00,-5.09666666667,-5.77074526767,762.362691552,  ,  ,0.600002983073,1.60000795486,95.0,0.0,  ,  ,0.0,  ,  
2019-12-29 16:00:00,-5.08666666667,-5.76080314442,762.335160495,  ,  ,0.182500907351,1.80000894922,95.0,0.0,  ,  ,0.0,  ,  
2019-12-29 16:05:00,-5.08958333333,-5.68517084467,762.287685384,  ,  ,0.0,1.4000069605,95.5708333333,0.0,  ,  ,0.0,  ,  
2019-12-29 16:10:00,-5.00333333333,-5.63258283447,762.287685384,  ,  ,0.556669434295,2.40001193229,95.3291666667,0.0,  ,  ,0.0,  ,  
2019-12-29 16:15:00,-5.0,-5.59146929831,762.315197587,  ,  ,0.80000397743,2.40001193229,95.6041666667,0.0,  ,  ,0.0,  ,  
2019-12-29 16:20:00,-4.99333333333,-5.62263684574,762.362691552,  ,  ,0.869587656717,1.9000094464,95.3291666667,0.0,  ,  ,0.0,  ,  
2019-12-29 16:25:00,-4.95333333333,-5.563934174,762.362691552,  ,  ,0.900004474609,3.3000164069,95.4666666667,0.0,  ,  ,0.0,  ,  
2019-12-29 16:30:00,-5.0,-5.65107400068,762.335155756,  ,  ,1.03917183318,2.90001441819,95.1708333333,0.0,  ,  ,0.0,  ,  
2019-12-29 16:35:00,-5.04041666667,-5.57746201244,762.287685384,  ,  ,1.10000546897,2.90001441819,96.0,0.0,  ,  ,0.0,  ,  
2019-12-29 16:40:00,-5.1,-5.66926143319,762.287685384,  ,  ,0.960838110393,3.3000164069,95.7625,0.0,  ,  ,0.0,  ,  
2019-12-29 16:45:00,-5.18375,-5.75146165365,762.260135902,  ,  ,0.900004474609,2.80001392101,95.7708333333,0.0,  ,  ,0.0,  ,  
2019-12-29 16:50:00,-5.2,-5.73630971895,762.212679216,  ,  ,1.24792287104,2.30001143511,96.0,0.0,  ,  ,0.0,  ,  
2019-12-29 16:55:00,-5.18625,-5.72262308214,762.212679216,  ,  ,1.4000069605,2.80001392101,96.0,0.0,  ,  ,0.0,  ,  
2019-12-29 17:00:00,-5.10333333333,-5.64008859385,762.185161938,  ,  ,1.05208856407,2.40001193229,96.0,0.0,  ,  ,0.0,  ,  
2019-12-29 17:05:00,-5.19375,-5.73008851993,762.137673048,  ,  ,0.900004474609,2.10001044075,96.0,0.0,  ,  ,0.0,  ,  
2019-12-29 17:10:00,-5.19666666667,-5.73299174604,762.137673048,  ,  ,1.03917183318,2.60001292665,96.0,0.0,  ,  ,0.0,  ,  
2019-12-29 17:15:00,-5.11958333333,-5.65626368387,762.137673048,  ,  ,1.10000546897,3.60001789844,96.0,0.0,  ,  ,0.0,  ,  
2019-12-29 17:20:00,-5.1,-5.63677062731,762.137673048,  ,  ,1.10000546897,2.90001441819,96.0,0.0,  ,  ,0.0,  ,  
2019-12-29 17:25:00,-5.1,-5.54142126784,762.137673048,  ,  ,1.10000546897,2.10001044075,96.7,0.0,  ,  ,0.0,  ,  
2019-12-29 17:30:00,-5.02958333333,-5.53935670829,762.16522253,  ,  ,0.891254431106,1.60000795486,96.2,0.0,  ,  ,0.0,  ,  
2019-12-29 17:35:00,-5.0,-5.53723173318,762.212679216,  ,  ,0.80000397743,3.40001690408,96.0,0.0,  ,  ,0.0,  ,  
2019-12-29 17:40:00,-5.0,-5.53723173318,762.212679216,  ,  ,0.869587656717,2.60001292665,96.0,0.0,  ,  ,0.0,  ,  
2019-12-29 17:45:00,-4.96,-5.49741623083,762.212679216,  ,  ,0.900004474609,2.80001392101,96.0,0.0,  ,  ,0.0,  ,  
2019-12-29 17:50:00,-4.90625,-5.44391419931,762.212679216,  ,  ,1.17833919176,2.40001193229,96.0,0.0,  ,  ,0.0,  ,  
2019-12-29 17:55:00,-4.9,-5.40578692316,762.212679216,  ,  ,1.30000646332,3.40001690408,96.2333333333,0.0,  ,  ,0.0,  ,  
2019-12-29 18:00:00,-4.9,-5.39213387227,762.185148159,  ,  ,1.16083910475,2.90001441819,96.3333333333,0.0,  ,  ,0.0,  ,  
2019-12-29 18:05:00,-4.9,-5.43769303656,762.137673048,  ,  ,1.10000546897,3.40001690408,96.0,0.0,  ,  ,0.0,  ,  
2019-12-29 18:10:00,-4.9,-5.43769303656,762.137673048,  ,  ,1.30875650683,1.9000094464,96.0,0.0,  ,  ,0.0,  ,  
2019-12-29 18:15:00,-4.9,-5.43769303656,762.137673048,  ,  ,1.4000069605,2.30001143511,96.0,0.0,  ,  ,0.0,  ,  
2019-12-29 18:20:00,-4.9,-5.43769303656,762.137673048,  ,  ,1.05208856407,3.40001690408,96.0,0.0,  ,  ,0.0,  ,  
2019-12-29 18:25:00,-4.9,-5.41432647053,762.137673048,  ,  ,0.900004474609,1.4000069605,96.1708333333,0.0,  ,  ,0.0,  ,  
2019-12-29 18:30:00,-4.9,-5.34274669421,762.110137252,  ,  ,0.900004474609,3.10001541254,96.6958333333,0.0,  ,  ,0.0,  ,  
2019-12-29 18:35:00,-4.9,-5.43313081254,762.06266688,  ,  ,0.900004474609,2.90001441819,96.0333333333,0.0,  ,  ,0.0,  ,  
2019-12-29 18:40:00,-4.9,-5.39611471329,762.06266688,  ,  ,1.17833919176,3.10001541254,96.3041666667,0.0,  ,  ,0.0,  ,  
2019-12-29 18:45:00,-4.9,-5.30143339748,762.007567916,  ,  ,1.30000646332,2.40001193229,97.0,0.0,  ,  ,0.0,  ,  
2019-12-29 18:50:00,-4.85291666667,-5.25451231871,761.912654544,  ,  ,1.02167174618,2.30001143511,97.0,0.0,  ,  ,0.0,  ,  
2019-12-29 18:55:00,-4.82708333333,-5.26103666863,761.912654544,  ,  ,0.900004474609,2.90001441819,96.7625,0.0,  ,  ,0.0,  ,  
2019-12-29 19:00:00,-4.9,-5.33708053225,761.912654544,  ,  ,1.03917183318,2.30001143511,96.7375,0.0,  ,  ,0.0,  ,  
2019-12-29 19:05:00,-4.92708333333,-5.44698471625,761.912654544,  ,  ,1.10000546897,3.90001938997,96.1291666667,0.0,  ,  ,0.0,  ,  
2019-12-29 19:10:00,-5.06375,-5.60068775536,761.912654544,  ,  ,1.30875650683,3.10001541254,96.0,0.0,  ,  ,0.0,  ,  
2019-12-29 19:15:00,-5.1,-5.63677062731,761.940204026,  ,  ,1.4000069605,4.80002386458,96.0,0.0,  ,  ,0.0,  ,  
2019-12-29 19:20:00,-5.08291666667,-5.57825289667,761.987660712,  ,  ,1.4000069605,4.10002038433,96.3041666667,0.0,  ,  ,0.0,  ,  
2019-12-29 19:25:00,-5.0,-5.46049749446,761.987660712,  ,  ,1.4000069605,5.30002635048,96.5625,0.0,  ,  ,0.0,  ,  
2019-12-29 19:30:00,-5.0,-5.53723173318,761.905012265,  ,  ,1.67834167765,2.30001143511,96.0,0.0,  ,  ,0.0,  ,  
2019-12-29 19:35:00,-4.98666666667,-5.52395989555,761.762642208,  ,  ,1.80000894922,3.90001938997,96.0,0.0,  ,  ,0.0,  ,  
2019-12-29 19:40:00,-4.90291666667,-5.43603413578,761.762642208,  ,  ,1.45209055278,2.90001441819,96.0333333333,0.0,  ,  ,0.0,  ,  
2019-12-29 19:45:00,-4.9,-5.43313081254,761.817619379,  ,  ,1.30000646332,3.10001541254,96.0333333333,0.0,  ,  ,0.0,  ,  
2019-12-29 19:50:00,-4.9,-5.43769303656,761.912654544,  ,  ,1.16083910475,3.3000164069,96.0,0.0,  ,  ,0.0,  ,  
2019-12-29 19:55:00,-4.84291666667,-5.31709822874,761.912654544,  ,  ,1.10000546897,4.50002237305,96.4666666667,0.0,  ,  ,0.0,  ,  
2019-12-29 20:00:00,-4.8,-5.33815453745,761.802016703,  ,  ,1.4479238654,3.80001889279,96.0,0.0,  ,  ,0.0,  ,  
2019-12-29 20:05:00,-4.8,-5.33815453745,761.612629872,  ,  ,1.60000795486,4.30002137869,96.0,0.0,  ,  ,0.0,  ,  
2019-12-29 20:10:00,-4.8,-5.33815453745,761.612629872,  ,  ,1.80875899272,4.60002287023,96.0,0.0,  ,  ,0.0,  ,  
2019-12-29 20:15:00,-4.8,-5.33815453745,761.530093264,  ,  ,1.9000094464,4.50002237305,96.0,0.0,  ,  ,0.0,  ,  
2019-12-29 20:20:00,-4.8,-5.33815453745,761.387611368,  ,  ,2.17834416355,3.3000164069,96.0,0.0,  ,  ,0.0,  ,  
2019-12-29 20:25:00,-4.8,-5.33815453745,761.387611368,  ,  ,2.30001143511,4.60002287023,96.0,0.0,  ,  ,0.0,  ,  
2019-12-29 20:30:00,-4.8,-5.33815453745,761.360112832,  ,  ,2.02167671796,3.90001938997,96.0,0.0,  ,  ,0.0,  ,  
2019-12-29 20:35:00,-4.8,-5.33815453745,761.3126052,  ,  ,1.9000094464,4.60002287023,96.0,0.0,  ,  ,0.0,  ,  
2019-12-29 20:40:00,-4.8,-5.33815453745,761.3126052,  ,  ,2.03917680497,4.50002237305,96.0,0.0,  ,  ,0.0,  ,  
2019-12-29 20:45:00,-4.8,-5.33815453745,761.3126052,  ,  ,2.10001044075,4.10002038433,96.0,0.0,  ,  ,0.0,  ,  
2019-12-29 20:50:00,-4.8,-5.33815453745,761.3126052,  ,  ,1.75209204432,4.10002038433,96.0,0.0,  ,  ,0.0,  ,  
2019-12-29 20:55:00,-4.8,-5.33815453745,761.3126052,  ,  ,1.60000795486,4.10002038433,96.0,0.0,  ,  ,0.0,  ,  
2019-12-29 21:00:00,-4.8,-5.33815453745,761.257526044,  ,  ,1.80875899272,2.90001441819,96.0,0.0,  ,  ,0.0,  ,  
2019-12-29 21:05:00,-4.8,-5.33815453745,761.162592864,  ,  ,1.9000094464,2.80001392101,96.0,0.0,  ,  ,0.0,  ,  
2019-12-29 21:10:00,-4.79958333333,-5.33773979412,761.162592864,  ,  ,1.3433400121,2.30001143511,96.0,0.0,  ,  ,0.0,  ,  
2019-12-29 21:15:00,-4.70666666667,-5.24525211648,761.190105067,  ,  ,1.10000546897,2.90001441819,96.0,0.0,  ,  ,0.0,  ,  
2019-12-29 21:20:00,-4.7,-5.23861623585,761.237599032,  ,  ,0.891254431106,2.80001392101,96.0,0.0,  ,  ,0.0,  ,  
2019-12-29 21:25:00,-4.63291666667,-5.17184273589,761.237599032,  ,  ,0.80000397743,3.40001690408,96.0,0.0,  ,  ,0.0,  ,  
2019-12-29 21:30:00,-4.6,-5.13907813177,761.210086829,  ,  ,1.14792237387,4.30002137869,96.0,0.0,  ,  ,0.0,  ,  
2019-12-29 21:35:00,-4.6,-5.13907813177,761.162592864,  ,  ,1.30000646332,3.10001541254,96.0,0.0,  ,  ,0.0,  ,  
2019-12-29 21:40:00,-4.56958333333,-5.10880199761,761.162592864,  ,  ,1.30000646332,6.10003032791,96.0,0.0,  ,  ,0.0,  ,  
2019-12-29 21:45:00,-4.52,-5.14725705176,761.080247101,  ,  ,1.30000646332,3.80001889279,95.3625,0.0,  ,  ,0.0,  ,  
2019-12-29 21:50:00,-4.5,-5.08023077689,760.93757436,  ,  ,1.64792485976,4.80002386458,95.7041666667,0.0,  ,  ,0.0,  ,  
2019-12-29 21:55:00,-4.48333333333,-5.02295059329,760.93757436,  ,  ,1.80000894922,4.10002038433,96.0,0.0,  ,  ,0.0,  ,  
2019-12-29 22:00:00,-4.41291666667,-4.95285945909,760.854873336,  ,  ,1.86959262851,2.60001292665,96.0,0.0,  ,  ,0.0,  ,  
2019-12-29 22:05:00,-4.4,-4.94000251611,760.712555856,  ,  ,1.9000094464,5.00002485894,96.0,0.0,  ,  ,0.0,  ,  
2019-12-29 22:10:00,-4.4,-4.98187669807,760.712555856,  ,  ,2.03917680497,4.80002386458,95.6958333333,0.0,  ,  ,0.0,  ,  
2019-12-29 22:15:00,-4.4,-5.031359593,760.630060249,  ,  ,2.10001044075,3.90001938997,95.3375,0.0,  ,  ,0.0,  ,  
2019-12-29 22:20:00,-4.31958333333,-4.85995775168,760.487537352,  ,  ,2.30876147862,4.80002386458,96.0,0.0,  ,  ,0.0,  ,  
2019-12-29 22:25:00,-4.3,-4.84046500455,760.487537352,  ,  ,2.40001193229,3.60001789844,96.0,0.0,  ,  ,0.0,  ,  
2019-12-29 22:30:00,-4.3,-4.84046500455,760.487537352,  ,  ,2.330428253,3.60001789844,96.0,0.0,  ,  ,0.0,  ,  
2019-12-29 22:35:00,-4.3,-4.84046500455,760.487537352,  ,  ,2.30001143511,3.90001938997,96.0,0.0,  ,  ,0.0,  ,  
2019-12-29 22:40:00,-4.3,-4.84046500455,760.487537352,  ,  ,2.3695951144,3.90001938997,96.0,0.0,  ,  ,0.0,  ,  
2019-12-29 22:45:00,-4.24291666667,-4.78364576358,760.460092423,  ,  ,2.40001193229,2.90001441819,96.0,0.0,  ,  ,0.0,  ,  
2019-12-29 22:50:00,-4.2,-4.74092769049,760.412531184,  ,  ,1.70417513942,4.10002038433,96.0,0.0,  ,  ,0.0,  ,  
2019-12-29 22:55:00,-4.2,-4.74092769049,760.412531184,  ,  ,1.4000069605,2.80001392101,96.0,0.0,  ,  ,0.0,  ,  
2019-12-29 23:00:00,-4.19666666667,-4.73760978342,760.357342199,  ,  ,1.67834167765,4.60002287023,96.0,0.0,  ,  ,0.0,  ,  
2019-12-29 23:05:00,-4.12625,-4.66751904792,760.262518848,  ,  ,1.80000894922,5.50002734483,96.0,0.0,  ,  ,0.0,  ,  
2019-12-29 23:10:00,-4.1,-4.64139057394,760.262518848,  ,  ,2.21751102494,4.10002038433,96.0,0.0,  ,  ,0.0,  ,  
2019-12-29 23:15:00,-4.1,-4.64139057394,760.235006645,  ,  ,2.40001193229,4.80002386458,96.0,0.0,  ,  ,0.0,  ,  
2019-12-29 23:20:00,-4.1,-4.64139057394,760.18751268,  ,  ,1.843342498,5.30002635048,96.0,0.0,  ,  ,0.0,  ,  
2019-12-29 23:25:00,-4.1,-4.64139057394,760.18751268,  ,  ,1.60000795486,5.00002485894,96.0,0.0,  ,  ,0.0,  ,  
2019-12-29 23:30:00,-4.1,-4.64139057394,760.104976072,  ,  ,2.15667738916,3.90001938997,96.0,0.0,  ,  ,0.0,  ,  
2019-12-29 23:35:00,-4.1,-4.63679701316,759.962494176,  ,  ,2.40001193229,4.10002038433,96.0333333333,0.0,  ,  ,0.0,  ,  
2019-12-29 23:40:00,-4.1,-4.64139057394,759.962494176,  ,  ,2.19126089443,4.10002038433,96.0,0.0,  ,  ,0.0,  ,  
2019-12-29 23:45:00,-4.1,-4.64139057394,759.935042888,  ,  ,2.10001044075,5.60002784201,96.0,0.0,  ,  ,0.0,  ,  
2019-12-29 23:50:00,-4.1,-4.64139057394,759.887488008,  ,  ,2.30876147862,5.10002535612,96.0,0.0,  ,  ,0.0,  ,  
  

    

