Time,TemperatureC,DewpointC,PressurehPa,WindDirection,WindDirectionDegrees,WindSpeedKMH,WindSpeedGustKMH,Humidity,HourlyPrecipMM,Conditions,Clouds,dailyrainMM,SoftwareType,DateUTC
                
2019-06-30 00:00:00,12.24875,8.73704444708,742.786081704,  ,  ,0.816254058222,2.40001193229,79.1333333333,0.0,  ,  ,0.0,  ,  
2019-06-30 00:05:00,12.12875,8.64916179528,742.786081704,  ,  ,0.80000397743,2.40001193229,79.2875,0.0,  ,  ,0.0,  ,  
2019-06-30 00:10:00,12.06875,8.71923342093,742.786081704,  ,  ,0.632503144656,1.9000094464,79.9791666667,0.0,  ,  ,0.0,  ,  
2019-06-30 00:15:00,11.9220833333,8.58032118106,742.786081704,  ,  ,0.600002983073,2.10001044075,80.0,0.0,  ,  ,0.0,  ,  
2019-06-30 00:20:00,11.8154166667,8.59524917993,742.786081704,  ,  ,0.600002983073,1.60000795486,80.6458333333,0.0,  ,  ,0.0,  ,  
2019-06-30 00:25:00,11.7454166667,8.59177889938,742.786081704,  ,  ,0.600002983073,1.9000094464,81.0,0.0,  ,  ,0.0,  ,  
2019-06-30 00:30:00,11.6620833333,8.67607660372,742.786081704,  ,  ,0.0975004847493,0.80000397743,81.9125,0.0,  ,  ,0.0,  ,  
2019-06-30 00:35:00,11.4941666667,8.69147482826,742.783323028,  ,  ,0.0,0.900004474609,82.9125,0.0,  ,  ,0.0,  ,  
2019-06-30 00:40:00,11.2908333333,8.50826227835,742.711075536,  ,  ,0.0,1.4000069605,83.0,0.0,  ,  ,0.0,  ,  
2019-06-30 00:45:00,11.1254166667,8.46896690469,742.711075536,  ,  ,0.0,1.60000795486,83.6916666667,0.0,  ,  ,0.0,  ,  
2019-06-30 00:50:00,10.9875,8.44665548335,742.713981885,  ,  ,0.0,0.80000397743,84.3333333333,0.0,  ,  ,0.0,  ,  
2019-06-30 00:55:00,10.8654166667,8.29569833559,742.786081704,  ,  ,0.0,0.900004474609,84.1541666667,0.0,  ,  ,0.0,  ,  
2019-06-30 01:00:00,10.7220833333,8.12831624318,742.786081704,  ,  ,0.0,2.30001143511,84.0,0.0,  ,  ,0.0,  ,  
2019-06-30 01:05:00,10.5708333333,8.14495196576,742.786081704,  ,  ,0.0,0.900004474609,84.9458333333,0.0,  ,  ,0.0,  ,  
2019-06-30 01:10:00,10.4054166667,7.99212443339,742.786081704,  ,  ,0.0,0.0,85.0,0.0,  ,  ,0.0,  ,  
2019-06-30 01:15:00,10.3075,7.89610298182,742.786081704,  ,  ,0.0,0.0,85.0,0.0,  ,  ,0.0,  ,  
2019-06-30 01:20:00,10.1620833333,7.86463954666,742.788972332,  ,  ,0.0,0.0,85.6458333333,0.0,  ,  ,0.0,  ,  
2019-06-30 01:25:00,9.99083333333,7.75710027383,742.861087872,  ,  ,0.0,0.0,86.0,0.0,  ,  ,0.0,  ,  
2019-06-30 01:30:00,9.8175,7.60036445959,742.861087872,  ,  ,0.0,0.600002983073,86.0791666667,0.0,  ,  ,0.0,  ,  
2019-06-30 01:35:00,9.64416666667,7.5859755056,742.861087872,  ,  ,0.0,0.0,87.0,0.0,  ,  ,0.0,  ,  
2019-06-30 01:40:00,9.41416666667,7.45131625532,742.861087872,  ,  ,0.0,0.0,87.5458333333,0.0,  ,  ,0.0,  ,  
2019-06-30 01:45:00,9.24208333333,7.35762709886,742.861087872,  ,  ,0.0,0.0,88.0,0.0,  ,  ,0.0,  ,  
2019-06-30 01:50:00,9.05291666667,7.17133545189,742.861087872,  ,  ,0.0,0.0,88.0,0.0,  ,  ,0.0,  ,  
2019-06-30 01:55:00,8.87541666667,7.02068531231,742.861087872,  ,  ,0.0,0.0,88.1458333333,0.0,  ,  ,0.0,  ,  
2019-06-30 02:00:00,8.75875,6.99166443491,742.861087872,  ,  ,0.0,0.0,88.6666666667,0.0,  ,  ,0.0,  ,  
2019-06-30 02:05:00,8.65208333333,6.94121607176,742.864143265,  ,  ,0.0,0.0,89.0,0.0,  ,  ,0.0,  ,  
2019-06-30 02:10:00,8.58541666667,6.97002528408,742.93609404,  ,  ,0.0,1.10000546897,89.5791666667,0.0,  ,  ,0.0,  ,  
2019-06-30 02:15:00,8.48666666667,6.94087869264,742.93609404,  ,  ,0.0,0.0,90.0,0.0,  ,  ,0.0,  ,  
2019-06-30 02:20:00,8.54125,7.15271073853,742.93609404,  ,  ,0.0,0.0,90.9791666667,0.0,  ,  ,0.0,  ,  
2019-06-30 02:25:00,8.6,7.10473151587,742.93609404,  ,  ,0.0,0.0,90.3208333333,0.0,  ,  ,0.0,  ,  
2019-06-30 02:30:00,8.6,7.05279294731,742.93609404,  ,  ,0.0,0.0,90.0,0.0,  ,  ,0.0,  ,  
2019-06-30 02:35:00,8.48416666667,6.93840998855,742.93609404,  ,  ,0.0,0.0,90.0,0.0,  ,  ,0.0,  ,  
2019-06-30 02:40:00,8.4,6.85529676723,742.93609404,  ,  ,0.0,0.0,90.0,0.0,  ,  ,0.0,  ,  
2019-06-30 02:45:00,8.53916666667,6.99272140575,742.93609404,  ,  ,0.0,0.0,90.0,0.0,  ,  ,0.0,  ,  
2019-06-30 02:50:00,8.63791666667,7.09023470425,742.93609404,  ,  ,0.0,1.30000646332,90.0,0.0,  ,  ,0.0,  ,  
2019-06-30 02:55:00,8.72791666667,7.1445808315,742.93609404,  ,  ,0.0,1.60000795486,89.7875,0.0,  ,  ,0.0,  ,  
2019-06-30 03:00:00,8.84791666667,7.13433773528,742.93609404,  ,  ,0.0,2.80001392101,89.0,0.0,  ,  ,0.0,  ,  
2019-06-30 03:05:00,8.94125,7.13100813227,742.93609404,  ,  ,0.0,1.60000795486,88.4208333333,0.0,  ,  ,0.0,  ,  
2019-06-30 03:10:00,9.06125,7.19060496967,742.93609404,  ,  ,0.0,2.10001044075,88.0666666667,0.0,  ,  ,0.0,  ,  
2019-06-30 03:15:00,9.17125,7.28787056984,742.93609404,  ,  ,0.0,2.30001143511,88.0,0.0,  ,  ,0.0,  ,  
2019-06-30 03:20:00,9.26791666667,7.38306763932,742.93609404,  ,  ,0.670003331098,1.60000795486,88.0,0.0,  ,  ,0.0,  ,  
2019-06-30 03:25:00,9.3,7.41466309271,742.93609404,  ,  ,0.80000397743,1.60000795486,88.0,0.0,  ,  ,0.0,  ,  
2019-06-30 03:30:00,9.27208333333,7.27943391524,742.93609404,  ,  ,0.130000646332,1.60000795486,87.3541666667,0.0,  ,  ,0.0,  ,  
2019-06-30 03:35:00,9.16208333333,7.12864684832,742.933038647,  ,  ,0.0,0.0,87.1,0.0,  ,  ,0.0,  ,  
2019-06-30 03:40:00,8.94958333333,6.9028875987,742.861087872,  ,  ,0.0,0.0,87.0,0.0,  ,  ,0.0,  ,  
2019-06-30 03:45:00,8.71416666667,6.82530872518,742.861087872,  ,  ,0.0,0.0,87.925,0.0,  ,  ,0.0,  ,  
2019-06-30 03:50:00,8.45958333333,6.60145389527,742.864092626,  ,  ,0.0,1.30000646332,88.0875,0.0,  ,  ,0.0,  ,  
2019-06-30 03:55:00,8.2175,6.47655457552,742.93609404,  ,  ,0.0,0.0,88.7791666667,0.0,  ,  ,0.0,  ,  
2019-06-30 04:00:00,7.97083333333,6.28770026647,742.93609404,  ,  ,0.0,0.0,89.1125,0.0,  ,  ,0.0,  ,  
2019-06-30 04:05:00,7.7475,6.21095146989,742.939134831,  ,  ,0.0,0.0,90.0,0.0,  ,  ,0.0,  ,  
2019-06-30 04:10:00,7.61875,6.21398909023,743.011100208,  ,  ,0.0,0.0,90.8125,0.0,  ,  ,0.0,  ,  
2019-06-30 04:15:00,7.45416666667,6.08114073891,743.011100208,  ,  ,0.0,0.0,91.0,0.0,  ,  ,0.0,  ,  
2019-06-30 04:20:00,7.32875,5.99614752846,743.014167792,  ,  ,0.0,0.0,91.2458333333,0.0,  ,  ,0.0,  ,  
2019-06-30 04:25:00,7.29,6.07691929816,743.086106376,  ,  ,0.0,1.30000646332,92.0,0.0,  ,  ,0.0,  ,  
2019-06-30 04:30:00,7.21208333333,5.99977221649,743.086106376,  ,  ,0.0,1.10000546897,92.0,0.0,  ,  ,0.0,  ,  
2019-06-30 04:35:00,7.2,5.9878082088,743.09214564,  ,  ,0.0,1.4000069605,92.0,0.0,  ,  ,0.0,  ,  
2019-06-30 04:40:00,7.2,5.98977356951,743.236118712,  ,  ,0.0,0.0,92.0125,0.0,  ,  ,0.0,  ,  
2019-06-30 04:45:00,7.2,6.13910609581,743.236118712,  ,  ,0.0,0.0,92.9666666667,0.0,  ,  ,0.0,  ,  
2019-06-30 04:50:00,7.25791666667,6.20171685149,743.239174105,  ,  ,0.0,0.0,93.0,0.0,  ,  ,0.0,  ,  
2019-06-30 04:55:00,7.37916666667,6.32192324726,743.31112488,  ,  ,0.0,0.900004474609,93.0,0.0,  ,  ,0.0,  ,  
2019-06-30 05:00:00,7.58916666667,6.46030973293,743.31112488,  ,  ,0.0,0.80000397743,92.5541666667,0.0,  ,  ,0.0,  ,  
2019-06-30 05:05:00,7.73125,6.51380647586,743.31112488,  ,  ,0.0,0.600002983073,92.0,0.0,  ,  ,0.0,  ,  
2019-06-30 05:10:00,7.85791666667,6.63921929697,743.31112488,  ,  ,0.0,0.80000397743,92.0,0.0,  ,  ,0.0,  ,  
2019-06-30 05:15:00,7.99916666667,6.84225385855,743.31112488,  ,  ,0.0,0.80000397743,92.4,0.0,  ,  ,0.0,  ,  
2019-06-30 05:20:00,8.15458333333,6.79304390963,743.308069487,  ,  ,0.0,0.600002983073,91.1208333333,0.0,  ,  ,0.0,  ,  
2019-06-30 05:25:00,8.26458333333,6.89316250994,743.236118712,  ,  ,0.0,0.0,91.0666666667,0.0,  ,  ,0.0,  ,  
2019-06-30 05:30:00,8.52833333333,7.1432829431,743.236118712,  ,  ,0.0,0.0,91.0,0.0,  ,  ,0.0,  ,  
2019-06-30 05:35:00,8.85041666667,7.31766318327,743.236118712,  ,  ,0.0,1.10000546897,90.1083333333,0.0,  ,  ,0.0,  ,  
2019-06-30 05:40:00,9.21166666667,7.53139665692,743.236118712,  ,  ,0.0,1.30000646332,89.2333333333,0.0,  ,  ,0.0,  ,  
2019-06-30 05:45:00,9.53708333333,7.67380872429,743.236118712,  ,  ,0.0,1.30000646332,88.1541666667,0.0,  ,  ,0.0,  ,  
2019-06-30 05:50:00,9.86833333333,7.8884965778,743.239138344,  ,  ,0.0,0.900004474609,87.4875,0.0,  ,  ,0.0,  ,  
2019-06-30 05:55:00,10.22375,8.03491695075,743.31112488,  ,  ,0.0,1.30000646332,86.2875,0.0,  ,  ,0.0,  ,  
2019-06-30 06:00:00,10.5270833333,8.17265277241,743.31112488,  ,  ,0.0,0.0,85.3541666667,0.0,  ,  ,0.0,  ,  
2019-06-30 06:05:00,10.7691666667,8.2247495202,743.31112488,  ,  ,0.0,1.4000069605,84.2875,0.0,  ,  ,0.0,  ,  
2019-06-30 06:10:00,10.9925,8.36161598207,743.31112488,  ,  ,0.0,1.80000894922,83.8208333333,0.0,  ,  ,0.0,  ,  
2019-06-30 06:15:00,11.2425,8.35992083192,743.31112488,  ,  ,0.0,1.60000795486,82.4333333333,0.0,  ,  ,0.0,  ,  
2019-06-30 06:20:00,11.4270833333,8.60954240179,743.314129634,  ,  ,0.0,1.10000546897,82.8208333333,0.0,  ,  ,0.0,  ,  
2019-06-30 06:25:00,11.6925,8.64698328875,743.386131048,  ,  ,0.0,0.900004474609,81.5875,0.0,  ,  ,0.0,  ,  
2019-06-30 06:30:00,11.8379166667,8.69640102369,743.386131048,  ,  ,0.0,1.80000894922,81.0791666667,0.0,  ,  ,0.0,  ,  
2019-06-30 06:35:00,11.9225,8.87139765945,743.383111416,  ,  ,0.0,2.80001392101,81.5875,0.0,  ,  ,0.0,  ,  
2019-06-30 06:40:00,12.0641666667,8.89031812986,743.31112488,  ,  ,0.502502498324,2.40001193229,80.9333333333,0.0,  ,  ,0.0,  ,  
2019-06-30 06:45:00,11.7575,8.71493688336,743.31112488,  ,  ,0.600002983073,2.80001392101,81.6125,0.0,  ,  ,0.0,  ,  
2019-06-30 06:50:00,11.6820833333,8.79535794277,743.308069487,  ,  ,0.600002983073,1.9000094464,82.4666666667,0.0,  ,  ,0.0,  ,  
2019-06-30 06:55:00,11.6133333333,8.70650074071,743.236118712,  ,  ,0.600002983073,2.60001292665,82.3458333333,0.0,  ,  ,0.0,  ,  
2019-06-30 07:00:00,11.6758333333,8.92851232697,743.236118712,  ,  ,0.600002983073,1.60000795486,83.2458333333,0.0,  ,  ,0.0,  ,  
2019-06-30 07:05:00,11.8491666667,9.09730357274,743.23309908,  ,  ,0.600002983073,1.10000546897,83.2416666667,0.0,  ,  ,0.0,  ,  
2019-06-30 07:10:00,12.08125,9.07468779531,743.161112544,  ,  ,0.0975004847493,1.4000069605,81.8541666667,0.0,  ,  ,0.0,  ,  
2019-06-30 07:15:00,12.1079166667,8.99008038648,743.161112544,  ,  ,0.0,1.10000546897,81.2458333333,0.0,  ,  ,0.0,  ,  
2019-06-30 07:20:00,12.21,9.22679232569,743.161112544,  ,  ,0.0,1.4000069605,82.0,0.0,  ,  ,0.0,  ,  
2019-06-30 07:25:00,12.375,9.37351068909,743.161112544,  ,  ,0.0,1.4000069605,81.9208333333,0.0,  ,  ,0.0,  ,  
2019-06-30 07:30:00,12.63125,9.51034009386,743.161112544,  ,  ,0.0,2.10001044075,81.3,0.0,  ,  ,0.0,  ,  
2019-06-30 07:35:00,12.9583333333,9.7864224425,743.164154857,  ,  ,0.0,1.10000546897,81.0666666667,0.0,  ,  ,0.0,  ,  
2019-06-30 07:40:00,13.2491666667,9.92559111793,743.236118712,  ,  ,0.0,1.9000094464,80.2875,0.0,  ,  ,0.0,  ,  
2019-06-30 07:45:00,13.42375,9.98342891255,743.236118712,  ,  ,0.0,2.10001044075,79.6875,0.0,  ,  ,0.0,  ,  
2019-06-30 07:50:00,13.5933333333,9.85162516742,743.230079448,  ,  ,0.502502498324,1.9000094464,78.1208333333,0.0,  ,  ,0.0,  ,  
2019-06-30 07:55:00,13.5966666667,9.79983039388,743.086106376,  ,  ,0.600002983073,1.80000894922,77.8333333333,0.0,  ,  ,0.0,  ,  
2019-06-30 08:00:00,13.6845833333,9.76075244647,743.086106376,  ,  ,0.600002983073,2.10001044075,77.1875,0.0,  ,  ,0.0,  ,  
2019-06-30 08:05:00,13.8225,9.88633296728,743.083050983,  ,  ,0.600002983073,1.80000894922,77.1458333333,0.0,  ,  ,0.0,  ,  
2019-06-30 08:10:00,14.125,10.1616391846,743.011100208,  ,  ,0.0975004847493,1.80000894922,77.0541666667,0.0,  ,  ,0.0,  ,  
2019-06-30 08:15:00,14.4604166667,10.2446969367,743.011100208,  ,  ,0.0,1.80000894922,75.8208333333,0.0,  ,  ,0.0,  ,  
2019-06-30 08:20:00,14.8016666667,10.5481986755,743.01411984,  ,  ,0.0,2.90001441819,75.6875,0.0,  ,  ,0.0,  ,  
2019-06-30 08:25:00,15.1358333333,10.7247364301,743.086106376,  ,  ,0.0,3.10001541254,74.9541666667,0.0,  ,  ,0.0,  ,  
2019-06-30 08:30:00,15.3125,10.7363870884,743.086106376,  ,  ,0.670003331098,2.30001143511,74.1666666667,0.0,  ,  ,0.0,  ,  
2019-06-30 08:35:00,15.2941666667,10.7009660838,743.086106376,  ,  ,0.80000397743,2.40001193229,74.0791666667,0.0,  ,  ,0.0,  ,  
2019-06-30 08:40:00,15.2858333333,10.8117171232,743.086106376,  ,  ,0.632503144656,1.9000094464,74.6666666667,0.0,  ,  ,0.0,  ,  
2019-06-30 08:45:00,15.4558333333,11.0428745886,743.086106376,  ,  ,0.600002983073,2.80001392101,75.0,0.0,  ,  ,0.0,  ,  
2019-06-30 08:50:00,15.825,11.3429183182,743.083050983,  ,  ,0.600002983073,1.30000646332,74.7208333333,0.0,  ,  ,0.0,  ,  
2019-06-30 08:55:00,16.1558333333,11.3484732581,743.011100208,  ,  ,0.600002983073,1.4000069605,73.1875,0.0,  ,  ,0.0,  ,  
2019-06-30 09:00:00,16.3604166667,11.5177864696,743.011100208,  ,  ,0.0975004847493,3.3000164069,73.0541666667,0.0,  ,  ,0.0,  ,  
2019-06-30 09:05:00,16.4220833333,11.4297258841,743.011100208,  ,  ,0.0,3.3000164069,72.3458333333,0.0,  ,  ,0.0,  ,  
2019-06-30 09:10:00,16.5504166667,11.557422801,743.011100208,  ,  ,0.502502498324,3.3000164069,72.3666666667,0.0,  ,  ,0.0,  ,  
2019-06-30 09:15:00,16.8716666667,11.9263433037,743.011100208,  ,  ,0.600002983073,2.10001044075,72.6541666667,0.0,  ,  ,0.0,  ,  
2019-06-30 09:20:00,17.2458333333,12.1061979348,743.011100208,  ,  ,0.767503815847,1.10000546897,71.8,0.0,  ,  ,0.0,  ,  
2019-06-30 09:25:00,17.0616666667,12.1421276593,743.011100208,  ,  ,0.80000397743,1.30000646332,72.8125,0.0,  ,  ,0.0,  ,  
2019-06-30 09:30:00,16.8254166667,11.9816600782,743.011100208,  ,  ,0.130000646332,1.4000069605,73.1333333333,0.0,  ,  ,0.0,  ,  
2019-06-30 09:35:00,16.98375,12.0131897407,743.008043297,  ,  ,0.0,1.80000894922,72.5541666667,0.0,  ,  ,0.0,  ,  
2019-06-30 09:40:00,17.0766666667,12.1635145064,742.93609404,  ,  ,0.0,0.80000397743,72.8458333333,0.0,  ,  ,0.0,  ,  
2019-06-30 09:45:00,17.0754166667,12.2083551304,742.93609404,  ,  ,0.0,1.80000894922,73.0666666667,0.0,  ,  ,0.0,  ,  
2019-06-30 09:50:00,16.9633333333,12.0031538108,742.93609404,  ,  ,0.0,1.4000069605,72.6,0.0,  ,  ,0.0,  ,  
2019-06-30 09:55:00,17.0379166667,12.2095291625,742.93609404,  ,  ,0.0,1.80000894922,73.2458333333,0.0,  ,  ,0.0,  ,  
2019-06-30 10:00:00,17.2804166667,12.3097457433,742.93609404,  ,  ,0.0,1.60000795486,72.6083333333,0.0,  ,  ,0.0,  ,  
2019-06-30 10:05:00,17.4233333333,12.3075013147,742.933053249,  ,  ,0.0,2.10001044075,71.9458333333,0.0,  ,  ,0.0,  ,  
2019-06-30 10:10:00,17.4625,12.3961970519,742.861087872,  ,  ,0.502502498324,2.10001044075,72.1875,0.0,  ,  ,0.0,  ,  
2019-06-30 10:15:00,17.8270833333,12.5905197763,742.861087872,  ,  ,0.600002983073,2.10001044075,71.4541666667,0.0,  ,  ,0.0,  ,  
2019-06-30 10:20:00,18.0470833333,12.5791140865,742.861087872,  ,  ,0.600002983073,2.10001044075,70.4208333333,0.0,  ,  ,0.0,  ,  
2019-06-30 10:25:00,18.00625,12.4730892957,742.861087872,  ,  ,0.600002983073,4.10002038433,70.1125,0.0,  ,  ,0.0,  ,  
2019-06-30 10:30:00,17.88,12.5412962132,742.861087872,  ,  ,0.767503815847,3.40001690408,70.9875,0.0,  ,  ,0.0,  ,  
2019-06-30 10:35:00,17.82,12.5248958227,742.858032479,  ,  ,0.80000397743,3.10001541254,71.1791666667,0.0,  ,  ,0.0,  ,  
2019-06-30 10:40:00,18.0404166667,12.7693276667,742.786081704,  ,  ,0.80000397743,1.9000094464,71.3333333333,0.0,  ,  ,0.0,  ,  
2019-06-30 10:45:00,18.5454166667,13.1575573359,742.786081704,  ,  ,0.80000397743,3.10001541254,70.8875,0.0,  ,  ,0.0,  ,  
2019-06-30 10:50:00,18.9008333333,13.0488319808,742.786081704,  ,  ,0.632503144656,2.60001292665,68.8416666667,0.0,  ,  ,0.0,  ,  
2019-06-30 10:55:00,18.65875,12.8111811451,742.786081704,  ,  ,0.600002983073,3.80001889279,68.8125,0.0,  ,  ,0.0,  ,  
2019-06-30 11:00:00,18.5966666667,12.9359666234,742.786081704,  ,  ,0.851254232235,2.90001441819,69.6458333333,0.0,  ,  ,0.0,  ,  
2019-06-30 11:05:00,18.6525,13.161610983,742.78004244,  ,  ,0.900004474609,1.80000894922,70.4333333333,0.0,  ,  ,0.0,  ,  
2019-06-30 11:10:00,18.9204166667,13.2474003297,742.636069368,  ,  ,0.816254058222,3.40001690408,69.6541666667,0.0,  ,  ,0.0,  ,  
2019-06-30 11:15:00,19.2916666667,13.4145891379,742.636069368,  ,  ,0.80000397743,2.60001292665,68.8083333333,0.0,  ,  ,0.0,  ,  
2019-06-30 11:20:00,19.5979166667,13.6106879173,742.633028577,  ,  ,0.80000397743,3.10001541254,68.3791666667,0.0,  ,  ,0.0,  ,  
2019-06-30 11:25:00,19.3004166667,13.2565707067,742.5610632,  ,  ,0.80000397743,3.60001789844,68.0666666667,0.0,  ,  ,0.0,  ,  
2019-06-30 11:30:00,18.9275,13.1566241056,742.5610632,  ,  ,0.883754393818,3.3000164069,69.2125,0.0,  ,  ,0.0,  ,  
2019-06-30 11:35:00,18.8508333333,13.1054878209,742.558020887,  ,  ,0.900004474609,2.90001441819,69.3125,0.0,  ,  ,0.0,  ,  
2019-06-30 11:40:00,18.6954166667,13.3166428296,742.486057032,  ,  ,0.816254058222,0.900004474609,70.9583333333,0.0,  ,  ,0.0,  ,  
2019-06-30 11:45:00,18.4895833333,13.371293297,742.486057032,  ,  ,0.80000397743,1.60000795486,72.1333333333,0.0,  ,  ,0.0,  ,  
2019-06-30 11:50:00,17.96,13.0646480476,742.49813556,  ,  ,0.130000646332,6.50003231662,73.0916666667,0.0,  ,  ,0.0,  ,  
2019-06-30 11:55:00,17.24375,12.2421442644,742.786081704,  ,  ,0.0,2.80001392101,72.4541666667,0.0,  ,  ,0.0,  ,  
2019-06-30 12:00:00,16.8775,12.3873136827,742.786081704,  ,  ,1.08875541303,2.40001193229,74.8625,0.0,  ,  ,0.0,  ,  
2019-06-30 12:05:00,16.6975,13.3794651528,742.786081704,  ,  ,1.30000646332,1.9000094464,80.7958333333,0.02398888884,  ,  ,0.508,  ,  
2019-06-30 12:10:00,16.5041666667,13.8484224019,742.786081704,  ,  ,0.713753548614,1.9000094464,84.325,4.07528888058,  ,  ,0.508,  ,  
2019-06-30 12:15:00,16.3554166667,14.0842975987,742.786081704,  ,  ,0.600002983073,1.4000069605,86.4375,2.58092221696,  ,  ,0.508,  ,  
2019-06-30 12:20:00,16.4204166667,14.6083314085,742.783062072,  ,  ,0.600002983073,2.10001044075,89.0458333333,1.81186666297,  ,  ,0.508,  ,  
2019-06-30 12:25:00,16.7158333333,14.7820622245,742.711075536,  ,  ,0.600002983073,2.60001292665,88.375,0.634999998705,  ,  ,0.508,  ,  
2019-06-30 12:30:00,16.8845833333,14.8512199541,742.711075536,  ,  ,0.851254232235,1.9000094464,87.825,5.1928888783,  ,  ,1.27,  ,  
2019-06-30 12:35:00,16.7641666667,14.8164749928,742.717186322,  ,  ,0.900004474609,1.9000094464,88.3,10.1331888682,  ,  ,1.778,  ,  
2019-06-30 12:40:00,16.5116666667,14.6379110844,742.861087872,  ,  ,0.648753225448,2.90001441819,88.7,6.71265554186,  ,  ,2.794,  ,  
2019-06-30 12:45:00,15.5066666667,13.6302842427,742.861087872,  ,  ,0.600002983073,10.600052701,88.6,50.0859776756,  ,  ,6.858,  ,  
2019-06-30 12:50:00,14.2445833333,12.9146322845,742.882475622,  ,  ,1.60500797972,4.10002038433,91.7166666667,18.4121777402,  ,  ,7.874,  ,  
2019-06-30 12:55:00,13.9075,12.8609750273,743.386131048,  ,  ,1.80000894922,1.80000894922,93.4125,5.98593332112,  ,  ,8.128,  ,  
2019-06-30 13:00:00,13.8,12.8502063092,743.386131048,  ,  ,0.795003952572,1.80000894922,94.0,3.43051189776,  ,  ,8.636,  ,  
2019-06-30 13:05:00,13.74875,12.8932707635,743.386131048,  ,  ,0.600002983073,1.9000094464,94.5791666667,3.27121211454,  ,  ,8.636,  ,  
2019-06-30 13:10:00,13.7166666667,12.9527955475,743.386131048,  ,  ,0.0975004847493,0.80000397743,95.1458333333,2.54461817663,  ,  ,8.636,  ,  
2019-06-30 13:15:00,13.79125,13.0818310236,743.386131048,  ,  ,0.0,0.0,95.4875,1.78877575393,  ,  ,8.636,  ,  
2019-06-30 13:20:00,13.8,13.0121338957,743.389171839,  ,  ,0.0,0.0,95.0,0.600363635139,  ,  ,8.636,  ,  
2019-06-30 13:25:00,13.8345833333,13.1589930565,743.461137216,  ,  ,0.0,0.0,95.7,0.0,  ,  ,8.89,  ,  
2019-06-30 13:30:00,13.8320833333,13.0762305489,743.461137216,  ,  ,0.0,0.0,95.2,0.0,  ,  ,8.89,  ,  
2019-06-30 13:35:00,13.8,13.0751479777,743.461137216,  ,  ,0.0,0.0,95.3916666667,0.0,  ,  ,8.89,  ,  
2019-06-30 13:40:00,14.035,13.5709591165,743.461137216,  ,  ,0.0,0.900004474609,97.0333333333,0.0,  ,  ,8.89,  ,  
2019-06-30 13:45:00,14.415,13.9813262192,743.461137216,  ,  ,0.0,0.900004474609,97.2333333333,0.0,  ,  ,8.89,  ,  
2019-06-30 13:50:00,14.83625,14.4064337609,743.455097952,  ,  ,0.0,1.30000646332,97.2666666667,0.0,  ,  ,8.89,  ,  
2019-06-30 13:55:00,15.2258333333,14.5764682925,743.31112488,  ,  ,0.0,0.600002983073,95.9083333333,0.0,  ,  ,8.89,  ,  
2019-06-30 14:00:00,15.4570833333,14.5913265729,743.31112488,  ,  ,0.0,1.30000646332,94.5875,0.0,  ,  ,8.89,  ,  
2019-06-30 14:05:00,15.5933333333,14.5472782721,743.314180273,  ,  ,0.0,0.900004474609,93.5,0.0,  ,  ,8.89,  ,  
2019-06-30 14:10:00,15.6,14.6475855083,743.386131048,  ,  ,0.0,1.10000546897,94.0666666667,0.0,  ,  ,8.89,  ,  
2019-06-30 14:15:00,15.6991666667,14.7350018463,743.386131048,  ,  ,0.0,1.10000546897,94.0,0.0,  ,  ,8.89,  ,  
2019-06-30 14:20:00,15.82125,14.8009726245,743.383111416,  ,  ,0.0,0.600002983073,93.6666666667,0.0,  ,  ,8.89,  ,  
2019-06-30 14:25:00,15.9691666667,14.8568567366,743.31112488,  ,  ,0.0,0.0,93.1208333333,0.0,  ,  ,8.89,  ,  
2019-06-30 14:30:00,16.09,14.9585296723,743.31112488,  ,  ,0.0,0.0,93.0125,0.0,  ,  ,8.89,  ,  
2019-06-30 14:35:00,16.19125,14.9743199599,743.31112488,  ,  ,0.0,0.0,92.5083333333,0.0,  ,  ,8.89,  ,  
2019-06-30 14:40:00,16.2,14.8218303761,743.31112488,  ,  ,0.0,1.30000646332,91.5541666667,0.0,  ,  ,8.89,  ,  
2019-06-30 14:45:00,16.1320833333,14.8117888732,743.31112488,  ,  ,0.0,1.30000646332,91.8916666667,0.0,  ,  ,8.89,  ,  
2019-06-30 14:50:00,16.0541666667,14.8483410043,743.320291059,  ,  ,0.0,1.10000546897,92.5666666667,0.0,  ,  ,9.144,  ,  
2019-06-30 14:55:00,15.84875,14.6504561712,743.536143384,  ,  ,0.0,1.60000795486,92.6,0.0,  ,  ,9.144,  ,  
2019-06-30 15:00:00,15.7166666667,14.5996251038,743.536143384,  ,  ,0.0,1.80000894922,93.0791666667,0.0,  ,  ,9.144,  ,  
2019-06-30 15:05:00,15.8579166667,14.8794510378,743.539148138,  ,  ,0.0,1.9000094464,93.9208333333,0.0,  ,  ,9.144,  ,  
2019-06-30 15:10:00,16.0058333333,14.7346285933,743.611149552,  ,  ,0.0,1.60000795486,92.175,0.0,  ,  ,9.144,  ,  
2019-06-30 15:15:00,16.09,14.6017769295,743.611149552,  ,  ,0.0,0.80000397743,90.9,0.0,  ,  ,9.144,  ,  
2019-06-30 15:20:00,16.1545833333,14.4897898081,743.611149552,  ,  ,0.0,1.30000646332,89.875,0.0,  ,  ,9.144,  ,  
2019-06-30 15:25:00,16.2791666667,14.2700914118,743.611149552,  ,  ,0.0,1.60000795486,87.9083333333,0.0,  ,  ,9.144,  ,  
2019-06-30 15:30:00,16.41,14.3407967256,743.611149552,  ,  ,0.0,1.10000546897,87.5791666667,0.0,  ,  ,9.144,  ,  
2019-06-30 15:35:00,16.5758333333,14.3967243785,743.614207983,  ,  ,0.0,0.0,86.975,0.0,  ,  ,9.144,  ,  
2019-06-30 15:40:00,16.7425,14.4876178898,743.68615572,  ,  ,0.0,0.600002983073,86.5666666667,0.0,  ,  ,9.144,  ,  
2019-06-30 15:45:00,16.9091666667,14.5299667449,743.68615572,  ,  ,0.0,1.10000546897,85.8916666667,0.0,  ,  ,9.144,  ,  
2019-06-30 15:50:00,17.1504166667,15.0350919495,743.689175352,  ,  ,0.0,0.80000397743,87.3875,0.0,  ,  ,9.144,  ,  
2019-06-30 15:55:00,17.4570833333,15.2972272421,743.761161888,  ,  ,0.0,0.600002983073,87.1666666667,0.0,  ,  ,9.144,  ,  
2019-06-30 16:00:00,17.67125,15.3796586631,743.761161888,  ,  ,0.0,0.80000397743,86.4541666667,0.0,  ,  ,9.144,  ,  
2019-06-30 16:05:00,17.66875,15.2307241488,743.767272674,  ,  ,0.0,1.80000894922,85.6458333333,8.77287775988,  ,  ,10.16,  ,  
2019-06-30 16:10:00,17.1454166667,14.9751905674,743.911174224,  ,  ,0.0,1.9000094464,87.0791666667,49.2251998996,  ,  ,13.97,  ,  
2019-06-30 16:15:00,16.3791666667,14.5792701275,743.911174224,  ,  ,0.0,1.4000069605,89.1125,10.6397777561,  ,  ,14.478,  ,  
2019-06-30 16:20:00,15.9575,14.511252862,743.917213488,  ,  ,0.0,0.0,91.1375,4.21498888029,  ,  ,14.478,  ,  
2019-06-30 16:25:00,15.8041666667,14.6021060979,744.06118656,  ,  ,0.0,4.80002386458,92.575,4.46193332423,  ,  ,15.24,  ,  
2019-06-30 16:30:00,15.52625,13.5719653966,744.06118656,  ,  ,0.502502498324,2.60001292665,88.1541666667,21.2428666233,  ,  ,16.002,  ,  
2019-06-30 16:35:00,15.38875,13.8924497355,744.064241953,  ,  ,0.600002983073,0.600002983073,90.8041666667,4.05976665838,  ,  ,16.002,  ,  
2019-06-30 16:40:00,15.3979166667,14.136971082,744.136192728,  ,  ,0.0975004847493,0.600002983073,92.2,2.34103332856,  ,  ,16.002,  ,  
2019-06-30 16:45:00,15.5391666667,14.1004965791,744.136192728,  ,  ,0.0,0.0,91.1541666667,1.20508888643,  ,  ,16.002,  ,  
2019-06-30 16:50:00,15.7570833333,14.2308734666,744.133165573,  ,  ,0.0,0.0,90.6541666667,0.0,  ,  ,16.002,  ,  
2019-06-30 16:55:00,15.9033333333,13.9352245333,744.06118656,  ,  ,0.0,0.0,88.1083333333,0.0,  ,  ,16.002,  ,  
2019-06-30 17:00:00,15.9279166667,13.5460322232,744.06118656,  ,  ,0.0,0.0,85.775,0.0,  ,  ,16.002,  ,  
2019-06-30 17:05:00,16.0379166667,13.7062305483,744.06118656,  ,  ,0.0,0.0,86.0666666667,0.0,  ,  ,16.002,  ,  
2019-06-30 17:10:00,16.14125,13.859815129,744.06118656,  ,  ,0.0,0.0,86.3583333333,0.0,  ,  ,16.002,  ,  
2019-06-30 17:15:00,16.30375,14.0937217799,744.06118656,  ,  ,0.0,0.0,86.775,0.0,  ,  ,16.002,  ,  
2019-06-30 17:20:00,16.6504166667,14.3635948056,744.05818331,  ,  ,0.0,0.0,86.3791666667,0.0,  ,  ,16.002,  ,  
2019-06-30 17:25:00,17.015,14.3026867891,743.986180392,  ,  ,0.0,0.0,84.075,0.0,  ,  ,16.002,  ,  
2019-06-30 17:30:00,17.3091666667,14.365579027,743.986180392,  ,  ,0.0,0.0,82.8625,0.0,  ,  ,16.002,  ,  
2019-06-30 17:35:00,17.5491666667,14.2917384916,743.986180392,  ,  ,0.0,0.0,81.2291666667,0.0,  ,  ,16.002,  ,  
2019-06-30 17:40:00,17.6925,14.2389525497,743.986180392,  ,  ,0.0,0.0,80.225,0.0,  ,  ,16.002,  ,  
2019-06-30 17:45:00,18.0629166667,14.7286019022,743.986180392,  ,  ,0.0,0.0,80.8958333333,0.0,  ,  ,16.002,  ,  
2019-06-30 17:50:00,18.4583333333,14.583037801,743.986180392,  ,  ,0.0,0.0,78.1791666667,0.0,  ,  ,16.002,  ,  
2019-06-30 17:55:00,18.835,15.0450822322,743.986180392,  ,  ,0.0,0.0,78.6666666667,0.0,  ,  ,16.002,  ,  
2019-06-30 18:00:00,19.2670833333,15.215489338,743.986180392,  ,  ,0.0,0.0,77.4208333333,0.0,  ,  ,16.002,  ,  
2019-06-30 18:05:00,19.5425,15.2471124941,743.989124002,  ,  ,0.0,0.0,76.2625,0.0,  ,  ,16.002,  ,  
2019-06-30 18:10:00,19.6033333333,14.9739944776,744.06118656,  ,  ,0.0,0.0,74.6541666667,0.0,  ,  ,16.002,  ,  
2019-06-30 18:15:00,19.5654166667,14.7165105345,744.06118656,  ,  ,0.0,0.0,73.6,0.0,  ,  ,16.002,  ,  
2019-06-30 18:20:00,19.5166666667,14.6062267933,744.067002148,  ,  ,0.0,0.0,73.3,0.0,  ,  ,16.002,  ,  
2019-06-30 18:25:00,19.47875,14.6725493795,744.211198896,  ,  ,0.0,0.0,73.7875,0.0,  ,  ,16.002,  ,  
2019-06-30 18:30:00,19.36875,15.068055611,744.211198896,  ,  ,0.0,0.0,76.2083333333,0.0,  ,  ,16.002,  ,  
2019-06-30 18:35:00,19.1829166667,15.4116894613,744.214142506,  ,  ,0.0,0.0,78.8125,0.0,  ,  ,16.002,  ,  
2019-06-30 18:40:00,18.8283333333,15.5399875245,744.286205064,  ,  ,0.0,0.0,81.2375,0.0,  ,  ,16.002,  ,  
2019-06-30 18:45:00,18.3658333333,15.0620915188,744.286205064,  ,  ,0.0,1.4000069605,81.0958333333,0.0,  ,  ,16.002,  ,  
2019-06-30 18:50:00,17.79625,14.6900504471,744.289133233,  ,  ,0.0,0.0,82.0583333333,0.0,  ,  ,16.002,  ,  
2019-06-30 18:55:00,17.51625,14.7076690127,744.361211232,  ,  ,0.0,0.600002983073,83.6125,0.0,  ,  ,16.002,  ,  
2019-06-30 19:00:00,17.2575,14.5469591123,744.361211232,  ,  ,0.0,0.0,84.1125,0.0,  ,  ,16.002,  ,  
2019-06-30 19:05:00,17.1175,14.5975966834,744.364103308,  ,  ,0.0,0.0,85.1375,0.0,  ,  ,16.002,  ,  
2019-06-30 19:10:00,16.92875,14.8156069036,744.4362174,  ,  ,0.0,0.0,87.3791666667,0.0,  ,  ,16.002,  ,  
2019-06-30 19:15:00,16.7595833333,14.8493022811,744.4362174,  ,  ,0.0,0.80000397743,88.5125,0.0,  ,  ,16.002,  ,  
2019-06-30 19:20:00,16.5341666667,14.8016213635,744.445065813,  ,  ,0.0,0.0,89.5125,0.0,  ,  ,16.002,  ,  
2019-06-30 19:25:00,16.3854166667,14.95277126,744.661235904,  ,  ,0.0,1.10000546897,91.2458333333,0.0,  ,  ,16.002,  ,  
2019-06-30 19:30:00,16.1875,14.2106083263,744.661235904,  ,  ,0.0,1.30000646332,88.0833333333,0.0,  ,  ,16.002,  ,  
2019-06-30 19:35:00,16.01875,13.2068863288,744.673016197,  ,  ,0.0,2.80001392101,83.4166666667,0.0,  ,  ,16.002,  ,  
2019-06-30 19:40:00,15.9966666667,12.9454588416,744.961260576,  ,  ,0.502502498324,3.10001541254,82.1208333333,0.0,  ,  ,16.002,  ,  
2019-06-30 19:45:00,16.06125,12.774650079,744.961260576,  ,  ,0.600002983073,3.3000164069,80.875,0.0,  ,  ,16.002,  ,  
2019-06-30 19:50:00,16.1,12.8470231788,744.961260576,  ,  ,0.851254232235,2.40001193229,81.0583333333,0.0,  ,  ,16.002,  ,  
2019-06-30 19:55:00,15.9529166667,12.9631951324,744.961260576,  ,  ,0.900004474609,1.80000894922,82.4458333333,0.0,  ,  ,16.002,  ,  
2019-06-30 20:00:00,15.7375,13.0309145654,744.961260576,  ,  ,0.648753225448,0.900004474609,83.9583333333,0.0,  ,  ,16.002,  ,  
2019-06-30 20:05:00,15.5241666667,13.2596815737,744.955373356,  ,  ,0.600002983073,0.600002983073,86.3916666667,0.0,  ,  ,16.002,  ,  
2019-06-30 20:10:00,15.3420833333,13.1494216778,744.81124824,  ,  ,0.0975004847493,0.600002983073,86.7791666667,0.0,  ,  ,16.002,  ,  
2019-06-30 20:15:00,15.2254166667,13.2895291468,744.81124824,  ,  ,0.0,0.0,88.2333333333,0.0,  ,  ,16.002,  ,  
2019-06-30 20:20:00,15.13875,13.3239872497,744.81124824,  ,  ,0.0,0.0,88.925,0.0,  ,  ,16.002,  ,  
2019-06-30 20:25:00,15.1,13.5462853167,744.81124824,  ,  ,0.0,0.0,90.4458333333,0.0,  ,  ,16.002,  ,  
2019-06-30 20:30:00,15.1,13.479568929,744.81124824,  ,  ,0.0,0.0,90.0541666667,0.0,  ,  ,16.002,  ,  
2019-06-30 20:35:00,15.0833333333,13.5128152788,744.81124824,  ,  ,0.0,0.0,90.3458333333,0.0,  ,  ,16.002,  ,  
2019-06-30 20:40:00,15.0966666667,13.6369551079,744.81124824,  ,  ,0.0,0.0,91.0,0.0,  ,  ,16.002,  ,  
2019-06-30 20:45:00,15.1,13.6402500571,744.81124824,  ,  ,0.0,0.0,91.0,0.0,  ,  ,16.002,  ,  
2019-06-30 20:50:00,15.1,13.6796639983,744.814166186,  ,  ,0.0,0.0,91.2333333333,0.0,  ,  ,16.002,  ,  
2019-06-30 20:55:00,15.1,13.7210938236,744.886254408,  ,  ,0.0,0.0,91.4791666667,0.0,  ,  ,16.002,  ,  
2019-06-30 21:00:00,15.06875,13.7776155582,744.886254408,  ,  ,0.0,0.0,92.0,0.0,  ,  ,16.002,  ,  
2019-06-30 21:05:00,14.9620833333,13.6720355805,744.886254408,  ,  ,0.0,0.0,92.0,0.0,  ,  ,16.002,  ,  
2019-06-30 21:10:00,14.8620833333,13.573053938,744.886254408,  ,  ,0.0,0.0,92.0,0.0,  ,  ,16.002,  ,  
2019-06-30 21:15:00,14.6641666667,13.3771515913,744.886254408,  ,  ,0.0,0.0,92.0,0.0,  ,  ,16.002,  ,  
2019-06-30 21:20:00,14.4241666667,13.2964643274,744.892110745,  ,  ,0.0,0.0,92.9458333333,0.0,  ,  ,16.002,  ,  
2019-06-30 21:25:00,14.2395833333,13.1300074679,745.036266744,  ,  ,0.0,0.0,93.0458333333,0.0,  ,  ,16.51,  ,  
2019-06-30 21:30:00,14.0141666667,13.0627577392,745.036266744,  ,  ,0.0,0.0,94.0,0.0,  ,  ,16.51,  ,  
2019-06-30 21:35:00,13.8354166667,12.8853559591,745.036266744,  ,  ,0.0,0.0,94.0,0.0,  ,  ,16.51,  ,  
2019-06-30 21:40:00,13.6675,12.8071838425,745.036266744,  ,  ,0.0,0.0,94.5458333333,0.0,  ,  ,16.51,  ,  
2019-06-30 21:45:00,13.53875,12.7525173063,745.036266744,  ,  ,0.0,0.0,95.0,0.0,  ,  ,16.51,  ,  
2019-06-30 21:50:00,13.4120833333,12.708797475,745.036266744,  ,  ,0.0,0.0,95.5125,0.0,  ,  ,16.51,  ,  
2019-06-30 21:55:00,13.38875,12.7633697314,745.036266744,  ,  ,0.0,0.0,96.0,0.0,  ,  ,16.51,  ,  
2019-06-30 22:00:00,13.2966666667,12.6717444423,745.036266744,  ,  ,0.0,0.0,96.0,0.0,  ,  ,16.51,  ,  
2019-06-30 22:05:00,13.2054166667,12.5809481762,745.036266744,  ,  ,0.0,0.0,96.0,0.0,  ,  ,16.51,  ,  
2019-06-30 22:10:00,13.12875,12.5046626018,745.036266744,  ,  ,0.0,0.0,96.0,0.0,  ,  ,16.51,  ,  
2019-06-30 22:15:00,13.0308333333,12.4072324876,745.036266744,  ,  ,0.0,0.0,96.0,0.0,  ,  ,16.51,  ,  
2019-06-30 22:20:00,12.8854166667,12.2625380538,745.036266744,  ,  ,0.0,0.0,96.0,0.0,  ,  ,16.51,  ,  
2019-06-30 22:25:00,12.7920833333,12.1696680539,745.036266744,  ,  ,0.0,0.0,96.0,0.0,  ,  ,16.51,  ,  
2019-06-30 22:30:00,12.7,12.0780416802,745.036266744,  ,  ,0.0,0.0,96.0,0.0,  ,  ,16.51,  ,  
2019-06-30 22:35:00,12.6120833333,11.9905611401,745.036266744,  ,  ,0.0,0.0,96.0,0.0,  ,  ,16.51,  ,  
2019-06-30 22:40:00,12.4875,11.8665955636,745.036266744,  ,  ,0.0,0.0,96.0,0.0,  ,  ,16.51,  ,  
2019-06-30 22:45:00,12.4,11.8740308558,745.036266744,  ,  ,0.0,0.0,96.6,0.0,  ,  ,16.51,  ,  
2019-06-30 22:50:00,12.3354166667,11.8639265763,745.030376598,  ,  ,0.0,0.0,96.9458333333,0.0,  ,  ,16.51,  ,  
2019-06-30 22:55:00,12.3,11.8371159246,744.886254408,  ,  ,0.0,0.0,97.0,0.0,  ,  ,16.51,  ,  
2019-06-30 23:00:00,12.28875,11.8259075447,744.886254408,  ,  ,0.0,0.0,97.0,0.0,  ,  ,16.51,  ,  
2019-06-30 23:05:00,12.28125,11.8184352904,744.889162202,  ,  ,0.0,0.0,97.0,0.0,  ,  ,16.51,  ,  
2019-06-30 23:10:00,12.2966666667,11.8214108482,744.961260576,  ,  ,0.0,0.0,96.9208333333,0.0,  ,  ,16.51,  ,  
2019-06-30 23:15:00,12.3,11.7345140196,744.961260576,  ,  ,0.0,0.0,96.3458333333,0.0,  ,  ,16.51,  ,  
2019-06-30 23:20:00,12.2254166667,11.6458500581,744.961260576,  ,  ,0.0,0.0,96.2541666667,0.0,  ,  ,16.51,  ,  
2019-06-30 23:25:00,12.2,11.580519987,744.961260576,  ,  ,0.0,0.0,96.0,0.0,  ,  ,16.51,  ,  
2019-06-30 23:30:00,12.1154166667,11.4963554125,744.961260576,  ,  ,0.0,0.0,96.0,0.0,  ,  ,16.51,  ,  
2019-06-30 23:35:00,12.0854166667,11.5032236857,744.96416837,  ,  ,0.0,0.0,96.2333333333,0.0,  ,  ,16.51,  ,  
2019-06-30 23:40:00,11.9354166667,11.3172460942,745.036266744,  ,  ,0.0,0.0,96.0,0.0,  ,  ,16.51,  ,  
2019-06-30 23:45:00,11.82875,11.2111069371,745.036266744,  ,  ,0.0,0.0,96.0,0.0,  ,  ,16.51,  ,  
2019-06-30 23:50:00,11.7254166667,11.1396728524,745.036266744,  ,  ,0.0,0.0,96.2,0.0,  ,  ,16.51,  ,  
  

    

