Time,TemperatureC,DewpointC,PressurehPa,WindDirection,WindDirectionDegrees,WindSpeedKMH,WindSpeedGustKMH,Humidity,HourlyPrecipMM,Conditions,Clouds,dailyrainMM,SoftwareType,DateUTC
                
2019-10-30 00:00:00,1.49666666667,0.764433137329,744.635695496,  ,  ,1.63125811023,4.80002386458,94.8666666667,0.0,  ,  ,0.0,  ,  
2019-10-30 00:05:00,1.50666666667,0.739650955883,744.661235904,  ,  ,1.60000795486,4.80002386458,94.6291666667,0.0,  ,  ,0.0,  ,  
2019-10-30 00:10:00,1.46291666667,0.603860725406,744.661235904,  ,  ,1.77917551231,6.00002983073,94.0,0.0,  ,  ,0.508,  ,  
2019-10-30 00:15:00,1.4,0.541395172221,744.710714447,  ,  ,1.80000894922,5.10002535612,94.0,0.0,  ,  ,0.508,  ,  
2019-10-30 00:20:00,1.32625,0.46817381058,744.736242072,  ,  ,2.24792784283,5.30002635048,94.0,0.0,  ,  ,0.508,  ,  
2019-10-30 00:25:00,1.3,0.462306989208,744.736242072,  ,  ,2.30001143511,4.60002287023,94.1375,0.0,  ,  ,0.508,  ,  
2019-10-30 00:30:00,1.3,0.480643518959,744.736242072,  ,  ,2.12084387767,4.60002287023,94.2625,0.0,  ,  ,0.508,  ,  
2019-10-30 00:35:00,1.3,0.442111930854,744.736242072,  ,  ,2.10001044075,5.50002734483,94.0,0.0,  ,  ,0.508,  ,  
2019-10-30 00:40:00,1.29333333333,0.489895881993,744.736242072,  ,  ,1.92084288331,4.50002237305,94.3708333333,0.0,  ,  ,0.508,  ,  
2019-10-30 00:45:00,1.3,0.534306948008,744.785724532,  ,  ,1.9000094464,4.60002287023,94.6291666667,0.0,  ,  ,0.508,  ,  
2019-10-30 00:50:00,1.3,0.442111930854,744.81124824,  ,  ,2.07917700384,4.80002386458,94.0,0.0,  ,  ,0.508,  ,  
2019-10-30 00:55:00,1.26333333333,0.405708000965,744.81124824,  ,  ,2.10001044075,4.10002038433,94.0,0.0,  ,  ,0.508,  ,  
2019-10-30 01:00:00,1.24291666667,0.385437613535,744.8607307,  ,  ,1.92084288331,6.30003132226,94.0,0.0,  ,  ,0.508,  ,  
2019-10-30 01:05:00,1.2,0.426428589725,744.886254408,  ,  ,1.9000094464,5.00002485894,94.5708333333,0.0,  ,  ,0.508,  ,  
2019-10-30 01:10:00,1.17958333333,0.404926902784,744.886254408,  ,  ,1.45209055278,4.60002287023,94.5625,0.0,  ,  ,0.508,  ,  
2019-10-30 01:15:00,1.09625,0.195130562765,744.985193956,  ,  ,1.4000069605,6.80003380816,93.6958333333,0.0,  ,  ,0.508,  ,  
2019-10-30 01:20:00,1.0,0.100218040181,745.036266744,  ,  ,1.75834207539,4.80002386458,93.7,0.0,  ,  ,0.508,  ,  
2019-10-30 01:25:00,0.923333333333,-0.0790581568275,745.036266744,  ,  ,1.80000894922,5.10002535612,93.0,0.0,  ,  ,0.508,  ,  
2019-10-30 01:30:00,0.90625,-0.0959982718689,745.036266744,  ,  ,1.80000894922,4.10002038433,93.0,0.0,  ,  ,0.508,  ,  
2019-10-30 01:35:00,0.9,-0.0775703651885,745.036266744,  ,  ,1.80000894922,6.30003132226,93.1666666667,0.0,  ,  ,0.508,  ,  
2019-10-30 01:40:00,0.9,-0.122541319718,745.036266744,  ,  ,1.44167383433,6.30003132226,92.8625,0.0,  ,  ,0.508,  ,  
2019-10-30 01:45:00,0.9,-0.195510283017,744.986759691,  ,  ,1.4000069605,5.50002734483,92.3708333333,0.0,  ,  ,0.508,  ,  
2019-10-30 01:50:00,0.89,-0.201700413377,744.961260576,  ,  ,2.02709341156,6.30003132226,92.3958333333,0.0,  ,  ,0.508,  ,  
2019-10-30 01:55:00,0.80625,-0.439012738754,744.961260576,  ,  ,2.10001044075,7.1000352997,91.3625,0.0,  ,  ,0.508,  ,  
2019-10-30 02:00:00,0.78625,-0.538420049441,745.01073035,  ,  ,2.72709689181,6.10003032791,90.8333333333,0.0,  ,  ,0.508,  ,  
2019-10-30 02:05:00,0.703333333333,-0.635499414651,745.036266744,  ,  ,2.80001392101,6.10003032791,90.7333333333,0.0,  ,  ,0.508,  ,  
2019-10-30 02:10:00,0.7,-0.598612863039,745.036266744,  ,  ,2.80001392101,5.30002635048,91.0,0.0,  ,  ,0.508,  ,  
2019-10-30 02:15:00,0.7,-0.478064811826,745.036266744,  ,  ,2.80001392101,5.00002485894,91.8041666667,0.0,  ,  ,0.508,  ,  
2019-10-30 02:20:00,0.7,-0.38378104083,745.036266744,  ,  ,2.35209502739,4.10002038433,92.4375,0.0,  ,  ,0.508,  ,  
2019-10-30 02:25:00,0.65625,-0.211046334674,745.036266744,  ,  ,2.30001143511,5.10002535612,93.9041666667,0.0,  ,  ,0.508,  ,  
2019-10-30 02:30:00,0.572916666667,-0.279768936952,745.036266744,  ,  ,1.67292498405,6.00002983073,94.0,0.0,  ,  ,0.508,  ,  
2019-10-30 02:35:00,0.493333333333,-0.358783788643,745.036266744,  ,  ,1.60000795486,4.50002237305,94.0,0.0,  ,  ,0.508,  ,  
2019-10-30 02:40:00,0.399166666667,-0.388592533366,745.036266744,  ,  ,2.04792684847,5.60002784201,94.4375,0.0,  ,  ,0.508,  ,  
2019-10-30 02:45:00,0.289583333333,-0.415426252647,745.036266744,  ,  ,2.10001044075,5.50002734483,95.0041666667,0.0,  ,  ,0.508,  ,  
2019-10-30 02:50:00,0.199583333333,-0.361896097031,745.036266744,  ,  ,2.10001044075,5.30002635048,96.0,0.0,  ,  ,0.508,  ,  
2019-10-30 02:55:00,0.103333333333,-0.457692395183,745.036266744,  ,  ,2.10001044075,5.10002535612,96.0,0.0,  ,  ,0.508,  ,  
2019-10-30 03:00:00,0.1,-0.374964035265,745.036266744,  ,  ,2.2791779982,4.50002237305,96.6041666667,0.0,  ,  ,0.508,  ,  
2019-10-30 03:05:00,0.1,-0.318846765162,745.036266744,  ,  ,2.30001143511,3.60001789844,97.0,0.0,  ,  ,0.508,  ,  
2019-10-30 03:10:00,0.1,-0.318846765162,745.036266744,  ,  ,1.67292498405,4.50002237305,97.0,0.0,  ,  ,0.508,  ,  
2019-10-30 03:15:00,0.1,-0.318846765162,745.036266744,  ,  ,1.60000795486,3.60001789844,97.0,0.0,  ,  ,0.508,  ,  
2019-10-30 03:20:00,0.0595833333333,-0.359121194248,745.036266744,  ,  ,1.42084039742,4.60002287023,97.0,0.0,  ,  ,0.508,  ,  
2019-10-30 03:25:00,-0.0370833333333,-0.455447761622,745.036266744,  ,  ,1.4000069605,5.00002485894,97.0,0.0,  ,  ,0.508,  ,  
2019-10-30 03:30:00,-0.1,-0.518143144666,745.085749204,  ,  ,1.4000069605,6.30003132226,97.0,0.0,  ,  ,0.508,  ,  
2019-10-30 03:35:00,-0.0433333333333,-0.509452833049,745.111272912,  ,  ,1.4000069605,4.80002386458,96.6625,0.0,  ,  ,0.508,  ,  
2019-10-30 03:40:00,-0.00625,-0.566759398915,745.111272912,  ,  ,1.84792585412,5.00002485894,96.0,0.0,  ,  ,0.508,  ,  
2019-10-30 03:45:00,0.0,-0.651776465592,745.111272912,  ,  ,1.9000094464,5.60002784201,95.3625,0.0,  ,  ,0.508,  ,  
2019-10-30 03:50:00,-0.07375,-0.7772114839,745.111272912,  ,  ,2.34792834001,5.50002734483,95.0,0.0,  ,  ,0.508,  ,  
2019-10-30 03:55:00,-0.0966666666667,-0.799992674309,745.111272912,  ,  ,2.40001193229,4.50002237305,95.0,0.0,  ,  ,0.508,  ,  
2019-10-30 04:00:00,-0.1,-0.803306303089,745.111272912,  ,  ,2.31042815357,4.10002038433,95.0,0.0,  ,  ,0.508,  ,  
2019-10-30 04:05:00,-0.0533333333333,-0.776122166645,745.111272912,  ,  ,2.30001143511,5.60002784201,94.8666666667,0.0,  ,  ,0.508,  ,  
2019-10-30 04:10:00,-0.1,-0.803306303089,745.111272912,  ,  ,1.94167632022,5.60002784201,95.0,0.0,  ,  ,0.508,  ,  
2019-10-30 04:15:00,-0.120416666667,-0.823602285368,745.111272912,  ,  ,1.9000094464,6.10003032791,95.0,0.0,  ,  ,0.508,  ,  
2019-10-30 04:20:00,-0.2,-0.873387414064,745.111272912,  ,  ,2.07917700384,6.6000328138,95.2041666667,0.0,  ,  ,0.508,  ,  
2019-10-30 04:25:00,-0.2,-0.869800069415,745.111272912,  ,  ,2.10001044075,5.60002784201,95.2291666667,0.0,  ,  ,0.508,  ,  
2019-10-30 04:30:00,-0.260416666667,-0.847638378374,745.160701113,  ,  ,1.92084288331,6.80003380816,95.8041666667,0.0,  ,  ,0.508,  ,  
2019-10-30 04:35:00,-0.35375,-0.936947859756,745.18627908,  ,  ,1.9000094464,6.50003231662,95.8291666667,0.0,  ,  ,0.508,  ,  
2019-10-30 04:40:00,-0.4,-1.01029654889,745.18627908,  ,  ,2.25834456129,3.80001889279,95.6375,0.0,  ,  ,0.508,  ,  
2019-10-30 04:45:00,-0.426666666667,-0.985197366241,745.235724279,  ,  ,2.30001143511,4.60002287023,96.0,0.0,  ,  ,0.508,  ,  
2019-10-30 04:50:00,-0.4,-0.958656103088,745.261285248,  ,  ,1.67292498405,5.10002535612,96.0,0.0,  ,  ,0.508,  ,  
2019-10-30 04:55:00,-0.4,-0.958656103088,745.261285248,  ,  ,1.60000795486,4.50002237305,96.0,0.0,  ,  ,0.508,  ,  
2019-10-30 05:00:00,-0.4,-0.958656103088,745.310755022,  ,  ,1.77917551231,5.30002635048,96.0,0.0,  ,  ,0.508,  ,  
2019-10-30 05:05:00,-0.4,-0.958656103088,745.336291416,  ,  ,1.80000894922,5.00002485894,96.0,0.0,  ,  ,0.508,  ,  
2019-10-30 05:10:00,-0.4,-0.958656103088,745.336291416,  ,  ,1.88959272794,5.60002784201,96.0,0.0,  ,  ,0.508,  ,  
2019-10-30 05:15:00,-0.40375,-0.962981036288,745.336291416,  ,  ,1.9000094464,9.80004872352,95.9958333333,0.0,  ,  ,0.508,  ,  
2019-10-30 05:20:00,-0.40625,-1.10774712138,745.336291416,  ,  ,2.7062634549,7.80003877995,95.0,0.0,  ,  ,0.508,  ,  
2019-10-30 05:25:00,-0.4,-1.10153402023,745.336291416,  ,  ,2.80001392101,4.50002237305,95.0,0.0,  ,  ,0.508,  ,  
2019-10-30 05:30:00,-0.4,-1.10213212313,745.435181813,  ,  ,2.62084636356,7.30003629405,94.9958333333,0.0,  ,  ,0.508,  ,  
2019-10-30 05:35:00,-0.329583333333,-1.14626200783,745.486303752,  ,  ,2.60001292665,5.60002784201,94.2041666667,0.0,  ,  ,0.508,  ,  
2019-10-30 05:40:00,-0.3,-1.13739978842,745.486303752,  ,  ,2.15209403304,8.10004027148,94.0625,0.0,  ,  ,0.508,  ,  
2019-10-30 05:45:00,-0.3,-1.15129504424,745.486303752,  ,  ,2.10001044075,6.6000328138,93.9666666667,0.0,  ,  ,0.508,  ,  
2019-10-30 05:50:00,-0.296666666667,-1.0756240175,745.486303752,  ,  ,2.72709689181,6.50003231662,94.4666666667,0.0,  ,  ,0.508,  ,  
2019-10-30 05:55:00,-0.3,-1.14646049028,745.486303752,  ,  ,2.80001392101,7.50003728841,94.0,0.0,  ,  ,0.508,  ,  
2019-10-30 06:00:00,-0.3,-1.11205813065,745.535732817,  ,  ,2.62084636356,6.30003132226,94.2375,0.0,  ,  ,0.508,  ,  
2019-10-30 06:05:00,-0.3,-1.02129144374,745.56130992,  ,  ,2.60001292665,4.60002287023,94.8666666667,0.0,  ,  ,0.508,  ,  
2019-10-30 06:10:00,-0.303333333333,-1.00543817906,745.56130992,  ,  ,2.15209403304,3.60001789844,95.0,0.0,  ,  ,0.508,  ,  
2019-10-30 06:15:00,-0.3,-0.992550001304,745.56130992,  ,  ,2.10001044075,4.80002386458,95.0666666667,0.0,  ,  ,0.508,  ,  
2019-10-30 06:20:00,-0.3,-1.00212453349,745.56130992,  ,  ,1.83125910459,7.30003629405,95.0,0.0,  ,  ,0.508,  ,  
2019-10-30 06:25:00,-0.3,-1.00212453349,745.56130992,  ,  ,1.80000894922,7.1000352997,95.0,0.0,  ,  ,0.508,  ,  
2019-10-30 06:30:00,-0.387083333333,-1.08390910711,745.56130992,  ,  ,2.78543051517,6.10003032791,95.0333333333,0.0,  ,  ,0.508,  ,  
2019-10-30 06:35:00,-0.4,-1.08180963282,745.56130992,  ,  ,2.90001441819,6.50003231662,95.1375,0.0,  ,  ,0.508,  ,  
2019-10-30 06:40:00,-0.4,-1.00138068347,745.56130992,  ,  ,2.63126308202,6.6000328138,95.7,0.0,  ,  ,0.508,  ,  
2019-10-30 06:45:00,-0.403333333333,-1.03800843424,745.610755119,  ,  ,2.60001292665,5.80002883637,95.4666666667,0.0,  ,  ,0.508,  ,  
2019-10-30 06:50:00,-0.5375,-1.20540045642,745.636316088,  ,  ,3.04793182026,6.50003231662,95.2291666667,0.0,  ,  ,0.508,  ,  
2019-10-30 06:55:00,-0.6,-1.30035373679,745.636316088,  ,  ,3.10001541254,5.60002784201,95.0,0.0,  ,  ,0.508,  ,  
2019-10-30 07:00:00,-0.6,-1.30035373679,745.735255636,  ,  ,3.27918296999,5.80002883637,95.0,0.0,  ,  ,0.508,  ,  
2019-10-30 07:05:00,-0.6,-1.20511518404,745.786328424,  ,  ,3.3000164069,4.80002386458,95.6666666667,0.0,  ,  ,0.508,  ,  
2019-10-30 07:10:00,-0.6,-1.25682803655,745.786328424,  ,  ,2.67292995584,5.30002635048,95.3041666667,0.0,  ,  ,0.508,  ,  
2019-10-30 07:15:00,-0.6,-1.171920389,745.835760918,  ,  ,2.60001292665,6.50003231662,95.9,0.0,  ,  ,0.508,  ,  
2019-10-30 07:20:00,-0.66375,-1.27862599692,745.861334592,  ,  ,2.77918048409,6.6000328138,95.5958333333,0.0,  ,  ,0.508,  ,  
2019-10-30 07:25:00,-0.7,-1.39916739371,745.861334592,  ,  ,2.80001392101,7.60003778559,95.0041666667,0.0,  ,  ,0.508,  ,  
2019-10-30 07:30:00,-0.7,-1.29038238454,745.960224989,  ,  ,3.51668415079,6.00002983073,95.7666666667,0.0,  ,  ,0.508,  ,  
2019-10-30 07:35:00,-0.7,-1.36698678733,746.011346928,  ,  ,3.60001789844,5.50002734483,95.2291666667,0.0,  ,  ,0.508,  ,  
2019-10-30 07:40:00,-0.7,-1.33784403722,746.011346928,  ,  ,2.88334766866,6.10003032791,95.4333333333,0.0,  ,  ,0.508,  ,  
2019-10-30 07:45:00,-0.656666666667,-1.33760035392,746.110055045,  ,  ,2.80001392101,7.60003778559,95.1333333333,0.0,  ,  ,0.508,  ,  
2019-10-30 07:50:00,-0.727083333333,-1.42728407324,746.161359264,  ,  ,3.24793281462,7.00003480252,94.9958333333,0.0,  ,  ,0.508,  ,  
2019-10-30 07:55:00,-0.830416666667,-1.64425901677,746.161359264,  ,  ,3.3000164069,8.30004126584,94.2,0.0,  ,  ,0.508,  ,  
2019-10-30 08:00:00,-0.9,-1.74219483206,746.309682272,  ,  ,3.74793530051,7.00003480252,94.0,0.0,  ,  ,0.508,  ,  
2019-10-30 08:05:00,-0.9,-1.89809120225,746.386377768,  ,  ,3.80001889279,7.1000352997,92.925,0.0,  ,  ,0.508,  ,  
2019-10-30 08:10:00,-0.859583333333,-1.85619203174,746.386377768,  ,  ,3.88960267152,7.80003877995,92.9375,0.0,  ,  ,0.508,  ,  
2019-10-30 08:15:00,-0.843333333333,-2.01237491957,746.485268165,  ,  ,3.90001938997,9.30004623763,91.7625,0.0,  ,  ,0.508,  ,  
2019-10-30 08:20:00,-0.803333333333,-1.98691211113,746.536390104,  ,  ,4.25835450486,7.80003877995,91.6666666667,0.0,  ,  ,0.508,  ,  
2019-10-30 08:25:00,-0.803347280335,-1.92240086328,746.536390104,  ,  ,4.30002137869,7.60003778559,92.1046025105,0.0,  ,  ,0.508,  ,  
2019-10-30 08:30:00,-0.830416666667,-1.98423063018,746.734120082,  ,  ,3.40418359146,5.50002734483,91.8666666667,0.0,  ,  ,0.508,  ,  
2019-10-30 08:35:00,-0.920416666667,-2.07335613373,746.836414776,  ,  ,3.3000164069,8.10004027148,91.8666666667,0.0,  ,  ,0.508,  ,  
2019-10-30 08:40:00,-1.0,-2.05439847977,746.836414776,  ,  ,3.3000164069,7.1000352997,92.5333333333,0.0,  ,  ,0.508,  ,  
2019-10-30 08:45:00,-1.08041666667,-2.21160001709,746.984750372,  ,  ,3.3000164069,7.00003480252,92.0041666667,0.0,  ,  ,0.508,  ,  
2019-10-30 08:50:00,-1.09333333333,-2.18163315751,747.06143328,  ,  ,3.74793530051,7.00003480252,92.2958333333,0.0,  ,  ,0.508,  ,  
2019-10-30 08:55:00,-1.1,-2.24139874167,747.06143328,  ,  ,3.80001889279,6.00002983073,91.9333333333,0.0,  ,  ,0.508,  ,  
2019-10-30 09:00:00,-1.03625,-2.1690787399,747.110903054,  ,  ,3.35209999918,6.00002983073,91.9958333333,0.0,  ,  ,0.508,  ,  
2019-10-30 09:05:00,-1.06375,-2.37790912253,747.136439448,  ,  ,3.3000164069,8.60004275738,90.7666666667,0.0,  ,  ,0.508,  ,  
2019-10-30 09:10:00,-1.08625,-2.31126454508,747.136439448,  ,  ,3.56876774307,8.10004027148,91.3666666667,0.0,  ,  ,0.508,  ,  
2019-10-30 09:15:00,-1.08041666667,-2.37520920236,747.185871942,  ,  ,3.60001789844,8.10004027148,90.8958333333,0.0,  ,  ,0.508,  ,  
2019-10-30 09:20:00,-1.15708333333,-2.46464101984,747.211445616,  ,  ,3.60001789844,8.60004275738,90.8041666667,0.0,  ,  ,0.508,  ,  
2019-10-30 09:25:00,-1.20041666667,-2.49328208623,747.211445616,  ,  ,3.60001789844,8.60004275738,90.9,0.0,  ,  ,0.508,  ,  
2019-10-30 09:30:00,-1.20625,-2.48423409912,747.310327621,  ,  ,3.86876923461,8.60004275738,91.0,0.0,  ,  ,0.508,  ,  
2019-10-30 09:35:00,-1.21,-2.48794367983,747.361457952,  ,  ,3.90001938997,8.10004027148,91.0,0.0,  ,  ,0.508,  ,  
2019-10-30 09:40:00,-1.20333333333,-2.43698096989,747.361457952,  ,  ,4.25835450486,8.10004027148,91.3,0.0,  ,  ,0.508,  ,  
2019-10-30 09:45:00,-1.21666666667,-2.43480195832,747.460314354,  ,  ,4.30002137869,7.60003778559,91.4041666667,0.0,  ,  ,0.508,  ,  
2019-10-30 09:50:00,-1.22375,-2.35417765868,747.511470288,  ,  ,3.9416862638,6.50003231662,92.0,0.0,  ,  ,0.508,  ,  
2019-10-30 09:55:00,-1.32375,-2.45322408382,747.511470288,  ,  ,3.90001938997,9.50004723199,92.0,0.0,  ,  ,0.508,  ,  
2019-10-30 10:00:00,-1.37291666667,-2.52635385857,747.610360685,  ,  ,3.63126805381,8.10004027148,91.8333333333,0.0,  ,  ,0.508,  ,  
2019-10-30 10:05:00,-1.26,-2.46356518346,747.661482624,  ,  ,3.60001789844,8.0000397743,91.5,0.0,  ,  ,0.508,  ,  
2019-10-30 10:10:00,-1.29333333333,-2.52665952449,747.661482624,  ,  ,3.86876923461,8.0000397743,91.2958333333,0.0,  ,  ,0.508,  ,  
2019-10-30 10:15:00,-1.34041666667,-2.61695504917,747.710927823,  ,  ,3.90001938997,7.1000352997,91.0,0.0,  ,  ,0.508,  ,  
2019-10-30 10:20:00,-1.39666666667,-2.70714092451,747.736488792,  ,  ,3.81043561125,8.10004027148,90.7666666667,0.0,  ,  ,0.508,  ,  
2019-10-30 10:25:00,-1.41708333333,-2.75266681817,747.736488792,  ,  ,3.80001889279,9.30004623763,90.5958333333,0.0,  ,  ,0.508,  ,  
2019-10-30 10:30:00,-1.45958333333,-2.8237720564,747.835353781,  ,  ,4.06877022896,8.80004375174,90.4,0.0,  ,  ,0.508,  ,  
2019-10-30 10:35:00,-1.46333333333,-2.86158354686,747.886501128,  ,  ,4.10002038433,8.60004275738,90.1708333333,0.0,  ,  ,0.508,  ,  
2019-10-30 10:40:00,-1.39625,-2.80647660121,747.886501128,  ,  ,3.92085282689,8.5000422602,90.0958333333,0.0,  ,  ,0.508,  ,  
2019-10-30 10:45:00,-1.38708333333,-2.85721398893,748.034836724,  ,  ,3.90001938997,8.5000422602,89.6958333333,0.0,  ,  ,0.508,  ,  
2019-10-30 10:50:00,-1.4,-2.97454242055,748.111519632,  ,  ,4.25835450486,6.50003231662,89.0,0.0,  ,  ,0.508,  ,  
2019-10-30 10:55:00,-1.45333333333,-2.98138812376,748.111519632,  ,  ,4.30002137869,6.6000328138,89.3041666667,0.0,  ,  ,0.508,  ,  
2019-10-30 11:00:00,-1.43333333333,-2.84187593067,748.259928953,  ,  ,3.85210248508,6.80003380816,90.1041666667,0.0,  ,  ,0.508,  ,  
2019-10-30 11:05:00,-1.4,-2.80521022065,748.336538136,  ,  ,3.80001889279,7.80003877995,90.1291666667,0.0,  ,  ,0.508,  ,  
2019-10-30 11:10:00,-1.41,-2.84432159872,748.336538136,  ,  ,3.4416837779,9.00004474609,89.9333333333,0.0,  ,  ,0.508,  ,  
2019-10-30 11:15:00,-1.41,-2.82441423604,748.385966337,  ,  ,3.40001690408,8.60004275738,90.0666666667,0.0,  ,  ,0.508,  ,  
2019-10-30 11:20:00,-1.44333333333,-2.78727968376,748.411544304,  ,  ,4.02710335514,7.30003629405,90.5375,0.0,  ,  ,0.508,  ,  
2019-10-30 11:25:00,-1.4,-2.72093854305,748.411544304,  ,  ,4.10002038433,7.80003877995,90.6958333333,0.0,  ,  ,0.508,  ,  
2019-10-30 11:30:00,-1.4,-2.7549626936,748.609668166,  ,  ,3.38335015455,6.50003231662,90.4666666667,0.0,  ,  ,0.508,  ,  
2019-10-30 11:35:00,-1.44708333333,-2.68740966681,748.711568976,  ,  ,3.3000164069,6.6000328138,91.2375,0.0,  ,  ,0.508,  ,  
2019-10-30 11:40:00,-1.55041666667,-2.79457308456,748.711568976,  ,  ,3.3000164069,7.1000352997,91.2041666667,0.0,  ,  ,0.508,  ,  
2019-10-30 11:45:00,-1.6,-2.73659125586,748.810433965,  ,  ,3.3000164069,7.30003629405,91.9333333333,0.0,  ,  ,0.508,  ,  
2019-10-30 11:50:00,-1.6,-2.72684191436,748.861581312,  ,  ,3.74793530051,7.80003877995,92.0,0.0,  ,  ,0.508,  ,  
2019-10-30 11:55:00,-1.62041666667,-2.65961555518,748.861581312,  ,  ,3.80001889279,7.80003877995,92.6,0.0,  ,  ,0.508,  ,  
2019-10-30 12:00:00,-1.69,-2.68990534854,748.960471709,  ,  ,3.80001889279,7.1000352997,92.8666666667,0.0,  ,  ,0.508,  ,  
2019-10-30 12:05:00,-1.7,-2.80095671864,749.011593648,  ,  ,3.80001889279,7.1000352997,92.1708333333,0.0,  ,  ,0.508,  ,  
2019-10-30 12:10:00,-1.61958333333,-2.60076838412,749.011593648,  ,  ,3.62085133535,5.30002635048,93.0,0.0,  ,  ,0.508,  ,  
2019-10-30 12:15:00,-1.56333333333,-2.63274838175,749.061038847,  ,  ,3.60001789844,7.1000352997,92.3958333333,0.0,  ,  ,0.508,  ,  
2019-10-30 12:20:00,-1.58666666667,-2.75206415458,749.086599816,  ,  ,2.97293144738,6.30003132226,91.7375,0.0,  ,  ,0.508,  ,  
2019-10-30 12:25:00,-1.59666666667,-2.63183517333,749.086599816,  ,  ,2.90001441819,7.00003480252,92.6291666667,0.0,  ,  ,0.508,  ,  
2019-10-30 12:30:00,-1.5525,-2.60199282886,749.185464805,  ,  ,3.07918197563,5.50002734483,92.5333333333,0.0,  ,  ,0.508,  ,  
2019-10-30 12:35:00,-1.47041666667,-2.72094559394,749.236612152,  ,  ,3.10001541254,7.30003629405,91.1666666667,0.0,  ,  ,0.508,  ,  
2019-10-30 12:40:00,-1.40291666667,-2.59583724168,749.236612152,  ,  ,3.10001541254,7.30003629405,91.5625,0.0,  ,  ,0.508,  ,  
2019-10-30 12:45:00,-1.4,-2.73515755231,749.335371522,  ,  ,3.10001541254,7.00003480252,90.6,0.0,  ,  ,0.508,  ,  
2019-10-30 12:50:00,-1.4,-2.64143415022,749.386624488,  ,  ,3.27918296999,6.30003132226,91.2333333333,0.0,  ,  ,0.508,  ,  
2019-10-30 12:55:00,-1.45708333333,-2.77121047367,749.386624488,  ,  ,3.3000164069,8.0000397743,90.7375,0.0,  ,  ,0.508,  ,  
2019-10-30 13:00:00,-1.49,-2.70103630921,749.485556009,  ,  ,3.56876774307,6.10003032791,91.4333333333,0.0,  ,  ,0.508,  ,  
2019-10-30 13:05:00,-1.49041666667,-2.7813545165,749.536636824,  ,  ,3.60001789844,6.50003231662,90.8916666667,0.0,  ,  ,0.508,  ,  
2019-10-30 13:10:00,-1.58333333333,-2.93620036579,749.536636824,  ,  ,3.15209900482,6.80003380816,90.4666666667,0.0,  ,  ,0.508,  ,  
2019-10-30 13:15:00,-1.50916666667,-2.86783206782,749.684934307,  ,  ,3.10001541254,6.6000328138,90.4333333333,0.0,  ,  ,0.508,  ,  
2019-10-30 13:20:00,-1.4,-2.8693464351,749.761655328,  ,  ,3.27918296999,7.50003728841,89.7,0.0,  ,  ,0.508,  ,  
2019-10-30 13:25:00,-1.44375,-2.87330740351,749.761655328,  ,  ,3.3000164069,6.00002983073,89.9625,0.0,  ,  ,0.508,  ,  
2019-10-30 13:30:00,-1.49333333333,-2.94594314625,749.860545725,  ,  ,3.56876774307,7.60003778559,89.8041666667,0.0,  ,  ,0.508,  ,  
2019-10-30 13:35:00,-1.57041666667,-2.98291681047,749.911667664,  ,  ,3.60001789844,6.6000328138,90.0666666667,0.0,  ,  ,0.508,  ,  
2019-10-30 13:40:00,-1.6,-3.09243048533,749.911667664,  ,  ,3.60001789844,8.0000397743,89.5291666667,0.0,  ,  ,0.508,  ,  
2019-10-30 13:45:00,-1.6,-3.17188708565,750.059965147,  ,  ,3.60001789844,8.5000422602,89.0,0.0,  ,  ,0.508,  ,  
2019-10-30 13:50:00,-1.59666666667,-3.03308120727,750.136686168,  ,  ,3.86876923461,5.80002883637,89.9041666667,0.0,  ,  ,0.508,  ,  
2019-10-30 13:55:00,-1.54958333333,-2.94743609503,750.136686168,  ,  ,3.90001938997,7.60003778559,90.1666666667,0.0,  ,  ,0.508,  ,  
2019-10-30 14:00:00,-1.53,-2.97780213967,750.186131367,  ,  ,3.18334916019,7.00003480252,89.8333333333,0.0,  ,  ,0.508,  ,  
2019-10-30 14:05:00,-1.54375,-2.99138407694,750.211692336,  ,  ,3.10001541254,7.00003480252,89.8333333333,0.0,  ,  ,0.508,  ,  
2019-10-30 14:10:00,-1.55666666667,-3.02407144672,750.211692336,  ,  ,3.54793430616,8.0000397743,89.7,0.0,  ,  ,0.508,  ,  
2019-10-30 14:15:00,-1.57625,-2.99861706836,750.261137535,  ,  ,3.60001789844,9.00004474609,90.0,0.0,  ,  ,0.508,  ,  
2019-10-30 14:20:00,-1.58375,-3.14581809483,750.286698504,  ,  ,3.42085034099,7.50003728841,89.0666666667,0.0,  ,  ,0.508,  ,  
2019-10-30 14:25:00,-1.6,-3.09679913724,750.286698504,  ,  ,3.40001690408,7.50003728841,89.5,0.0,  ,  ,0.508,  ,  
2019-10-30 14:30:00,-1.59666666667,-3.02375835591,750.434983107,  ,  ,3.40001690408,5.80002883637,89.9666666667,0.0,  ,  ,0.508,  ,  
2019-10-30 14:35:00,-1.59666666667,-3.07354667773,750.511717008,  ,  ,3.40001690408,6.80003380816,89.6333333333,0.0,  ,  ,0.508,  ,  
2019-10-30 14:40:00,-1.50958333333,-2.917840592,750.511717008,  ,  ,3.31043312536,7.30003629405,90.1,0.0,  ,  ,0.508,  ,  
2019-10-30 14:45:00,-1.49333333333,-3.02149836644,750.660421966,  ,  ,3.3000164069,7.1000352997,89.3,0.0,  ,  ,0.508,  ,  
2019-10-30 14:50:00,-1.51708333333,-2.97500768679,750.736735512,  ,  ,3.74793530051,8.10004027148,89.7666666667,0.0,  ,  ,0.508,  ,  
2019-10-30 14:55:00,-1.6,-2.93784531523,750.736735512,  ,  ,3.80001889279,8.10004027148,90.5666666667,0.0,  ,  ,0.508,  ,  
2019-10-30 15:00:00,-1.68708333333,-2.9740326211,750.83567506,  ,  ,4.06877022896,6.6000328138,90.9041666667,0.0,  ,  ,0.508,  ,  
2019-10-30 15:05:00,-1.63291666667,-2.90630602834,750.886747848,  ,  ,4.10002038433,5.10002535612,91.0,0.0,  ,  ,0.508,  ,  
2019-10-30 15:10:00,-1.6,-3.03326593784,750.886747848,  ,  ,2.93543126094,6.10003032791,89.925,0.0,  ,  ,0.508,  ,  
2019-10-30 15:15:00,-1.6,-3.10678936426,750.985612837,  ,  ,2.80001392101,5.80002883637,89.4333333333,0.0,  ,  ,0.508,  ,  
2019-10-30 15:20:00,-1.6,-3.17188708565,751.036760184,  ,  ,3.06876525717,6.80003380816,89.0,0.0,  ,  ,0.508,  ,  
2019-10-30 15:25:00,-1.63375,-3.2560706388,751.036760184,  ,  ,3.10001541254,7.50003728841,88.6625,0.0,  ,  ,0.508,  ,  
2019-10-30 15:30:00,-1.65958333333,-3.28092106787,751.135650581,  ,  ,3.27918296999,6.50003231662,88.6666666667,0.0,  ,  ,0.508,  ,  
2019-10-30 15:35:00,-1.64375,-3.3916603676,751.18677252,  ,  ,3.3000164069,6.00002983073,87.8333333333,0.0,  ,  ,0.508,  ,  
2019-10-30 15:40:00,-1.63666666667,-3.50251679368,751.18677252,  ,  ,3.12084884946,7.50003728841,87.0625,0.0,  ,  ,0.508,  ,  
2019-10-30 15:45:00,-1.60625,-3.52383443885,751.236205014,  ,  ,3.10001541254,7.00003480252,86.7291666667,0.0,  ,  ,0.508,  ,  
2019-10-30 15:50:00,-1.6,-3.57362716165,751.261778688,  ,  ,3.81668564232,8.5000422602,86.3666666667,0.0,  ,  ,0.508,  ,  
2019-10-30 15:55:00,-1.6,-3.60909996069,751.261778688,  ,  ,3.90001938997,7.00003480252,86.1375,0.0,  ,  ,0.508,  ,  
2019-10-30 16:00:00,-1.58291666667,-3.46497455109,751.360660693,  ,  ,3.81043561125,7.80003877995,86.9625,0.0,  ,  ,0.508,  ,  
2019-10-30 16:05:00,-1.57708333333,-3.67011675098,751.411791024,  ,  ,3.80001889279,7.1000352997,85.6,0.0,  ,  ,0.508,  ,  
2019-10-30 16:10:00,-1.6,-3.62008119642,751.411791024,  ,  ,3.17293244174,7.00003480252,86.0666666667,0.0,  ,  ,0.508,  ,  
2019-10-30 16:15:00,-1.6,-3.60974569423,751.510851539,  ,  ,3.10001541254,6.10003032791,86.1333333333,0.0,  ,  ,0.508,  ,  
2019-10-30 16:20:00,-1.6,-3.54209429153,751.56180336,  ,  ,2.9208478551,5.00002485894,86.5708333333,0.0,  ,  ,0.508,  ,  
2019-10-30 16:25:00,-1.6,-3.59490081948,751.56180336,  ,  ,2.90001441819,5.00002485894,86.2291666667,0.0,  ,  ,0.508,  ,  
2019-10-30 16:30:00,-1.6,-3.49587959744,751.660668349,  ,  ,2.63126308202,5.30002635048,86.8708333333,0.0,  ,  ,0.508,  ,  
2019-10-30 16:35:00,-1.6,-3.43001211034,751.711815696,  ,  ,2.60001292665,5.80002883637,87.3,0.0,  ,  ,0.508,  ,  
2019-10-30 16:40:00,-1.6,-3.37841459026,751.711815696,  ,  ,2.60001292665,3.90001938997,87.6375,0.0,  ,  ,0.508,  ,  
2019-10-30 16:45:00,-1.60041666667,-3.45660690822,751.810706093,  ,  ,2.60001292665,6.80003380816,87.1291666667,0.0,  ,  ,0.508,  ,  
2019-10-30 16:50:00,-1.68666666667,-3.56132023355,751.861828032,  ,  ,2.77918048409,7.50003728841,87.0,0.0,  ,  ,0.508,  ,  
2019-10-30 16:55:00,-1.7,-3.52846824051,751.861828032,  ,  ,2.80001392101,5.10002535612,87.3,0.0,  ,  ,0.508,  ,  
2019-10-30 17:00:00,-1.69666666667,-3.52518635909,751.911297806,  ,  ,2.44167880612,6.80003380816,87.3,0.0,  ,  ,0.508,  ,  
2019-10-30 17:05:00,-1.7,-3.5539922403,751.9368342,  ,  ,2.40001193229,5.50002734483,87.1333333333,0.0,  ,  ,0.508,  ,  
2019-10-30 17:10:00,-1.7,-3.65202237205,751.9368342,  ,  ,2.75834704718,5.60002784201,86.4958333333,0.0,  ,  ,0.508,  ,  
2019-10-30 17:15:00,-1.69666666667,-3.68929659354,752.085131683,  ,  ,2.80001392101,6.10003032791,86.2333333333,0.0,  ,  ,0.508,  ,  
2019-10-30 17:20:00,-1.7,-3.70805084158,752.161852704,  ,  ,2.80001392101,8.0000397743,86.1333333333,0.0,  ,  ,0.508,  ,  
2019-10-30 17:25:00,-1.69666666667,-3.64231705583,752.161852704,  ,  ,2.80001392101,5.80002883637,86.5375,0.0,  ,  ,0.508,  ,  
2019-10-30 17:30:00,-1.7,-3.61029763862,752.260734709,  ,  ,3.06876525717,5.80002883637,86.7666666667,0.0,  ,  ,0.508,  ,  
2019-10-30 17:35:00,-1.74041666667,-3.6091063942,752.31186504,  ,  ,3.10001541254,5.10002535612,87.0333333333,0.0,  ,  ,0.508,  ,  
2019-10-30 17:40:00,-1.8,-3.61100782407,752.31186504,  ,  ,2.9208478551,4.30002137869,87.4041666667,0.0,  ,  ,0.508,  ,  
2019-10-30 17:45:00,-1.77625,-3.49687831765,752.361297534,  ,  ,2.90001441819,6.50003231662,88.0,0.0,  ,  ,0.508,  ,  
2019-10-30 17:50:00,-1.72375,-3.52192204917,752.386871208,  ,  ,2.63126308202,6.10003032791,87.4958333333,0.0,  ,  ,0.508,  ,  
2019-10-30 17:55:00,-1.8,-3.62692501714,752.386871208,  ,  ,2.60001292665,5.30002635048,87.3,0.0,  ,  ,0.508,  ,  
2019-10-30 18:00:00,-1.8,-3.56018549901,752.485761605,  ,  ,2.86876426282,6.10003032791,87.7375,0.0,  ,  ,0.508,  ,  
2019-10-30 18:05:00,-1.8,-3.49500305788,752.536883544,  ,  ,2.90001441819,6.00002983073,88.1666666667,0.0,  ,  ,0.508,  ,  
2019-10-30 18:10:00,-1.8,-3.48995211567,752.536883544,  ,  ,2.63126308202,5.50002734483,88.2,0.0,  ,  ,0.508,  ,  
2019-10-30 18:15:00,-1.8,-3.42004424083,752.586353318,  ,  ,2.60001292665,6.30003132226,88.6625,0.0,  ,  ,0.508,  ,  
2019-10-30 18:20:00,-1.8,-3.53483845265,752.611889712,  ,  ,2.77918048409,5.80002883637,87.9041666667,0.0,  ,  ,0.508,  ,  
2019-10-30 18:25:00,-1.8,-3.52028317327,752.611889712,  ,  ,2.80001392101,6.00002983073,88.0,0.0,  ,  ,0.508,  ,  
2019-10-30 18:30:00,-1.8,-3.4389063452,752.661322206,  ,  ,2.80001392101,3.60001789844,88.5375,0.0,  ,  ,0.508,  ,  
2019-10-30 18:35:00,-1.8,-3.48048615529,752.68689588,  ,  ,2.80001392101,5.30002635048,88.2625,0.0,  ,  ,0.508,  ,  
2019-10-30 18:40:00,-1.8,-3.4893208668,752.68689588,  ,  ,2.44167880612,5.60002784201,88.2041666667,0.0,  ,  ,0.508,  ,  
2019-10-30 18:45:00,-1.8,-3.3692339767,752.736315658,  ,  ,2.40001193229,5.50002734483,89.0,0.0,  ,  ,0.508,  ,  
2019-10-30 18:50:00,-1.8,-3.40936616932,752.761902048,  ,  ,2.40001193229,5.10002535612,88.7333333333,0.0,  ,  ,0.508,  ,  
2019-10-30 18:55:00,-1.75291666667,-3.28773275166,752.761902048,  ,  ,2.40001193229,5.60002784201,89.2333333333,0.0,  ,  ,0.508,  ,  
2019-10-30 19:00:00,-1.7,-3.44327623117,752.811367808,  ,  ,2.75834704718,5.30002635048,87.8583333333,0.0,  ,  ,0.508,  ,  
2019-10-30 19:05:00,-1.7,-3.50235090305,752.836908216,  ,  ,2.80001392101,5.30002635048,87.4708333333,0.0,  ,  ,0.508,  ,  
2019-10-30 19:10:00,-1.61958333333,-3.41870049531,752.836908216,  ,  ,3.06876525717,8.5000422602,87.5,0.0,  ,  ,0.508,  ,  
2019-10-30 19:15:00,-1.52291666667,-3.3496503764,752.935773205,  ,  ,3.10001541254,6.80003380816,87.3291666667,0.0,  ,  ,0.508,  ,  
2019-10-30 19:20:00,-1.5,-3.63213300605,752.986920552,  ,  ,3.27918296999,6.30003132226,85.3583333333,0.0,  ,  ,0.508,  ,  
2019-10-30 19:25:00,-1.56708333333,-3.89660482516,752.986920552,  ,  ,3.3000164069,7.60003778559,84.0958333333,0.0,  ,  ,0.508,  ,  
2019-10-30 19:30:00,-1.60708333333,-3.96685050869,753.036353046,  ,  ,3.74793530051,7.80003877995,83.9,0.0,  ,  ,0.508,  ,  
2019-10-30 19:35:00,-1.65625,-3.96688969282,753.06192672,  ,  ,3.80001889279,7.60003778559,84.2041666667,0.0,  ,  ,0.508,  ,  
2019-10-30 19:40:00,-1.63708333333,-4.02403098418,753.06192672,  ,  ,3.88960267152,8.10004027148,83.725,0.0,  ,  ,0.508,  ,  
2019-10-30 19:45:00,-1.74708333333,-4.19278734082,753.160742596,  ,  ,3.90001938997,7.1000352997,83.3416666667,0.0,  ,  ,0.508,  ,  
2019-10-30 19:50:00,-1.70625,-3.98566660293,753.211939056,  ,  ,4.25835450486,7.00003480252,84.3958333333,0.0,  ,  ,0.508,  ,  
2019-10-30 19:55:00,-1.72375,-4.04426763346,753.211939056,  ,  ,4.30002137869,5.50002734483,84.1333333333,0.0,  ,  ,0.508,  ,  
2019-10-30 20:00:00,-1.79666666667,-4.12036589721,753.211939056,  ,  ,3.22501603402,5.50002734483,84.1041666667,0.0,  ,  ,0.508,  ,  
2019-10-30 20:05:00,-1.8,-4.09797719719,753.211939056,  ,  ,3.10001541254,5.80002883637,84.2666666667,0.0,  ,  ,0.508,  ,  
2019-10-30 20:10:00,-1.8,-4.0933767922,753.211939056,  ,  ,2.9208478551,4.80002386458,84.2958333333,0.0,  ,  ,0.508,  ,  
2019-10-30 20:15:00,-1.8,-4.12495079779,753.261367257,  ,  ,2.90001441819,5.00002485894,84.0958333333,0.0,  ,  ,0.508,  ,  
2019-10-30 20:20:00,-1.84708333333,-4.34456570615,753.286945224,  ,  ,2.81043063946,5.60002784201,83.0041666667,0.0,  ,  ,0.508,  ,  
2019-10-30 20:25:00,-1.88326359833,-4.22701624373,753.286945224,  ,  ,2.80001392101,5.00002485894,83.9665271967,0.0,  ,  ,0.508,  ,  
2019-10-30 20:30:00,-1.80333333333,-4.08022757741,753.336348686,  ,  ,2.80001392101,4.10002038433,84.4,0.0,  ,  ,0.508,  ,  
2019-10-30 20:35:00,-1.8,-3.98143129432,753.361951392,  ,  ,2.80001392101,3.60001789844,85.0083333333,0.0,  ,  ,0.508,  ,  
2019-10-30 20:40:00,-1.74958333333,-3.84022177345,753.361951392,  ,  ,1.72500857633,4.10002038433,85.5958333333,0.0,  ,  ,0.508,  ,  
2019-10-30 20:45:00,-1.77708333333,-4.1665054039,753.460816381,  ,  ,1.60000795486,8.60004275738,83.6916666667,0.0,  ,  ,0.508,  ,  
2019-10-30 20:50:00,-1.8,-4.37393965211,753.511963728,  ,  ,2.9437646357,7.50003728841,82.5333333333,0.0,  ,  ,0.508,  ,  
2019-10-30 20:55:00,-1.77291666667,-4.22472854886,753.511963728,  ,  ,3.10001541254,6.30003132226,83.3,0.0,  ,  ,0.508,  ,  
2019-10-30 21:00:00,-1.72,-4.21549475994,753.561408927,  ,  ,3.36876674871,5.80002883637,83.0333333333,0.0,  ,  ,0.508,  ,  
2019-10-30 21:05:00,-1.76708333333,-4.27224952504,753.586969896,  ,  ,3.40001690408,5.30002635048,82.9666666667,0.0,  ,  ,0.508,  ,  
2019-10-30 21:10:00,-1.8,-4.29980670348,753.586969896,  ,  ,3.13126556791,5.50002734483,82.9958333333,0.0,  ,  ,0.508,  ,  
2019-10-30 21:15:00,-1.84333333333,-4.34089470492,753.586969896,  ,  ,3.10001541254,6.30003132226,83.0041666667,0.0,  ,  ,0.508,  ,  
2019-10-30 21:20:00,-1.87041666667,-4.36807329488,753.586969896,  ,  ,3.10001541254,6.6000328138,83.0,0.0,  ,  ,0.508,  ,  
2019-10-30 21:25:00,-1.9,-4.29619883854,753.586969896,  ,  ,3.10001541254,5.30002635048,83.6333333333,0.0,  ,  ,0.508,  ,  
2019-10-30 21:30:00,-1.88625,-4.23387547395,753.685834885,  ,  ,3.27918296999,5.50002734483,83.9416666667,0.0,  ,  ,0.508,  ,  
2019-10-30 21:35:00,-1.79666666667,-4.02715683642,753.736982232,  ,  ,3.3000164069,5.00002485894,84.6958333333,0.0,  ,  ,0.508,  ,  
2019-10-30 21:40:00,-1.8,-4.00819603499,753.736982232,  ,  ,2.67292995584,4.80002386458,84.8375,0.0,  ,  ,0.508,  ,  
2019-10-30 21:45:00,-1.8,-4.14603712501,753.786385694,  ,  ,2.60001292665,6.80003380816,83.9625,0.0,  ,  ,0.508,  ,  
2019-10-30 21:50:00,-1.71625,-3.99481750663,753.8119884,  ,  ,2.86876426282,5.80002883637,84.4,0.0,  ,  ,0.508,  ,  
2019-10-30 21:55:00,-1.7,-3.97296858121,753.8119884,  ,  ,2.90001441819,5.80002883637,84.4375,0.0,  ,  ,0.508,  ,  
2019-10-30 22:00:00,-1.7,-3.8428555343,753.861470081,  ,  ,2.81043063946,3.60001789844,85.2666666667,0.0,  ,  ,0.508,  ,  
2019-10-30 22:05:00,-1.7,-3.84741331162,753.886994568,  ,  ,2.80001392101,4.80002386458,85.2375,0.0,  ,  ,0.508,  ,  
2019-10-30 22:10:00,-1.7,-3.8428555343,753.886994568,  ,  ,2.35209502739,4.10002038433,85.2666666667,0.0,  ,  ,0.508,  ,  
2019-10-30 22:15:00,-1.70333333333,-3.86241227913,753.886994568,  ,  ,2.30001143511,4.30002137869,85.1625,0.0,  ,  ,0.508,  ,  
2019-10-30 22:20:00,-1.77375,-3.95696933637,753.886994568,  ,  ,1.94167632022,3.90001938997,85.0,0.0,  ,  ,0.508,  ,  
2019-10-30 22:25:00,-1.8,-3.87808510746,753.886994568,  ,  ,1.9000094464,3.40001690408,85.6708333333,0.0,  ,  ,0.508,  ,  
2019-10-30 22:30:00,-1.8,-3.88910082356,753.936402506,  ,  ,1.81042566767,4.10002038433,85.6,0.0,  ,  ,0.508,  ,  
2019-10-30 22:35:00,-1.8,-3.80055584854,753.962000736,  ,  ,1.80000894922,4.60002287023,86.1708333333,0.0,  ,  ,0.508,  ,  
2019-10-30 22:40:00,-1.8,-3.80700137472,753.962000736,  ,  ,2.24792784283,3.80001889279,86.1291666667,0.0,  ,  ,0.508,  ,  
2019-10-30 22:45:00,-1.80041666667,-3.81643932983,753.962000736,  ,  ,2.30001143511,4.50002237305,86.0708333333,0.0,  ,  ,0.508,  ,  
2019-10-30 22:50:00,-1.80666666667,-3.67942196181,753.962000736,  ,  ,2.12084387767,5.10002535612,87.0,0.0,  ,  ,0.508,  ,  
2019-10-30 22:55:00,-1.80291666667,-3.67573126836,753.962000736,  ,  ,2.10001044075,4.30002137869,87.0,0.0,  ,  ,0.508,  ,  
2019-10-30 23:00:00,-1.8,-3.68308772097,753.962000736,  ,  ,2.10001044075,5.00002485894,86.9333333333,0.0,  ,  ,0.508,  ,  
2019-10-30 23:05:00,-1.8,-3.62628800643,753.962000736,  ,  ,2.10001044075,4.30002137869,87.3041666667,0.0,  ,  ,0.508,  ,  
2019-10-30 23:10:00,-1.79958333333,-3.51987256147,753.962000736,  ,  ,2.2791779982,3.90001938997,88.0,0.0,  ,  ,0.508,  ,  
2019-10-30 23:15:00,-1.74333333333,-3.64908805913,754.011428937,  ,  ,2.30001143511,4.80002386458,86.7916666667,0.0,  ,  ,0.508,  ,  
2019-10-30 23:20:00,-1.7,-3.59428038306,754.037006904,  ,  ,2.12084387767,5.00002485894,86.8708333333,0.0,  ,  ,0.508,  ,  
2019-10-30 23:25:00,-1.64291666667,-3.53875052338,754.037006904,  ,  ,2.10001044075,4.60002287023,86.8666666667,0.0,  ,  ,0.508,  ,  
2019-10-30 23:30:00,-1.63708333333,-3.51764116944,754.037006904,  ,  ,2.2791779982,3.80001889279,86.9666666667,0.0,  ,  ,0.508,  ,  
2019-10-30 23:35:00,-1.7,-3.50235090305,754.037006904,  ,  ,2.30001143511,3.80001889279,87.4708333333,0.0,  ,  ,0.508,  ,  
2019-10-30 23:40:00,-1.7,-3.42173664506,754.037006904,  ,  ,1.8520925415,3.90001938997,88.0,0.0,  ,  ,0.508,  ,  
2019-10-30 23:45:00,-1.78375,-3.43295217571,754.086414842,  ,  ,1.80000894922,3.80001889279,88.4708333333,0.0,  ,  ,0.508,  ,  
2019-10-30 23:50:00,-1.8,-3.3692339767,754.112013072,  ,  ,1.88959272794,4.10002038433,89.0,0.0,  ,  ,0.508,  ,  
  

    

