Time,TemperatureC,DewpointC,PressurehPa,WindDirection,WindDirectionDegrees,WindSpeedKMH,WindSpeedGustKMH,Humidity,HourlyPrecipMM,Conditions,Clouds,dailyrainMM,SoftwareType,DateUTC
                
2019-11-30 00:00:00,2.30625,2.02309744506,739.18578564,  ,  ,2.37959516412,5.30002635048,98.0,1.01599999793,  ,  ,0.0,  ,  
2019-11-30 00:05:00,2.3,2.01686218331,739.18578564,  ,  ,2.40001193229,5.00002485894,98.0,1.01599999793,  ,  ,0.254,  ,  
2019-11-30 00:10:00,2.22958333333,1.94661154117,739.18578564,  ,  ,2.40001193229,4.60002287023,98.0,1.01599999793,  ,  ,0.254,  ,  
2019-11-30 00:15:00,2.18958333333,1.9067058293,739.18578564,  ,  ,2.40001193229,4.50002237305,98.0,1.17827777537,  ,  ,0.508,  ,  
2019-11-30 00:20:00,2.1,1.81733360516,739.18578564,  ,  ,2.16126074528,5.60002784201,98.0,1.34055555282,  ,  ,0.508,  ,  
2019-11-30 00:25:00,2.00916666667,1.72671424636,739.18578564,  ,  ,2.10001044075,3.80001889279,98.0,1.59878888563,  ,  ,0.762,  ,  
2019-11-30 00:30:00,1.9,1.61780463468,739.18578564,  ,  ,2.10001044075,4.10002038433,98.0,1.52399999689,  ,  ,1.016,  ,  
2019-11-30 00:35:00,1.82291666667,1.54090273923,739.18578564,  ,  ,2.10001044075,3.60001789844,98.0,1.52399999689,  ,  ,1.016,  ,  
2019-11-30 00:40:00,1.75958333333,1.47771843558,739.18578564,  ,  ,2.10001044075,3.80001889279,98.0,1.83867777403,  ,  ,1.27,  ,  
2019-11-30 00:45:00,1.69625,1.41453409258,739.09181368,  ,  ,2.10001044075,3.60001789844,98.0,1.77799999637,  ,  ,1.27,  ,  
2019-11-30 00:50:00,1.60333333333,1.32183593922,739.035773304,  ,  ,1.86125925374,2.90001441819,98.0,1.70744444096,  ,  ,1.27,  ,  
2019-11-30 00:55:00,1.57291666667,1.29149078542,739.035773304,  ,  ,1.80000894922,3.80001889279,98.0,1.26999999741,  ,  ,1.524,  ,  
2019-11-30 01:00:00,1.45291666667,1.17177282986,738.941754638,  ,  ,1.64084149121,3.40001690408,98.0,1.26999999741,  ,  ,1.524,  ,  
2019-11-30 01:05:00,1.4,1.11898049208,738.885760968,  ,  ,1.60000795486,3.3000164069,98.0,1.26999999741,  ,  ,1.524,  ,  
2019-11-30 01:10:00,1.30625,1.02545069236,738.885760968,  ,  ,1.60000795486,3.60001789844,98.0,1.26999999741,  ,  ,1.778,  ,  
2019-11-30 01:15:00,1.22958333333,0.948964036515,738.791816861,  ,  ,1.60000795486,3.10001541254,98.0,1.26999999741,  ,  ,1.778,  ,  
2019-11-30 01:20:00,1.14625,0.865826301734,738.735748632,  ,  ,1.75917541287,3.80001889279,98.0,1.251655553,  ,  ,2.032,  ,  
2019-11-30 01:25:00,1.05958333333,0.779362985308,738.735748632,  ,  ,1.80000894922,2.40001193229,98.0,1.01599999793,  ,  ,2.032,  ,  
2019-11-30 01:30:00,0.922916666667,0.751487657871,738.688767157,  ,  ,1.4816740332,2.90001441819,98.7708333333,1.01599999793,  ,  ,2.032,  ,  
2019-11-30 01:35:00,0.882916666667,0.743638148114,738.660742464,  ,  ,1.4000069605,2.10001044075,99.0,1.01599999793,  ,  ,2.032,  ,  
2019-11-30 01:40:00,0.8,0.660818245586,738.660742464,  ,  ,1.16125577349,2.40001193229,99.0,0.363296968956,  ,  ,2.032,  ,  
2019-11-30 01:45:00,0.789583333333,0.650413732842,738.566768787,  ,  ,1.10000546897,2.40001193229,99.0,0.0,  ,  ,2.032,  ,  
2019-11-30 01:50:00,0.7,0.56093490135,738.510730128,  ,  ,1.25917292698,3.3000164069,99.0,0.0,  ,  ,2.286,  ,  
2019-11-30 01:55:00,0.7,0.56093490135,738.510730128,  ,  ,1.30000646332,2.40001193229,99.0,0.0,  ,  ,2.286,  ,  
2019-11-30 02:00:00,0.7,0.56093490135,738.46374329,  ,  ,1.14083900531,2.80001392101,99.0,0.0,  ,  ,2.286,  ,  
2019-11-30 02:05:00,0.7,0.56093490135,738.43572396,  ,  ,1.10000546897,2.40001193229,99.0,0.0,  ,  ,2.286,  ,  
2019-11-30 02:10:00,0.7,0.56093490135,738.43572396,  ,  ,1.25917292698,2.40001193229,99.0,0.0,  ,  ,2.286,  ,  
2019-11-30 02:15:00,0.68625,0.547200937695,738.388626197,  ,  ,1.30000646332,3.3000164069,99.0,0.0,  ,  ,2.286,  ,  
2019-11-30 02:20:00,0.656666666667,0.517652103668,738.360717792,  ,  ,1.30000646332,2.90001441819,99.0,0.0,  ,  ,2.286,  ,  
2019-11-30 02:25:00,0.606666666667,0.46771040263,738.360717792,  ,  ,1.30000646332,2.60001292665,99.0,0.0,  ,  ,2.286,  ,  
2019-11-30 02:30:00,0.6,0.461051508235,738.3136339,  ,  ,1.37959019233,2.90001441819,99.0,0.0,  ,  ,2.286,  ,  
2019-11-30 02:35:00,0.6,0.461051508235,738.285711624,  ,  ,1.4000069605,3.90001938997,99.0,0.0,  ,  ,2.286,  ,  
2019-11-30 02:40:00,0.6,0.461051508235,738.285711624,  ,  ,1.79792560553,2.90001441819,99.0,0.0,  ,  ,2.794,  ,  
2019-11-30 02:45:00,0.6,0.461051508235,738.238613861,  ,  ,1.9000094464,2.60001292665,99.0,0.0,  ,  ,2.794,  ,  
2019-11-30 02:50:00,0.62375,0.484773818525,738.210705456,  ,  ,1.66125825938,3.90001938997,99.0,0.0,  ,  ,2.794,  ,  
2019-11-30 02:55:00,0.7,0.56093490135,738.210705456,  ,  ,1.60000795486,3.40001690408,99.0,0.0,  ,  ,2.794,  ,  
2019-11-30 03:00:00,0.7,0.56093490135,738.116463114,  ,  ,1.83875914188,3.3000164069,99.0,0.0,  ,  ,2.794,  ,  
2019-11-30 03:05:00,0.7,0.56093490135,738.06069312,  ,  ,1.9000094464,2.60001292665,99.0,0.0,  ,  ,2.794,  ,  
2019-11-30 03:10:00,0.7,0.56093490135,738.06069312,  ,  ,1.82042571739,2.90001441819,99.0,0.0,  ,  ,3.048,  ,  
2019-11-30 03:15:00,0.7,0.56093490135,737.966525337,  ,  ,1.80000894922,3.3000164069,99.0,0.0,  ,  ,3.048,  ,  
2019-11-30 03:20:00,0.7,0.56093490135,737.910680784,  ,  ,1.87959267822,3.80001889279,99.0,0.0,  ,  ,3.048,  ,  
2019-11-30 03:25:00,0.7,0.56093490135,737.910680784,  ,  ,1.9000094464,3.60001789844,99.0,0.0,  ,  ,3.048,  ,  
2019-11-30 03:30:00,0.7,0.56093490135,737.910680784,  ,  ,2.05917690441,3.3000164069,99.0,0.0,  ,  ,3.048,  ,  
2019-11-30 03:35:00,0.7,0.56093490135,737.910680784,  ,  ,2.10001044075,3.90001938997,99.0,0.0,  ,  ,3.302,  ,  
2019-11-30 03:40:00,0.7,0.56093490135,737.910680784,  ,  ,1.94084298275,4.30002137869,99.0,0.0,  ,  ,3.302,  ,  
2019-11-30 03:45:00,0.7,0.56093490135,737.81654077,  ,  ,1.9000094464,3.3000164069,99.0,0.0,  ,  ,3.302,  ,  
2019-11-30 03:50:00,0.7,0.56093490135,737.760668448,  ,  ,1.82042571739,3.90001938997,99.0,0.0,  ,  ,3.302,  ,  
2019-11-30 03:55:00,0.7,0.56093490135,737.760668448,  ,  ,1.80000894922,3.10001541254,99.0,0.0,  ,  ,3.302,  ,  
2019-11-30 04:00:00,0.7,0.56093490135,737.713568931,  ,  ,1.80000894922,3.90001938997,99.0,0.0,  ,  ,3.302,  ,  
2019-11-30 04:05:00,0.7,0.56093490135,737.68566228,  ,  ,1.80000894922,3.90001938997,99.0,0.0,  ,  ,3.302,  ,  
2019-11-30 04:10:00,0.720416666667,0.581327754769,737.68566228,  ,  ,2.03876013623,4.50002237305,99.0,0.0,  ,  ,3.556,  ,  
2019-11-30 04:15:00,0.753333333333,0.614206024359,737.591435312,  ,  ,2.10001044075,3.40001690408,99.0,0.0,  ,  ,3.556,  ,  
2019-11-30 04:20:00,0.769583333333,0.630437066887,737.535649944,  ,  ,1.94084298275,3.90001938997,99.0,0.0,  ,  ,3.556,  ,  
2019-11-30 04:25:00,0.733333333333,0.59422935486,737.535649944,  ,  ,1.9000094464,4.60002287023,99.0,0.0,  ,  ,3.556,  ,  
2019-11-30 04:30:00,0.790416666667,0.651246093881,737.535649944,  ,  ,1.82042571739,3.40001690408,99.0,0.0,  ,  ,3.556,  ,  
2019-11-30 04:35:00,0.79,0.650829913362,737.535649944,  ,  ,1.80000894922,3.40001690408,99.0,0.0,  ,  ,3.556,  ,  
2019-11-30 04:40:00,0.796666666667,0.657488801566,737.535649944,  ,  ,1.87959267822,3.3000164069,99.0,0.0,  ,  ,3.81,  ,  
2019-11-30 04:45:00,0.8,0.660818245586,737.488552181,  ,  ,1.9000094464,3.10001541254,99.0,0.0,  ,  ,3.81,  ,  
2019-11-30 04:50:00,0.8,0.660818245586,737.460643776,  ,  ,1.66125825938,2.90001441819,99.0,0.0,  ,  ,3.81,  ,  
2019-11-30 04:55:00,0.8,0.660818245586,737.460643776,  ,  ,1.60000795486,3.3000164069,99.0,0.0,  ,  ,3.81,  ,  
2019-11-30 05:00:00,0.8,0.660818245586,737.413522605,  ,  ,1.60000795486,3.10001541254,99.0,0.0,  ,  ,3.81,  ,  
2019-11-30 05:05:00,0.8,0.660818245586,737.385637608,  ,  ,1.60000795486,3.90001938997,99.0,0.0,  ,  ,3.81,  ,  
2019-11-30 05:10:00,0.8,0.660818245586,737.385637608,  ,  ,1.75917541287,2.90001441819,99.0,0.0,  ,  ,3.81,  ,  
2019-11-30 05:15:00,0.82375,0.684540532659,737.338553716,  ,  ,1.80000894922,3.10001541254,99.0,0.0,  ,  ,3.81,  ,  
2019-11-30 05:20:00,0.896666666667,0.757372098551,737.31063144,  ,  ,1.80000894922,3.10001541254,99.0,0.0,  ,  ,3.81,  ,  
2019-11-30 05:25:00,0.9,0.760701540942,737.31063144,  ,  ,1.80000894922,3.10001541254,99.0,0.0,  ,  ,3.81,  ,  
2019-11-30 05:30:00,0.9,0.760701540942,737.31063144,  ,  ,1.80000894922,3.10001541254,99.0,0.0,  ,  ,3.81,  ,  
2019-11-30 05:35:00,0.9,0.760701540942,737.31063144,  ,  ,1.80000894922,2.90001441819,99.0,0.0,  ,  ,4.318,  ,  
2019-11-30 05:40:00,0.9,0.760701540942,737.31063144,  ,  ,1.80000894922,3.10001541254,99.0,0.0,  ,  ,4.318,  ,  
2019-11-30 05:45:00,0.9,0.760701540942,737.169379765,  ,  ,1.80000894922,4.10002038433,99.0,0.0,  ,  ,4.318,  ,  
2019-11-30 05:50:00,0.9,0.760701540942,737.085612936,  ,  ,1.80000894922,2.90001441819,99.0,0.0,  ,  ,4.318,  ,  
2019-11-30 05:55:00,0.916666666667,0.777348752083,737.085612936,  ,  ,1.80000894922,2.80001392101,99.0,0.0,  ,  ,4.318,  ,  
2019-11-30 06:00:00,0.997083333333,0.857671526755,737.132710699,  ,  ,1.64084149121,3.10001541254,99.0,0.0,  ,  ,4.318,  ,  
2019-11-30 06:05:00,1.00333333333,0.863914228126,737.160619104,  ,  ,1.60000795486,2.40001193229,99.0,0.0,  ,  ,4.318,  ,  
2019-11-30 06:10:00,1.04708333333,0.907613132377,737.160619104,  ,  ,1.20208930984,3.3000164069,99.0,0.0,  ,  ,4.318,  ,  
2019-11-30 06:15:00,1.1,0.960467985016,737.113595287,  ,  ,1.10000546897,2.60001292665,99.0,0.0,  ,  ,4.572,  ,  
2019-11-30 06:20:00,1.1,0.960467985016,737.085612936,  ,  ,1.10000546897,2.90001441819,99.0,0.0,  ,  ,4.572,  ,  
2019-11-30 06:25:00,1.1,0.960467985016,737.085612936,  ,  ,1.10000546897,2.40001193229,99.0,0.0,  ,  ,4.572,  ,  
2019-11-30 06:30:00,1.10041666667,0.960884164904,737.038513419,  ,  ,1.33875665598,2.60001292665,99.0,0.0,  ,  ,4.572,  ,  
2019-11-30 06:35:00,1.15,1.01040956548,737.010606768,  ,  ,1.4000069605,3.40001690408,99.0,0.0,  ,  ,4.572,  ,  
2019-11-30 06:40:00,1.2,1.06035113373,737.010606768,  ,  ,1.3204232315,3.3000164069,99.0,0.0,  ,  ,4.572,  ,  
2019-11-30 06:45:00,1.2,1.06035113373,736.9163798,  ,  ,1.30000646332,2.40001193229,99.0,0.0,  ,  ,4.572,  ,  
2019-11-30 06:50:00,1.2,1.06035113373,736.860594432,  ,  ,1.37959019233,2.40001193229,99.0,0.0,  ,  ,4.572,  ,  
2019-11-30 06:55:00,1.2,1.06035113373,736.860594432,  ,  ,1.4000069605,2.60001292665,99.0,0.0,  ,  ,4.572,  ,  
2019-11-30 07:00:00,1.2,1.06035113373,736.907715603,  ,  ,1.3204232315,2.30001143511,99.0,0.0,  ,  ,4.572,  ,  
2019-11-30 07:05:00,1.2,1.06035113373,736.9356006,  ,  ,1.30000646332,1.9000094464,99.0,0.0,  ,  ,4.572,  ,  
2019-11-30 07:10:00,1.2,1.06035113373,736.9356006,  ,  ,0.9020878183,1.80000894922,99.0,0.0,  ,  ,4.572,  ,  
2019-11-30 07:15:00,1.2,1.06035113373,736.888516708,  ,  ,0.80000397743,1.9000094464,99.0,0.0,  ,  ,4.572,  ,  
2019-11-30 07:20:00,1.23041666667,1.09073224844,736.860594432,  ,  ,0.80000397743,1.9000094464,99.0,0.0,  ,  ,4.572,  ,  
2019-11-30 07:25:00,1.29333333333,1.15357536177,736.860594432,  ,  ,0.80000397743,2.30001143511,99.0,0.0,  ,  ,4.826,  ,  
2019-11-30 07:30:00,1.3,1.16023423357,736.766398907,  ,  ,1.03875516444,3.40001690408,99.0,0.0,  ,  ,4.826,  ,  
2019-11-30 07:35:00,1.3,1.16023423357,736.710582096,  ,  ,1.10000546897,3.10001541254,99.0,0.0,  ,  ,4.826,  ,  
2019-11-30 07:40:00,1.3,1.16023423357,736.710582096,  ,  ,1.33875665598,2.60001292665,99.0,0.0,  ,  ,4.826,  ,  
2019-11-30 07:45:00,1.3,1.16023423357,736.616414313,  ,  ,1.4000069605,3.40001690408,99.0,0.0,  ,  ,4.826,  ,  
2019-11-30 07:50:00,1.33333333333,1.19352858932,736.56056976,  ,  ,1.55917441851,3.40001690408,99.0,0.0,  ,  ,4.826,  ,  
2019-11-30 07:55:00,1.38708333333,1.24721572653,736.56056976,  ,  ,1.60000795486,3.90001938997,99.0,0.0,  ,  ,4.826,  ,  
2019-11-30 08:00:00,1.4,1.26011728453,736.607667523,  ,  ,1.83875914188,2.90001441819,99.0,0.0,  ,  ,4.826,  ,  
2019-11-30 08:05:00,1.4,1.26011728453,736.635575928,  ,  ,1.9000094464,3.90001938997,99.0,0.0,  ,  ,4.826,  ,  
2019-11-30 08:10:00,1.4,1.26011728453,736.635575928,  ,  ,1.82042571739,3.3000164069,99.0,0.0,  ,  ,4.826,  ,  
2019-11-30 08:15:00,1.4,1.26011728453,736.635575928,  ,  ,1.80000894922,2.90001441819,99.0,0.0,  ,  ,4.826,  ,  
2019-11-30 08:20:00,1.4,1.26011728453,736.635575928,  ,  ,1.4816740332,2.60001292665,99.0,0.0,  ,  ,4.826,  ,  
2019-11-30 08:25:00,1.4,1.26011728453,736.635575928,  ,  ,1.4000069605,3.60001789844,99.0,0.0,  ,  ,4.826,  ,  
2019-11-30 08:30:00,1.4,1.26011728453,736.635575928,  ,  ,1.71834187652,3.40001690408,99.0,0.0,  ,  ,4.826,  ,  
2019-11-30 08:35:00,1.4,1.26011728453,736.635575928,  ,  ,1.80000894922,2.90001441819,99.0,0.0,  ,  ,4.826,  ,  
2019-11-30 08:40:00,1.4,1.26011728453,736.635575928,  ,  ,1.4816740332,2.80001392101,99.0,0.0,  ,  ,4.826,  ,  
2019-11-30 08:45:00,1.45708333333,1.31713383754,736.49428264,  ,  ,1.4000069605,3.60001789844,99.0,0.0,  ,  ,4.826,  ,  
2019-11-30 08:50:00,1.57383966245,1.43375352681,736.410557424,  ,  ,1.55865753831,2.60001292665,99.0,0.0,  ,  ,4.826,  ,  
2019-11-30 08:55:00,1.72375,1.58348832672,736.410557424,  ,  ,1.60000795486,3.10001541254,99.0,0.0,  ,  ,4.826,  ,  
2019-11-30 09:00:00,1.86066945607,1.72024736084,736.363396732,  ,  ,1.36025780891,3.40001690408,99.0,0.0,  ,  ,4.826,  ,  
2019-11-30 09:05:00,1.97041666667,1.82986591975,736.335551256,  ,  ,1.30000646332,2.90001441819,99.0,0.0,  ,  ,4.826,  ,  
2019-11-30 09:10:00,2.0,1.85941456381,736.335551256,  ,  ,1.30000646332,2.40001193229,99.0,0.0,  ,  ,4.826,  ,  
2019-11-30 09:15:00,1.92625,1.78575103475,736.429750289,  ,  ,1.30000646332,2.30001143511,99.0,0.0,  ,  ,4.826,  ,  
2019-11-30 09:20:00,1.89291666667,1.75245677561,736.485563592,  ,  ,0.981671547305,2.90001441819,99.0,0.0,  ,  ,5.08,  ,  
2019-11-30 09:25:00,1.80333333333,1.66297842724,736.485563592,  ,  ,0.900004474609,3.10001541254,99.0,0.0,  ,  ,5.08,  ,  
2019-11-30 09:30:00,1.8,1.65964899957,736.57979056,  ,  ,1.21833939063,2.80001392101,99.0,0.0,  ,  ,5.08,  ,  
2019-11-30 09:35:00,1.8,1.65964899957,736.635575928,  ,  ,1.30000646332,2.80001392101,99.0,0.0,  ,  ,5.08,  ,  
2019-11-30 09:40:00,1.8,1.65964899957,736.635575928,  ,  ,1.30000646332,3.40001690408,99.0,0.0,  ,  ,5.08,  ,  
2019-11-30 09:45:00,1.80041666667,1.66006517803,736.588492036,  ,  ,1.30000646332,3.3000164069,99.0,0.0,  ,  ,5.08,  ,  
2019-11-30 09:50:00,1.88,1.73955524873,736.56056976,  ,  ,1.53875765034,3.40001690408,99.0,0.0,  ,  ,5.08,  ,  
2019-11-30 09:55:00,1.9,1.75953180613,736.56056976,  ,  ,1.60000795486,3.40001690408,99.0,0.0,  ,  ,5.08,  ,  
2019-11-30 10:00:00,1.9,1.75953180613,736.513471997,  ,  ,1.44084049685,2.90001441819,99.0,0.0,  ,  ,5.08,  ,  
2019-11-30 10:05:00,1.9,1.75953180613,736.485563592,  ,  ,1.4000069605,3.3000164069,99.0,0.0,  ,  ,5.08,  ,  
2019-11-30 10:10:00,1.9,1.75953180613,736.485563592,  ,  ,1.55917441851,3.60001789844,99.0,0.0,  ,  ,5.08,  ,  
2019-11-30 10:15:00,1.9,1.75953180613,736.579759117,  ,  ,1.60000795486,3.10001541254,99.0,0.0,  ,  ,5.08,  ,  
2019-11-30 10:20:00,1.91375,1.77326568821,736.635575928,  ,  ,1.75917541287,3.10001541254,99.0,0.0,  ,  ,5.08,  ,  
2019-11-30 10:25:00,1.99,1.84942629024,736.635575928,  ,  ,1.80000894922,3.10001541254,99.0,0.0,  ,  ,5.08,  ,  
2019-11-30 10:30:00,2.01,1.86940283689,736.635575928,  ,  ,1.87959267822,2.40001193229,99.0,0.0,  ,  ,5.08,  ,  
2019-11-30 10:35:00,2.07041666667,1.92974864302,736.635575928,  ,  ,1.9000094464,4.50002237305,99.0,0.0,  ,  ,5.08,  ,  
2019-11-30 10:40:00,2.1,1.95929727261,736.635575928,  ,  ,1.50209080137,3.60001789844,99.0,0.0,  ,  ,5.08,  ,  
2019-11-30 10:45:00,2.14375,2.00299594234,736.635575928,  ,  ,1.4000069605,3.3000164069,99.0,0.0,  ,  ,5.08,  ,  
2019-11-30 10:50:00,2.2,2.05917993254,736.635575928,  ,  ,1.79792560553,4.50002237305,99.0,0.0,  ,  ,5.08,  ,  
2019-11-30 10:55:00,2.2,2.05917993254,736.635575928,  ,  ,1.9000094464,3.90001938997,99.0,0.0,  ,  ,5.08,  ,  
2019-11-30 11:00:00,2.22708333333,2.08623147785,736.68265982,  ,  ,1.9000094464,4.10002038433,99.0,0.0,  ,  ,5.08,  ,  
2019-11-30 11:05:00,2.3,2.15906254358,736.710582096,  ,  ,1.9000094464,6.30003132226,99.0,0.0,  ,  ,5.08,  ,  
2019-11-30 11:10:00,2.3,2.15906254358,736.710582096,  ,  ,2.05917690441,5.00002485894,99.0,0.0,  ,  ,5.08,  ,  
2019-11-30 11:15:00,2.35333333333,2.21233324949,736.710582096,  ,  ,2.10001044075,4.60002287023,99.0,0.0,  ,  ,5.08,  ,  
2019-11-30 11:20:00,2.39708333333,2.25603186504,736.710582096,  ,  ,1.86125925374,3.90001938997,99.0,0.0,  ,  ,5.08,  ,  
2019-11-30 11:25:00,2.4,2.25894510575,736.710582096,  ,  ,1.80000894922,3.60001789844,99.0,0.0,  ,  ,5.08,  ,  
2019-11-30 11:30:00,2.42708333333,2.28599662459,736.663484333,  ,  ,1.80000894922,5.60002784201,99.0,0.0,  ,  ,5.08,  ,  
2019-11-30 11:35:00,2.5,2.35882761903,736.635575928,  ,  ,1.80000894922,3.90001938997,99.0,0.0,  ,  ,5.08,  ,  
2019-11-30 11:40:00,2.53,2.38879236349,736.635575928,  ,  ,1.87959267822,4.30002137869,99.0,0.0,  ,  ,5.08,  ,  
2019-11-30 11:45:00,2.58708333333,2.4458086012,736.68262763,  ,  ,1.9000094464,5.30002635048,99.0,0.0,  ,  ,5.08,  ,  
2019-11-30 11:50:00,2.6,2.45871008344,736.710582096,  ,  ,1.9000094464,4.60002287023,99.0,0.0,  ,  ,5.08,  ,  
2019-11-30 11:55:00,2.6,2.45871008344,736.710582096,  ,  ,1.9000094464,5.10002535612,99.0,0.0,  ,  ,5.08,  ,  
2019-11-30 12:00:00,2.61,2.46869832719,736.663468612,  ,  ,2.05917690441,5.00002485894,99.0,0.0,  ,  ,5.08,  ,  
2019-11-30 12:05:00,2.69708333333,2.55567926254,736.635575928,  ,  ,2.10001044075,3.90001938997,99.0,0.0,  ,  ,5.08,  ,  
2019-11-30 12:10:00,2.7,2.55859249897,736.635575928,  ,  ,1.86125925374,5.10002535612,99.0,0.0,  ,  ,5.08,  ,  
2019-11-30 12:15:00,2.7,2.55859249897,736.682689412,  ,  ,1.80000894922,4.60002287023,99.0,0.0,  ,  ,5.08,  ,  
2019-11-30 12:20:00,2.7,2.55859249897,736.710582096,  ,  ,1.80000894922,4.10002038433,99.0,0.0,  ,  ,5.08,  ,  
2019-11-30 12:25:00,2.72708333333,2.58564397809,736.710582096,  ,  ,1.80000894922,4.60002287023,99.0,0.0,  ,  ,5.08,  ,  
2019-11-30 12:30:00,2.8,2.65847486562,736.757681613,  ,  ,1.4816740332,4.50002237305,99.0,0.0,  ,  ,5.08,  ,  
2019-11-30 12:35:00,2.8,2.65847486562,736.785588264,  ,  ,1.4000069605,3.80001889279,99.0,0.0,  ,  ,5.08,  ,  
2019-11-30 12:40:00,2.8,2.65847486562,736.785588264,  ,  ,1.4000069605,4.30002137869,99.0,0.0,  ,  ,5.08,  ,  
2019-11-30 12:45:00,2.8,2.65847486562,736.832686027,  ,  ,1.4000069605,5.80002883637,99.0,0.0,  ,  ,5.08,  ,  
2019-11-30 12:50:00,2.8,2.59140260545,736.860594432,  ,  ,1.4000069605,4.80002386458,98.5291666667,0.0,  ,  ,5.08,  ,  
2019-11-30 12:55:00,2.8,2.51568191231,736.860594432,  ,  ,1.4000069605,4.80002386458,98.0,0.0,  ,  ,5.08,  ,  
2019-11-30 13:00:00,2.86041666667,2.58073864479,736.907678324,  ,  ,1.4000069605,6.80003380816,98.0333333333,0.0,  ,  ,5.08,  ,  
2019-11-30 13:05:00,2.97416666667,2.68943687543,736.9356006,  ,  ,1.4000069605,5.60002784201,98.0,0.0,  ,  ,5.08,  ,  
2019-11-30 13:10:00,3.15375,2.75731889079,736.9356006,  ,  ,1.55917441851,4.80002386458,97.2291666667,0.0,  ,  ,5.08,  ,  
2019-11-30 13:15:00,3.20666666667,2.72772429828,736.9356006,  ,  ,1.60000795486,3.80001889279,96.6625,0.0,  ,  ,5.08,  ,  
2019-11-30 13:20:00,3.23041666667,2.65455695832,736.9356006,  ,  ,1.20208930984,2.40001193229,96.0,0.0,  ,  ,5.08,  ,  
2019-11-30 13:25:00,3.27625,2.70017143572,736.9356006,  ,  ,1.10000546897,3.10001541254,96.0,0.0,  ,  ,5.08,  ,  
2019-11-30 13:30:00,3.29041666667,2.71427044761,737.029796125,  ,  ,1.10000546897,4.30002137869,96.0,0.0,  ,  ,5.08,  ,  
2019-11-30 13:35:00,3.31375,2.66336221467,737.085612936,  ,  ,1.10000546897,3.80001889279,95.4958333333,0.0,  ,  ,5.08,  ,  
2019-11-30 13:40:00,3.32291666667,2.59923129668,737.085612936,  ,  ,1.10000546897,2.10001044075,95.0,0.0,  ,  ,5.08,  ,  
2019-11-30 13:45:00,3.3,2.57645203416,737.085612936,  ,  ,1.10000546897,2.40001193229,95.0,0.0,  ,  ,5.08,  ,  
2019-11-30 13:50:00,3.3,2.57645203416,737.085612936,  ,  ,0.940838010957,3.60001789844,95.0,0.0,  ,  ,5.08,  ,  
2019-11-30 13:55:00,3.3,2.57645203416,737.085612936,  ,  ,0.900004474609,2.80001392101,95.0,0.0,  ,  ,5.08,  ,  
2019-11-30 14:00:00,3.3,2.49172119407,737.179808461,  ,  ,0.900004474609,2.60001292665,94.4291666667,0.0,  ,  ,5.08,  ,  
2019-11-30 14:05:00,3.3,2.42772009756,737.235625272,  ,  ,0.900004474609,2.10001044075,94.0,0.0,  ,  ,5.08,  ,  
2019-11-30 14:10:00,3.28958333333,2.41737869738,737.235625272,  ,  ,0.820420745604,2.40001193229,94.0,0.0,  ,  ,5.08,  ,  
2019-11-30 14:15:00,3.20333333333,2.3317517795,737.235625272,  ,  ,0.80000397743,3.10001541254,94.0,0.0,  ,  ,5.08,  ,  
2019-11-30 14:20:00,3.2,2.32844252218,737.235625272,  ,  ,1.03875516444,2.60001292665,94.0,0.0,  ,  ,5.08,  ,  
2019-11-30 14:25:00,3.11958333333,2.24860658899,737.235625272,  ,  ,1.10000546897,2.60001292665,94.0,0.0,  ,  ,5.08,  ,  
2019-11-30 14:30:00,3.1,2.2291646486,737.329793056,  ,  ,1.10000546897,2.30001143511,94.0,0.0,  ,  ,5.08,  ,  
2019-11-30 14:35:00,3.1,2.2291646486,737.385637608,  ,  ,1.10000546897,2.10001044075,94.0,0.0,  ,  ,5.08,  ,  
2019-11-30 14:40:00,3.07,2.19938122838,737.385637608,  ,  ,1.10000546897,2.40001193229,94.0,0.0,  ,  ,5.08,  ,  
2019-11-30 14:45:00,3.00291666667,2.13278209439,737.432735371,  ,  ,1.10000546897,2.10001044075,94.0,0.0,  ,  ,5.08,  ,  
2019-11-30 14:50:00,2.99666666667,2.19598397703,737.460643776,  ,  ,0.861254281952,3.40001690408,94.4666666667,0.0,  ,  ,5.08,  ,  
2019-11-30 14:55:00,2.93291666667,2.06328720281,737.460643776,  ,  ,0.80000397743,2.80001392101,94.0,0.0,  ,  ,5.08,  ,  
2019-11-30 15:00:00,2.9,2.02005491194,737.507727668,  ,  ,0.879587706435,4.10002038433,93.9291666667,0.0,  ,  ,5.08,  ,  
2019-11-30 15:05:00,2.9,1.88096831251,737.535649944,  ,  ,0.900004474609,4.10002038433,93.0,0.0,  ,  ,5.08,  ,  
2019-11-30 15:10:00,2.9,1.82008536256,737.535649944,  ,  ,1.21833939063,3.3000164069,92.5958333333,0.0,  ,  ,5.08,  ,  
2019-11-30 15:15:00,2.89666666667,1.72659960035,737.629817727,  ,  ,1.30000646332,2.90001441819,92.0,0.0,  ,  ,5.08,  ,  
2019-11-30 15:20:00,2.81958333333,1.62939283662,737.68566228,  ,  ,1.14083900531,4.50002237305,91.8625,0.0,  ,  ,5.08,  ,  
2019-11-30 15:25:00,2.8,1.47847153689,737.68566228,  ,  ,1.10000546897,3.10001541254,91.0,0.0,  ,  ,5.08,  ,  
2019-11-30 15:30:00,2.8,1.47847153689,737.779857805,  ,  ,1.10000546897,3.3000164069,91.0,0.0,  ,  ,5.08,  ,  
2019-11-30 15:35:00,2.8,1.47847153689,737.835674616,  ,  ,1.10000546897,2.60001292665,91.0,0.0,  ,  ,5.08,  ,  
2019-11-30 15:40:00,2.8,1.55040947113,737.835674616,  ,  ,1.10000546897,2.60001292665,91.4708333333,0.0,  ,  ,5.08,  ,  
2019-11-30 15:45:00,2.8,1.63087067695,737.929842399,  ,  ,1.10000546897,2.40001193229,92.0,0.0,  ,  ,5.08,  ,  
2019-11-30 15:50:00,2.79,1.74746960194,737.985686952,  ,  ,0.861254281952,2.60001292665,92.8375,0.0,  ,  ,5.08,  ,  
2019-11-30 15:55:00,2.71625,1.69877092801,737.985686952,  ,  ,0.80000397743,2.90001441819,93.0,0.0,  ,  ,5.08,  ,  
2019-11-30 16:00:00,2.7,1.68265817741,738.032784715,  ,  ,0.879587706435,2.30001143511,93.0,0.0,  ,  ,5.08,  ,  
2019-11-30 16:05:00,2.7,1.55140221076,738.06069312,  ,  ,0.900004474609,2.90001441819,92.1291666667,0.0,  ,  ,5.08,  ,  
2019-11-30 16:10:00,2.61291666667,1.4456011376,738.06069312,  ,  ,0.661253287595,3.10001541254,92.0,0.0,  ,  ,5.08,  ,  
2019-11-30 16:15:00,2.6,1.43280964776,738.154935462,  ,  ,0.600002983073,2.80001392101,92.0,0.0,  ,  ,5.08,  ,  
2019-11-30 16:20:00,2.59,1.42290655427,738.210705456,  ,  ,0.838754170087,3.3000164069,92.0,0.0,  ,  ,5.08,  ,  
2019-11-30 16:25:00,2.48583333333,1.3197490923,738.210705456,  ,  ,0.900004474609,3.10001541254,92.0,0.0,  ,  ,5.08,  ,  
2019-11-30 16:30:00,2.4,1.23474701719,738.210705456,  ,  ,0.900004474609,2.90001441819,92.0,0.0,  ,  ,5.08,  ,  
2019-11-30 16:35:00,2.30291666667,1.13860353793,738.210705456,  ,  ,0.900004474609,2.10001044075,92.0,0.0,  ,  ,5.08,  ,  
2019-11-30 16:40:00,2.22958333333,1.06597988712,738.210705456,  ,  ,0.900004474609,2.30001143511,92.0,0.0,  ,  ,5.08,  ,  
2019-11-30 16:45:00,2.13291666667,0.970248382089,738.25781894,  ,  ,0.900004474609,2.40001193229,92.0,0.0,  ,  ,5.08,  ,  
2019-11-30 16:50:00,1.99583333333,0.834490563265,738.285711624,  ,  ,0.900004474609,2.80001392101,92.0,0.0,  ,  ,5.08,  ,  
2019-11-30 16:55:00,1.9,0.739583434587,738.285711624,  ,  ,0.900004474609,2.40001193229,92.0,0.0,  ,  ,5.08,  ,  
2019-11-30 17:00:00,1.80958333333,0.650040284771,738.332773581,  ,  ,0.820420745604,2.40001193229,92.0,0.0,  ,  ,5.08,  ,  
2019-11-30 17:05:00,1.71291666667,0.55430715428,738.360717792,  ,  ,0.80000397743,2.10001044075,92.0,0.0,  ,  ,5.08,  ,  
2019-11-30 17:10:00,1.61625,0.529125756815,738.360717792,  ,  ,0.879587706435,2.80001392101,92.4708333333,0.0,  ,  ,5.08,  ,  
2019-11-30 17:15:00,1.53625,0.528713376468,738.454811017,  ,  ,0.900004474609,2.40001193229,93.0,0.0,  ,  ,5.08,  ,  
2019-11-30 17:20:00,1.43958333333,0.432859049962,738.510730128,  ,  ,0.900004474609,2.30001143511,93.0,0.0,  ,  ,5.08,  ,  
2019-11-30 17:25:00,1.43375,0.546063278192,738.510730128,  ,  ,0.900004474609,2.40001193229,93.8041666667,0.0,  ,  ,5.08,  ,  
2019-11-30 17:30:00,1.51375,0.579924426775,738.55779063,  ,  ,0.900004474609,3.90001938997,93.4958333333,0.0,  ,  ,5.08,  ,  
2019-11-30 17:35:00,1.57,0.562179680872,738.585736296,  ,  ,0.900004474609,2.80001392101,93.0,0.0,  ,  ,5.08,  ,  
2019-11-30 17:40:00,1.56958333333,0.561766516863,738.585736296,  ,  ,1.05917193262,3.10001541254,93.0,0.0,  ,  ,5.08,  ,  
2019-11-30 17:45:00,1.51666666667,0.509294638397,738.632782908,  ,  ,1.10000546897,2.90001441819,93.0,0.0,  ,  ,5.08,  ,  
2019-11-30 17:50:00,1.41625,0.409721749859,738.660742464,  ,  ,1.10000546897,3.3000164069,93.0,0.0,  ,  ,5.08,  ,  
2019-11-30 17:55:00,1.38958333333,0.383279097896,738.660742464,  ,  ,1.10000546897,4.10002038433,93.0,0.0,  ,  ,5.08,  ,  
2019-11-30 18:00:00,1.3,0.29444813217,738.707802966,  ,  ,1.10000546897,1.9000094464,93.0,0.0,  ,  ,5.08,  ,  
2019-11-30 18:05:00,1.23291666667,0.307426331598,738.735748632,  ,  ,1.10000546897,2.60001292665,93.5375,0.0,  ,  ,5.08,  ,  
2019-11-30 18:10:00,1.2,0.342828391264,738.735748632,  ,  ,1.10000546897,2.90001441819,94.0,0.0,  ,  ,5.08,  ,  
2019-11-30 18:15:00,1.2,0.342828391264,738.829916416,  ,  ,1.10000546897,2.30001143511,94.0,0.0,  ,  ,5.08,  ,  
2019-11-30 18:20:00,1.2,0.343440235792,738.885760968,  ,  ,1.10000546897,2.40001193229,94.0041666667,0.0,  ,  ,5.08,  ,  
2019-11-30 18:25:00,1.2,0.488988045197,738.885760968,  ,  ,1.10000546897,2.40001193229,95.0,0.0,  ,  ,5.08,  ,  
2019-11-30 18:30:00,1.27375,0.498483698829,738.93280758,  ,  ,1.10000546897,2.30001143511,94.5625,0.0,  ,  ,5.08,  ,  
2019-11-30 18:35:00,1.3,0.442111930854,738.960767136,  ,  ,1.10000546897,3.10001541254,94.0,0.0,  ,  ,5.08,  ,  
2019-11-30 18:40:00,1.31708333333,0.459072839042,738.960767136,  ,  ,1.10000546897,2.40001193229,94.0,0.0,  ,  ,5.08,  ,  
2019-11-30 18:45:00,1.39666666667,0.538085735646,739.007767511,  ,  ,1.10000546897,2.10001044075,94.0,0.0,  ,  ,5.08,  ,  
2019-11-30 18:50:00,1.4,0.541395172221,739.035773304,  ,  ,0.940838010957,3.80001889279,94.0,0.0,  ,  ,5.08,  ,  
2019-11-30 18:55:00,1.40666666667,0.548014044375,739.035773304,  ,  ,0.900004474609,2.80001392101,94.0,0.0,  ,  ,5.08,  ,  
2019-11-30 19:00:00,1.48041666667,0.70503112831,739.082835261,  ,  ,1.05917193262,2.60001292665,94.5708333333,0.0,  ,  ,5.08,  ,  
2019-11-30 19:05:00,1.57375,0.791654091034,739.110779472,  ,  ,1.10000546897,3.10001541254,94.5291666667,0.0,  ,  ,5.08,  ,  
2019-11-30 19:10:00,1.60708333333,0.746993269661,739.110779472,  ,  ,0.861254281952,3.40001690408,94.0,0.0,  ,  ,5.08,  ,  
2019-11-30 19:15:00,1.7,0.839243106994,739.299027301,  ,  ,0.80000397743,2.60001292665,94.0,0.0,  ,  ,5.08,  ,  
2019-11-30 19:20:00,1.70333333333,0.753206364068,739.410804144,  ,  ,0.640836519421,4.30002137869,93.3958333333,0.0,  ,  ,5.08,  ,  
2019-11-30 19:25:00,1.7,0.691086555876,739.410804144,  ,  ,0.600002983073,4.10002038433,93.0,0.0,  ,  ,5.08,  ,  
2019-11-30 19:30:00,1.68291666667,0.719353163154,739.457880087,  ,  ,0.997921628097,3.10001541254,93.3041666667,0.0,  ,  ,5.08,  ,  
2019-11-30 19:35:00,1.6,0.739960760289,739.485810312,  ,  ,1.10000546897,3.80001889279,94.0,0.0,  ,  ,5.08,  ,  
2019-11-30 19:40:00,1.54291666667,0.683286953674,739.485810312,  ,  ,0.861254281952,4.10002038433,94.0,0.0,  ,  ,5.08,  ,  
2019-11-30 19:45:00,1.5,0.585991110468,739.579903537,  ,  ,0.80000397743,3.90001938997,93.6291666667,0.0,  ,  ,5.08,  ,  
2019-11-30 19:50:00,1.40958333333,0.283233640037,739.635822648,  ,  ,1.27750635146,2.60001292665,92.1958333333,0.0,  ,  ,5.08,  ,  
2019-11-30 19:55:00,1.36291666667,0.126921456104,739.635822648,  ,  ,1.4000069605,3.80001889279,91.4625,0.0,  ,  ,5.08,  ,  
2019-11-30 20:00:00,1.25958333333,-0.0451163291731,739.777004153,  ,  ,1.00208831548,4.30002137869,91.0,0.0,  ,  ,5.08,  ,  
2019-11-30 20:05:00,1.15625,-0.147324601268,739.860841152,  ,  ,0.900004474609,3.40001690408,91.0,0.0,  ,  ,5.08,  ,  
2019-11-30 20:10:00,1.07958333333,-0.147230547512,739.860841152,  ,  ,1.21833939063,4.10002038433,91.5041666667,0.0,  ,  ,5.08,  ,  
2019-11-30 20:15:00,0.949583333333,-0.176174183551,740.002092827,  ,  ,1.30000646332,5.00002485894,92.1708333333,0.0,  ,  ,5.08,  ,  
2019-11-30 20:20:00,0.9,-0.102195877479,740.085859656,  ,  ,1.37959019233,2.10001044075,93.0,0.0,  ,  ,5.08,  ,  
2019-11-30 20:25:00,0.862916666667,-0.258921428272,740.085859656,  ,  ,1.4000069605,5.60002784201,92.1916666667,0.0,  ,  ,5.08,  ,  
2019-11-30 20:30:00,0.799583333333,-0.545991390789,740.274046105,  ,  ,1.16125577349,4.60002287023,90.6958333333,0.0,  ,  ,5.08,  ,  
2019-11-30 20:35:00,0.703333333333,-0.792839484146,740.385884328,  ,  ,1.10000546897,6.00002983073,89.6958333333,0.0,  ,  ,5.08,  ,  
2019-11-30 20:40:00,0.69625,-0.906257573683,740.385884328,  ,  ,1.657091572,7.50003728841,89.0,0.0,  ,  ,5.08,  ,  
2019-11-30 20:45:00,0.6,-1.00121818908,740.480005332,  ,  ,1.80000894922,5.10002535612,89.0,0.0,  ,  ,5.08,  ,  
2019-11-30 20:50:00,0.6,-1.00121818908,740.535896664,  ,  ,1.87959267822,4.10002038433,89.0,0.0,  ,  ,5.08,  ,  
2019-11-30 20:55:00,0.579583333333,-1.057178282,740.535896664,  ,  ,1.9000094464,5.50002734483,88.7666666667,0.0,  ,  ,5.08,  ,  
2019-11-30 21:00:00,0.469874476987,-1.15525994177,740.629962082,  ,  ,1.9000094464,6.6000328138,88.8326359833,0.0,  ,  ,5.08,  ,  
2019-11-30 21:05:00,0.363333333333,-1.59603670327,740.685909,  ,  ,1.9000094464,5.80002883637,86.6666666667,0.0,  ,  ,5.08,  ,  
2019-11-30 21:10:00,0.24,-2.04430161021,740.685909,  ,  ,2.05900605279,7.1000352997,84.6,0.0,  ,  ,5.08,  ,  
2019-11-30 21:15:00,0.183333333333,-2.24441475805,740.779806438,  ,  ,2.10001044075,8.10004027148,83.7,0.0,  ,  ,5.08,  ,  
2019-11-30 21:20:00,0.09,-2.27149896083,740.835921336,  ,  ,2.49584574209,5.10002535612,84.1,0.0,  ,  ,5.08,  ,  
2019-11-30 21:25:00,-0.0766666666667,-2.29126056627,740.835921336,  ,  ,2.60001292665,3.80001889279,85.0,0.0,  ,  ,5.08,  ,  
2019-11-30 21:30:00,-0.193333333333,-2.27411245891,740.929763302,  ,  ,2.04584350478,4.30002137869,85.8333333333,0.0,  ,  ,5.08,  ,  
2019-11-30 21:35:00,-0.31,-2.25315462955,740.985933672,  ,  ,1.9000094464,4.50002237305,86.7,0.0,  ,  ,5.08,  ,  
2019-11-30 21:40:00,-0.4,-2.29506720452,740.985933672,  ,  ,1.9000094464,7.1000352997,87.0,0.0,  ,  ,5.08,  ,  
2019-11-30 21:45:00,-0.53,-2.42299970664,741.07983223,  ,  ,1.9000094464,6.30003132226,87.0,0.0,  ,  ,5.08,  ,  
2019-11-30 21:50:00,-0.646666666667,-2.67260554557,741.135946008,  ,  ,2.21667768746,5.30002635048,86.1333333333,0.0,  ,  ,5.08,  ,  
2019-11-30 21:55:00,-0.76,-2.91463323991,741.135946008,  ,  ,2.30001143511,7.60003778559,85.3,0.0,  ,  ,5.08,  ,  
2019-11-30 22:00:00,-0.856666666667,-3.21542965488,741.229843446,  ,  ,2.37917849538,6.30003132226,84.0,0.0,  ,  ,5.08,  ,  
2019-11-30 22:05:00,-0.916666666667,-3.51520970326,741.285958344,  ,  ,2.40001193229,6.80003380816,82.5,0.0,  ,  ,5.08,  ,  
2019-11-30 22:10:00,-1.04666666667,-3.71805045251,741.285958344,  ,  ,2.55834605282,6.6000328138,82.0333333333,0.0,  ,  ,5.08,  ,  
2019-11-30 22:15:00,-1.1,-3.81901647043,741.426874505,  ,  ,2.60001292665,8.5000422602,81.7333333333,0.0,  ,  ,5.08,  ,  
2019-11-30 22:20:00,-1.12333333333,-3.82009913338,741.510976848,  ,  ,2.60001292665,8.5000422602,81.8666666667,0.0,  ,  ,5.08,  ,  
2019-11-30 22:25:00,-1.2,-3.96567971459,741.510976848,  ,  ,2.60001292665,5.10002535612,81.4333333333,0.0,  ,  ,5.08,  ,  
2019-11-30 22:30:00,-1.22333333333,-3.91241283345,741.604846396,  ,  ,2.44167880612,5.10002535612,81.9,0.0,  ,  ,5.08,  ,  
2019-11-30 22:35:00,-1.3,-4.04159888068,741.660989184,  ,  ,2.40001193229,4.80002386458,81.5666666667,0.0,  ,  ,5.08,  ,  
2019-11-30 22:40:00,-1.35,-4.12307841628,741.660989184,  ,  ,2.16251075149,5.30002635048,81.3666666667,0.0,  ,  ,5.08,  ,  
2019-11-30 22:45:00,-1.4,-4.23189820235,741.801835342,  ,  ,2.10001044075,4.10002038433,81.0,0.0,  ,  ,5.08,  ,  
2019-11-30 22:50:00,-1.51333333333,-4.3425319999,741.886007688,  ,  ,1.86250925996,4.50002237305,81.0,0.0,  ,  ,5.08,  ,  
2019-11-30 22:55:00,-1.6,-4.52565036264,741.886007688,  ,  ,1.80000894922,5.50002734483,80.4,0.0,  ,  ,5.08,  ,  
2019-11-30 23:00:00,-1.6,-4.50918600844,742.02681201,  ,  ,2.03751013002,6.50003231662,80.5,0.0,  ,  ,5.08,  ,  
2019-11-30 23:05:00,-1.67666666667,-4.63889191089,742.111026192,  ,  ,2.10001044075,6.50003231662,80.1666666667,0.0,  ,  ,5.08,  ,  
2019-11-30 23:10:00,-1.69333333333,-4.68267329454,742.111026192,  ,  ,2.10001044075,5.30002635048,80.0,0.0,  ,  ,5.08,  ,  
2019-11-30 23:15:00,-1.7,-4.68917214861,742.111026192,  ,  ,2.10001044075,4.10002038433,80.0,0.0,  ,  ,5.08,  ,  
2019-11-30 23:20:00,-1.73,-4.71841704949,742.111026192,  ,  ,2.25834456129,5.30002635048,80.0,0.0,  ,  ,5.08,  ,  
2019-11-30 23:25:00,-1.8,-4.77564708206,742.111026192,  ,  ,2.30001143511,3.90001938997,80.0666666667,0.0,  ,  ,5.08,  ,  
2019-11-30 23:30:00,-1.86,-4.82314834606,742.252251664,  ,  ,2.30001143511,5.10002535612,80.1333333333,0.0,  ,  ,5.08,  ,  
2019-11-30 23:35:00,-1.93,-4.74928483608,742.336044696,  ,  ,2.30001143511,4.50002237305,81.0,0.0,  ,  ,5.08,  ,  
2019-11-30 23:40:00,-2.06333333333,-4.96118238153,742.336044696,  ,  ,1.74584201325,4.80002386458,80.5,0.0,  ,  ,5.08,  ,  
2019-11-30 23:45:00,-2.1,-5.07911190366,742.429914244,  ,  ,1.60000795486,5.80002883637,80.0,0.0,  ,  ,5.08,  ,  
2019-11-30 23:50:00,-2.1,-5.05167507666,742.486057032,  ,  ,2.15417737673,4.10002038433,80.1666666667,0.0,  ,  ,5.08,  ,  
  

    

