Time,TemperatureC,DewpointC,PressurehPa,WindDirection,WindDirectionDegrees,WindSpeedKMH,WindSpeedGustKMH,Humidity,HourlyPrecipMM,Conditions,Clouds,dailyrainMM,SoftwareType,DateUTC
                
2020-01-31 00:00:00,-1.6,-1.87401585682,738.135699288,  ,  ,1.10000546897,2.30001143511,98.0,0.0,  ,  ,0.0,  ,  
2020-01-31 00:05:00,-1.6,-1.87401585682,738.135699288,  ,  ,1.09375543789,1.4000069605,98.0,0.0,  ,  ,0.0,  ,  
2020-01-31 00:10:00,-1.6,-1.87401585682,738.135699288,  ,  ,0.80000397743,1.4000069605,98.0,0.0,  ,  ,0.0,  ,  
2020-01-31 00:15:00,-1.6,-1.87401585682,738.135699288,  ,  ,0.795837290048,2.40001193229,98.0,0.0,  ,  ,0.0,  ,  
2020-01-31 00:20:00,-1.6,-1.87401585682,738.135699288,  ,  ,0.600002983073,2.60001292665,98.0,0.0,  ,  ,0.0,  ,  
2020-01-31 00:25:00,-1.6,-1.87401585682,738.135699288,  ,  ,0.610419701529,3.10001541254,98.0,0.0,  ,  ,0.0,  ,  
2020-01-31 00:30:00,-1.6,-1.87401585682,738.135699288,  ,  ,1.10000546897,2.10001044075,98.0,0.0,  ,  ,0.0,  ,  
2020-01-31 00:35:00,-1.6,-1.87401585682,738.135699288,  ,  ,1.09375543789,1.80000894922,98.0,0.0,  ,  ,0.0,  ,  
2020-01-31 00:40:00,-1.6,-1.87401585682,738.135699288,  ,  ,0.80000397743,1.60000795486,98.0,0.0,  ,  ,0.0,  ,  
2020-01-31 00:45:00,-1.6,-1.87401585682,738.135699288,  ,  ,0.80000397743,2.40001193229,98.0,0.0,  ,  ,0.0,  ,  
2020-01-31 00:50:00,-1.6,-1.87401585682,738.135699288,  ,  ,0.80000397743,2.10001044075,98.0,0.0,  ,  ,0.0,  ,  
2020-01-31 00:55:00,-1.6,-1.87401585682,738.135699288,  ,  ,0.806254008504,2.40001193229,98.0,0.0,  ,  ,0.0,  ,  
2020-01-31 01:00:00,-1.6,-1.87401585682,738.135699288,  ,  ,1.10000546897,1.9000094464,98.0,0.0,  ,  ,0.0,  ,  
2020-01-31 01:05:00,-1.6,-1.87401585682,738.135699288,  ,  ,1.09375543789,2.30001143511,98.0,0.0,  ,  ,0.0,  ,  
2020-01-31 01:10:00,-1.6,-1.87401585682,738.135699288,  ,  ,0.80000397743,2.60001292665,98.0,0.0,  ,  ,0.0,  ,  
2020-01-31 01:15:00,-1.6,-1.87401585682,738.135699288,  ,  ,0.802087321122,2.40001193229,98.0,0.0,  ,  ,0.0,  ,  
2020-01-31 01:20:00,-1.6,-1.87401585682,738.135699288,  ,  ,0.900004474609,1.9000094464,98.0,0.0,  ,  ,0.0,  ,  
2020-01-31 01:25:00,-1.6,-1.87401585682,738.135699288,  ,  ,0.897921130918,2.10001044075,98.0,0.0,  ,  ,0.0,  ,  
2020-01-31 01:30:00,-1.6,-1.87401585682,738.159061865,  ,  ,0.80000397743,1.9000094464,98.0,0.0,  ,  ,0.0,  ,  
2020-01-31 01:35:00,-1.6,-1.87401585682,738.210705456,  ,  ,0.80000397743,1.9000094464,98.0,0.0,  ,  ,0.0,  ,  
2020-01-31 01:40:00,-1.6,-1.87401585682,738.210705456,  ,  ,0.80000397743,1.10000546897,98.0,0.0,  ,  ,0.0,  ,  
2020-01-31 01:45:00,-1.6,-1.87401585682,738.187331267,  ,  ,0.783337227901,1.10000546897,98.0,0.0,  ,  ,0.0,  ,  
2020-01-31 01:50:00,-1.6,-1.87401585682,738.135699288,  ,  ,0.0,1.9000094464,98.0,0.0,  ,  ,0.0,  ,  
2020-01-31 01:55:00,-1.6,-1.87401585682,738.135699288,  ,  ,0.0229167806035,2.60001292665,98.0,0.0,  ,  ,0.0,  ,  
2020-01-31 02:00:00,-1.6,-1.87401585682,738.159036197,  ,  ,1.10000546897,2.40001193229,98.0,0.0,  ,  ,0.0,  ,  
2020-01-31 02:05:00,-1.6,-1.87401585682,738.210705456,  ,  ,1.08958875051,1.9000094464,98.0,0.0,  ,  ,0.0,  ,  
2020-01-31 02:10:00,-1.6,-1.87401585682,738.210705456,  ,  ,0.600002983073,1.4000069605,98.0,0.0,  ,  ,0.0,  ,  
2020-01-31 02:15:00,-1.6,-1.87401585682,738.187342879,  ,  ,0.587502920925,1.4000069605,98.0,0.0,  ,  ,0.0,  ,  
2020-01-31 02:20:00,-1.6,-1.87401585682,738.135699288,  ,  ,0.0,1.9000094464,98.0,0.0,  ,  ,0.0,  ,  
2020-01-31 02:25:00,-1.6,-1.87401585682,738.135699288,  ,  ,0.0125000621474,0.900004474609,98.0,0.0,  ,  ,0.0,  ,  
2020-01-31 02:30:00,-1.6,-1.87401585682,738.135699288,  ,  ,0.600002983073,1.4000069605,98.0,0.0,  ,  ,0.0,  ,  
2020-01-31 02:35:00,-1.6,-1.87401585682,738.135699288,  ,  ,0.587502920925,0.600002983073,98.0,0.0,  ,  ,0.0,  ,  
2020-01-31 02:40:00,-1.6,-1.87401585682,738.135699288,  ,  ,0.0,0.0,98.0,0.0,  ,  ,0.0,  ,  
2020-01-31 02:45:00,-1.6,-1.87401585682,738.135699288,  ,  ,0.0,0.0,98.0,0.0,  ,  ,0.0,  ,  
2020-01-31 02:50:00,-1.6,-1.87401585682,738.135699288,  ,  ,0.0,0.0,98.0,0.0,  ,  ,0.0,  ,  
2020-01-31 02:55:00,-1.6,-1.87401585682,738.135699288,  ,  ,0.0,0.0,98.0,0.0,  ,  ,0.0,  ,  
2020-01-31 03:00:00,-1.6,-1.87401585682,738.135699288,  ,  ,0.0,0.0,98.0,0.0,  ,  ,0.0,  ,  
2020-01-31 03:05:00,-1.6,-1.87401585682,738.135699288,  ,  ,0.0,0.0,98.0,0.0,  ,  ,0.0,  ,  
2020-01-31 03:10:00,-1.6,-1.87401585682,738.135699288,  ,  ,0.0,0.0,98.0,0.0,  ,  ,0.0,  ,  
2020-01-31 03:15:00,-1.6,-1.87401585682,738.089048656,  ,  ,0.0,0.0,98.0,0.0,  ,  ,0.0,  ,  
2020-01-31 03:20:00,-1.6,-1.87401585682,737.985686952,  ,  ,0.0,0.0,98.0,0.0,  ,  ,0.0,  ,  
2020-01-31 03:25:00,-1.6,-1.87401585682,737.985686952,  ,  ,0.0,0.0,98.0,0.0,  ,  ,0.0,  ,  
2020-01-31 03:30:00,-1.6,-1.87401585682,737.985686952,  ,  ,0.0,0.0,98.0,0.0,  ,  ,0.0,  ,  
2020-01-31 03:35:00,-1.6,-1.87401585682,737.985686952,  ,  ,0.0,0.0,98.0,0.0,  ,  ,0.0,  ,  
2020-01-31 03:40:00,-1.6,-1.87401585682,737.985686952,  ,  ,0.0,0.0,98.0,0.0,  ,  ,0.0,  ,  
2020-01-31 03:45:00,-1.6,-1.87401585682,737.985686952,  ,  ,0.0,0.0,98.0,0.0,  ,  ,0.0,  ,  
2020-01-31 03:50:00,-1.6,-1.87401585682,737.985686952,  ,  ,0.0,1.80000894922,98.0,0.0,  ,  ,0.0,  ,  
2020-01-31 03:55:00,-1.6,-1.87401585682,737.985686952,  ,  ,0.0,0.0,98.0,0.0,  ,  ,0.0,  ,  
2020-01-31 04:00:00,-1.6,-1.87401585682,737.985686952,  ,  ,0.0,1.10000546897,98.0,0.0,  ,  ,0.0,  ,  
2020-01-31 04:05:00,-1.6,-1.87401585682,737.985686952,  ,  ,0.0,0.0,98.0,0.0,  ,  ,0.0,  ,  
2020-01-31 04:10:00,-1.6,-1.87401585682,737.985686952,  ,  ,0.0,0.0,98.0,0.0,  ,  ,0.0,  ,  
2020-01-31 04:15:00,-1.6,-1.87401585682,737.985686952,  ,  ,0.0,0.0,98.0,0.0,  ,  ,0.0,  ,  
2020-01-31 04:20:00,-1.6,-1.87401585682,737.985686952,  ,  ,0.0,0.0,98.0,0.0,  ,  ,0.0,  ,  
2020-01-31 04:25:00,-1.6,-1.87401585682,737.985686952,  ,  ,0.0,0.0,98.0,0.0,  ,  ,0.0,  ,  
2020-01-31 04:30:00,-1.6,-1.87401585682,737.962312763,  ,  ,0.0,0.0,98.0,0.0,  ,  ,0.0,  ,  
2020-01-31 04:35:00,-1.6,-1.87401585682,737.910680784,  ,  ,0.0,0.0,98.0,0.0,  ,  ,0.0,  ,  
2020-01-31 04:40:00,-1.6,-1.87401585682,737.910680784,  ,  ,0.0,0.0,98.0,0.0,  ,  ,0.0,  ,  
2020-01-31 04:45:00,-1.6,-1.87401585682,737.910680784,  ,  ,0.0,0.0,98.0,0.0,  ,  ,0.0,  ,  
2020-01-31 04:50:00,-1.6,-1.87401585682,737.910680784,  ,  ,0.0,0.0,98.0,0.0,  ,  ,0.0,  ,  
2020-01-31 04:55:00,-1.6,-1.87401585682,737.910680784,  ,  ,0.0,0.0,98.0,0.0,  ,  ,0.0,  ,  
2020-01-31 05:00:00,-1.6,-1.87401585682,737.910680784,  ,  ,0.0,0.0,98.0,0.0,  ,  ,0.0,  ,  
2020-01-31 05:05:00,-1.6,-1.87401585682,737.910680784,  ,  ,0.0,0.0,98.0,0.0,  ,  ,0.0,  ,  
2020-01-31 05:10:00,-1.6,-1.87401585682,737.910680784,  ,  ,0.0,0.0,98.0,0.0,  ,  ,0.0,  ,  
2020-01-31 05:15:00,-1.6,-1.87401585682,737.910680784,  ,  ,0.0,0.0,98.0,0.0,  ,  ,0.0,  ,  
2020-01-31 05:20:00,-1.6,-1.87401585682,737.910680784,  ,  ,0.0,0.0,98.0,0.0,  ,  ,0.0,  ,  
2020-01-31 05:25:00,-1.6,-1.87401585682,737.910680784,  ,  ,0.0,0.0,98.0,0.0,  ,  ,0.0,  ,  
2020-01-31 05:30:00,-1.6,-1.87401585682,737.887292975,  ,  ,0.0,0.0,98.0,0.0,  ,  ,0.0,  ,  
2020-01-31 05:35:00,-1.6,-1.87401585682,737.835674616,  ,  ,0.0,0.0,98.0,0.0,  ,  ,0.0,  ,  
2020-01-31 05:40:00,-1.6,-1.87401585682,737.835674616,  ,  ,0.0,0.0,98.0,0.0,  ,  ,0.0,  ,  
2020-01-31 05:45:00,-1.6,-1.87401585682,737.859048805,  ,  ,0.0,0.0,98.0,0.0,  ,  ,0.0,  ,  
2020-01-31 05:50:00,-1.6,-1.87401585682,737.910680784,  ,  ,0.0,0.0,98.0,0.0,  ,  ,0.0,  ,  
2020-01-31 05:55:00,-1.6,-1.87401585682,737.910680784,  ,  ,0.0,0.0,98.0,0.0,  ,  ,0.0,  ,  
2020-01-31 06:00:00,-1.6,-1.87401585682,737.910680784,  ,  ,0.0,0.0,98.0,0.0,  ,  ,0.0,  ,  
2020-01-31 06:05:00,-1.6,-1.87401585682,737.910680784,  ,  ,0.0,0.0,98.0,0.0,  ,  ,0.0,  ,  
2020-01-31 06:10:00,-1.6,-1.87401585682,737.910680784,  ,  ,0.0,0.0,98.0,0.0,  ,  ,0.0,  ,  
2020-01-31 06:15:00,-1.6,-1.87401585682,737.910680784,  ,  ,0.0,0.0,98.0,0.0,  ,  ,0.0,  ,  
2020-01-31 06:20:00,-1.6,-1.87401585682,737.910680784,  ,  ,0.0,0.0,98.0,0.0,  ,  ,0.0,  ,  
2020-01-31 06:25:00,-1.6,-1.87401585682,737.910680784,  ,  ,0.0,0.0,98.0,0.0,  ,  ,0.0,  ,  
2020-01-31 06:30:00,-1.6,-1.87401585682,737.910680784,  ,  ,0.0,0.0,98.0,0.0,  ,  ,0.0,  ,  
2020-01-31 06:35:00,-1.6,-1.87401585682,737.910680784,  ,  ,0.0,0.0,98.0,0.0,  ,  ,0.0,  ,  
2020-01-31 06:40:00,-1.6,-1.87401585682,737.910680784,  ,  ,0.0,0.0,98.0,0.0,  ,  ,0.0,  ,  
2020-01-31 06:45:00,-1.6,-1.87401585682,737.910680784,  ,  ,0.0,0.0,98.0,0.0,  ,  ,0.0,  ,  
2020-01-31 06:50:00,-1.6,-1.87401585682,737.910680784,  ,  ,0.0,0.0,98.0,0.0,  ,  ,0.0,  ,  
2020-01-31 06:55:00,-1.6,-1.87401585682,737.910680784,  ,  ,0.0,0.0,98.0,0.0,  ,  ,0.0,  ,  
2020-01-31 07:00:00,-1.6,-1.87401585682,737.887292975,  ,  ,0.0,0.0,98.0,0.0,  ,  ,0.0,  ,  
2020-01-31 07:05:00,-1.6,-1.87401585682,737.835674616,  ,  ,0.0,0.0,98.0,0.0,  ,  ,0.0,  ,  
2020-01-31 07:10:00,-1.6,-1.87401585682,737.835674616,  ,  ,0.0,0.0,98.0,0.0,  ,  ,0.0,  ,  
2020-01-31 07:15:00,-1.6,-1.87401585682,737.835674616,  ,  ,0.0,0.0,98.0,0.0,  ,  ,0.0,  ,  
2020-01-31 07:20:00,-1.6,-1.87401585682,737.835674616,  ,  ,0.0,0.0,98.0,0.0,  ,  ,0.0,  ,  
2020-01-31 07:25:00,-1.6,-1.87401585682,737.835674616,  ,  ,0.0,0.0,98.0,0.0,  ,  ,0.0,  ,  
2020-01-31 07:30:00,-1.6,-1.87401585682,737.812312039,  ,  ,0.0,0.0,98.0,0.0,  ,  ,0.0,  ,  
2020-01-31 07:35:00,-1.6,-1.87401585682,737.760668448,  ,  ,0.0,0.0,98.0,0.0,  ,  ,0.0,  ,  
2020-01-31 07:40:00,-1.6,-1.87401585682,737.760668448,  ,  ,0.0,0.0,98.0,0.0,  ,  ,0.0,  ,  
2020-01-31 07:45:00,-1.6,-1.87401585682,737.784042637,  ,  ,0.0,0.0,98.0,0.0,  ,  ,0.0,  ,  
2020-01-31 07:50:00,-1.6,-1.87401585682,737.835674616,  ,  ,0.0,0.0,98.0,0.0,  ,  ,0.0,  ,  
2020-01-31 07:55:00,-1.6,-1.87401585682,737.835674616,  ,  ,0.0,0.0,98.0,0.0,  ,  ,0.0,  ,  
2020-01-31 08:00:00,-1.6,-1.87401585682,737.835674616,  ,  ,0.0,0.0,98.0,0.0,  ,  ,0.0,  ,  
2020-01-31 08:05:00,-1.6,-1.87401585682,737.835674616,  ,  ,0.0,0.0,98.0,0.0,  ,  ,0.0,  ,  
2020-01-31 08:10:00,-1.6,-1.87401585682,737.835674616,  ,  ,0.0,0.0,98.0,0.0,  ,  ,0.0,  ,  
2020-01-31 08:15:00,-1.6,-1.87401585682,737.859037193,  ,  ,0.0,0.0,98.0,0.0,  ,  ,0.0,  ,  
2020-01-31 08:20:00,-1.6,-1.87401585682,737.910680784,  ,  ,0.0,0.0,98.0,0.0,  ,  ,0.0,  ,  
2020-01-31 08:25:00,-1.6,-1.87401585682,737.910680784,  ,  ,0.0,0.0,98.0,0.0,  ,  ,0.0,  ,  
2020-01-31 08:30:00,-1.6,-1.87401585682,737.934042745,  ,  ,0.0,0.0,98.0,0.0,  ,  ,0.0,  ,  
2020-01-31 08:35:00,-1.6,-1.87401585682,737.985686952,  ,  ,0.0,0.0,98.0,0.0,  ,  ,0.0,  ,  
2020-01-31 08:40:00,-1.6,-1.87401585682,737.985686952,  ,  ,0.0,0.0,98.0,0.0,  ,  ,0.0,  ,  
2020-01-31 08:45:00,-1.6,-1.87401585682,738.009049529,  ,  ,0.0,0.0,98.0,0.0,  ,  ,0.0,  ,  
2020-01-31 08:50:00,-1.6,-1.87401585682,738.06069312,  ,  ,0.0,0.0,98.0,0.0,  ,  ,0.0,  ,  
2020-01-31 08:55:00,-1.6,-1.87401585682,738.06069312,  ,  ,0.0,0.0,98.0,0.0,  ,  ,0.0,  ,  
2020-01-31 09:00:00,-1.6,-1.87401585682,738.084067309,  ,  ,0.0,0.0,98.0,0.0,  ,  ,0.0,  ,  
2020-01-31 09:05:00,-1.6,-1.87401585682,738.135699288,  ,  ,0.0,0.0,98.0,0.0,  ,  ,0.0,  ,  
2020-01-31 09:10:00,-1.6,-1.87401585682,738.135699288,  ,  ,0.0,0.0,98.0,0.0,  ,  ,0.0,  ,  
2020-01-31 09:15:00,-1.6,-1.87401585682,738.182373106,  ,  ,0.0,0.0,98.0,0.0,  ,  ,0.0,  ,  
2020-01-31 09:20:00,-1.6,-1.87401585682,738.285711624,  ,  ,0.0,0.0,98.0,0.0,  ,  ,0.0,  ,  
2020-01-31 09:25:00,-1.6,-1.87401585682,738.285711624,  ,  ,0.0,0.0,98.0,0.0,  ,  ,0.0,  ,  
2020-01-31 09:30:00,-1.6,-1.87401585682,738.285711624,  ,  ,0.0,0.0,98.0,0.0,  ,  ,0.0,  ,  
2020-01-31 09:35:00,-1.6,-1.87401585682,738.285711624,  ,  ,0.0,0.0,98.0,0.0,  ,  ,0.0,  ,  
2020-01-31 09:40:00,-1.6,-1.87401585682,738.285711624,  ,  ,0.0,0.0,98.0,0.0,  ,  ,0.0,  ,  
2020-01-31 09:45:00,-1.6,-1.87401585682,738.309062601,  ,  ,0.0,0.0,98.0,0.0,  ,  ,0.0,  ,  
2020-01-31 09:50:00,-1.6,-1.87401585682,738.360717792,  ,  ,0.0,0.0,98.0,0.0,  ,  ,0.0,  ,  
2020-01-31 09:55:00,-1.6,-1.87401585682,738.360717792,  ,  ,0.0,0.0,98.0,0.0,  ,  ,0.0,  ,  
2020-01-31 10:00:00,-1.6,-1.87401585682,738.31399387,  ,  ,0.0,0.0,98.0,0.0,  ,  ,0.0,  ,  
2020-01-31 10:05:00,-1.6,-1.87401585682,738.210705456,  ,  ,0.0,0.0,98.0,0.0,  ,  ,0.0,  ,  
2020-01-31 10:10:00,-1.6,-1.87401585682,738.210705456,  ,  ,0.0,0.0,98.0,0.0,  ,  ,0.0,  ,  
2020-01-31 10:15:00,-1.6,-1.87401585682,738.234093265,  ,  ,0.0,0.0,98.0,0.0,  ,  ,0.0,  ,  
2020-01-31 10:20:00,-1.6,-1.87401585682,738.285711624,  ,  ,0.0,0.0,98.0,0.0,  ,  ,0.0,  ,  
2020-01-31 10:25:00,-1.6,-1.87401585682,738.285711624,  ,  ,0.0,0.0,98.0,0.0,  ,  ,0.0,  ,  
2020-01-31 10:30:00,-1.6,-1.87401585682,738.285711624,  ,  ,0.0,0.0,98.0,0.0,  ,  ,0.0,  ,  
2020-01-31 10:35:00,-1.6,-1.87401585682,738.285711624,  ,  ,0.0,0.0,98.0,0.0,  ,  ,0.0,  ,  
2020-01-31 10:40:00,-1.6,-1.87401585682,738.285711624,  ,  ,0.0,0.0,98.0,0.0,  ,  ,0.0,  ,  
2020-01-31 10:45:00,-1.6,-1.87401585682,738.285711624,  ,  ,0.0,0.0,98.0,0.0,  ,  ,0.0,  ,  
2020-01-31 10:50:00,-1.6,-1.87401585682,738.285711624,  ,  ,0.0,0.0,98.0,0.0,  ,  ,0.0,  ,  
2020-01-31 10:55:00,-1.6,-1.87401585682,738.285711624,  ,  ,0.0,0.0,98.0,0.0,  ,  ,0.0,  ,  
2020-01-31 11:00:00,-1.6,-1.87401585682,738.285711624,  ,  ,0.0,0.0,98.0,0.0,  ,  ,0.0,  ,  
2020-01-31 11:05:00,-1.6,-1.87401585682,738.285711624,  ,  ,0.0,0.0,98.0,0.0,  ,  ,0.0,  ,  
2020-01-31 11:10:00,-1.6,-1.87401585682,738.285711624,  ,  ,0.0,0.80000397743,98.0,0.0,  ,  ,0.0,  ,  
2020-01-31 11:15:00,-1.6,-1.87401585682,738.309111462,  ,  ,0.0,0.0,98.0,0.0,  ,  ,0.0,  ,  
2020-01-31 11:20:00,-1.6,-1.87401585682,738.360717792,  ,  ,0.0,0.0,98.0,0.0,  ,  ,0.0,  ,  
2020-01-31 11:25:00,-1.6,-1.87401585682,738.360717792,  ,  ,0.0,0.0,98.0,0.0,  ,  ,0.0,  ,  
2020-01-31 11:30:00,-1.6,-1.87401585682,738.360717792,  ,  ,0.0,0.0,98.0,0.0,  ,  ,0.0,  ,  
2020-01-31 11:35:00,-1.6,-1.87401585682,738.360717792,  ,  ,0.0,0.0,98.0,0.0,  ,  ,0.0,  ,  
2020-01-31 11:40:00,-1.6,-1.87401585682,738.360717792,  ,  ,0.0,0.0,98.0,0.0,  ,  ,0.0,  ,  
2020-01-31 11:45:00,-1.6,-1.87401585682,738.384110434,  ,  ,0.0,0.0,98.0,0.0,  ,  ,0.0,  ,  
2020-01-31 11:50:00,-1.6,-1.87401585682,738.43572396,  ,  ,0.0,0.0,98.0,0.0,  ,  ,0.0,  ,  
2020-01-31 11:55:00,-1.6,-1.87401585682,738.43572396,  ,  ,0.0,0.600002983073,98.0,0.0,  ,  ,0.0,  ,  
2020-01-31 12:00:00,-1.6,-1.87401585682,738.41228688,  ,  ,0.0,0.600002983073,98.0,0.0,  ,  ,0.0,  ,  
2020-01-31 12:05:00,-1.6,-1.87401585682,738.360717792,  ,  ,0.0,0.0,98.0,0.0,  ,  ,0.0,  ,  
2020-01-31 12:10:00,-1.6,-1.87401585682,738.360717792,  ,  ,0.0,1.30000646332,98.0,0.0,  ,  ,0.0,  ,  
2020-01-31 12:15:00,-1.6,-1.87401585682,738.38412926,  ,  ,0.0,0.0,98.0,0.0,  ,  ,0.0,  ,  
2020-01-31 12:20:00,-1.6,-1.87401585682,738.43572396,  ,  ,0.0,1.30000646332,98.0,0.0,  ,  ,0.254,  ,  
2020-01-31 12:25:00,-1.6,-1.87401585682,738.43572396,  ,  ,0.0,1.30000646332,98.0,0.0,  ,  ,0.254,  ,  
2020-01-31 12:30:00,-1.6,-1.87401585682,738.43572396,  ,  ,0.0,0.0,98.0,0.0,  ,  ,0.254,  ,  
2020-01-31 12:35:00,-1.6,-1.87401585682,738.43572396,  ,  ,0.0,1.4000069605,98.0,0.0,  ,  ,0.254,  ,  
2020-01-31 12:40:00,-1.6,-1.87401585682,738.43572396,  ,  ,0.0,1.9000094464,98.0,0.0,  ,  ,0.254,  ,  
2020-01-31 12:45:00,-1.6,-1.87401585682,738.459135428,  ,  ,0.0125000621474,1.10000546897,98.0,0.0,  ,  ,0.254,  ,  
2020-01-31 12:50:00,-1.6,-1.87401585682,738.510730128,  ,  ,0.600002983073,0.600002983073,98.0,0.0,  ,  ,0.254,  ,  
2020-01-31 12:55:00,-1.6,-1.87401585682,738.510730128,  ,  ,0.587502920925,0.600002983073,98.0,0.0,  ,  ,0.254,  ,  
2020-01-31 13:00:00,-1.6,-1.87401585682,738.487293029,  ,  ,0.0,0.0,98.0,0.0,  ,  ,0.254,  ,  
2020-01-31 13:05:00,-1.6,-1.87401585682,738.43572396,  ,  ,0.0,0.0,98.0,0.0,  ,  ,0.762,  ,  
2020-01-31 13:10:00,-1.6,-1.87401585682,738.43572396,  ,  ,0.0,1.4000069605,98.0,0.0,  ,  ,0.762,  ,  
2020-01-31 13:15:00,-1.6,-1.87401585682,738.459123798,  ,  ,0.0125000621474,2.60001292665,98.0,0.0,  ,  ,0.762,  ,  
2020-01-31 13:20:00,-1.6,-1.87401585682,738.510730128,  ,  ,0.600002983073,2.60001292665,98.0,0.0,  ,  ,0.762,  ,  
2020-01-31 13:25:00,-1.6,-1.87401585682,738.510730128,  ,  ,0.606253014147,2.40001193229,98.0,0.0,  ,  ,0.762,  ,  
2020-01-31 13:30:00,-1.6,-1.87401585682,738.48731866,  ,  ,0.900004474609,1.4000069605,98.0,0.0,  ,  ,0.762,  ,  
2020-01-31 13:35:00,-1.6,-1.87401585682,738.43572396,  ,  ,0.893754443536,1.4000069605,98.0,0.0,  ,  ,0.762,  ,  
2020-01-31 13:40:00,-1.6,-1.87401585682,738.43572396,  ,  ,0.600002983073,1.60000795486,98.0,0.0,  ,  ,0.762,  ,  
2020-01-31 13:45:00,-1.6,-1.87401585682,738.43572396,  ,  ,0.600002983073,2.10001044075,98.0,0.0,  ,  ,0.762,  ,  
2020-01-31 13:50:00,-1.6,-1.87401585682,738.43572396,  ,  ,0.600002983073,1.4000069605,98.0,0.0,  ,  ,0.762,  ,  
2020-01-31 13:55:00,-1.6,-1.87401585682,738.43572396,  ,  ,0.587502920925,1.9000094464,98.0,0.0,  ,  ,0.762,  ,  
2020-01-31 14:00:00,-1.6,-1.87401585682,738.48259812,  ,  ,0.0,1.9000094464,98.0,0.0,  ,  ,0.762,  ,  
2020-01-31 14:05:00,-1.6,-1.87401585682,738.585736296,  ,  ,0.0125000621474,2.10001044075,98.0,0.0,  ,  ,0.762,  ,  
2020-01-31 14:10:00,-1.6,-1.87401585682,738.585736296,  ,  ,0.600002983073,2.80001392101,98.0,0.0,  ,  ,0.762,  ,  
2020-01-31 14:15:00,-1.6,-1.87401585682,738.585736296,  ,  ,0.606253014147,1.60000795486,98.0,0.0,  ,  ,0.762,  ,  
2020-01-31 14:20:00,-1.6,-1.87401585682,738.585736296,  ,  ,0.900004474609,0.900004474609,98.0,0.0,  ,  ,0.762,  ,  
2020-01-31 14:25:00,-1.6,-1.87401585682,738.585736296,  ,  ,0.881254381388,1.60000795486,98.0,0.0,  ,  ,0.762,  ,  
2020-01-31 14:30:00,-1.6,-1.87401585682,738.609136134,  ,  ,0.0,1.60000795486,98.0,0.0,  ,  ,1.016,  ,  
2020-01-31 14:35:00,-1.6,-1.87401585682,738.660742464,  ,  ,0.0,1.10000546897,98.0,0.0,  ,  ,1.016,  ,  
2020-01-31 14:40:00,-1.6,-1.87401585682,738.660742464,  ,  ,0.0,1.80000894922,98.0,0.0,  ,  ,1.016,  ,  
2020-01-31 14:45:00,-1.6,-1.87401585682,738.684153932,  ,  ,0.0,0.600002983073,98.0,0.0,  ,  ,1.016,  ,  
2020-01-31 14:50:00,-1.6,-1.87401585682,738.735748632,  ,  ,0.0,0.0,98.0,0.0,  ,  ,1.016,  ,  
2020-01-31 14:55:00,-1.6,-1.87401585682,738.735748632,  ,  ,0.0,0.0,98.0,0.0,  ,  ,1.016,  ,  
2020-01-31 15:00:00,-1.6,-1.87401585682,738.735748632,  ,  ,0.0,0.0,98.0,0.0,  ,  ,1.016,  ,  
2020-01-31 15:05:00,-1.6,-1.87401585682,738.735748632,  ,  ,0.0,0.80000397743,98.0,0.0,  ,  ,1.016,  ,  
2020-01-31 15:10:00,-1.6,-1.87401585682,738.735748632,  ,  ,0.0,0.0,98.0,0.0,  ,  ,1.016,  ,  
2020-01-31 15:15:00,-1.6,-1.87401585682,738.782548308,  ,  ,0.0,1.4000069605,98.0,0.0,  ,  ,1.016,  ,  
2020-01-31 15:20:00,-1.6,-1.87401585682,738.885760968,  ,  ,0.0,1.60000795486,98.0,0.0,  ,  ,1.016,  ,  
2020-01-31 15:25:00,-1.6,-1.87401585682,738.885760968,  ,  ,0.0,1.80000894922,98.0,0.0,  ,  ,1.016,  ,  
2020-01-31 15:30:00,-1.6,-1.87401585682,738.885760968,  ,  ,0.0,0.600002983073,98.0,0.0,  ,  ,1.016,  ,  
2020-01-31 15:35:00,-1.6,-1.87401585682,738.885760968,  ,  ,0.0,0.600002983073,98.0,0.0,  ,  ,1.016,  ,  
2020-01-31 15:40:00,-1.6,-1.87401585682,738.885760968,  ,  ,0.0,0.900004474609,98.0,0.0,  ,  ,1.016,  ,  
2020-01-31 15:45:00,-1.6,-1.87401585682,738.909198067,  ,  ,0.0,0.0,98.0,0.0,  ,  ,1.016,  ,  
2020-01-31 15:50:00,-1.6,-1.87401585682,738.960767136,  ,  ,0.0,0.0,98.0,0.0,  ,  ,1.016,  ,  
2020-01-31 15:55:00,-1.6,-1.87401585682,738.960767136,  ,  ,0.0,1.80000894922,98.0,0.0,  ,  ,1.016,  ,  
2020-01-31 16:00:00,-1.6,-1.87401585682,738.960767136,  ,  ,0.0,1.60000795486,98.0,0.0,  ,  ,1.016,  ,  
2020-01-31 16:05:00,-1.6,-1.87401585682,738.960767136,  ,  ,0.0,1.9000094464,98.0,0.0,  ,  ,1.016,  ,  
2020-01-31 16:10:00,-1.6,-1.87401585682,738.960767136,  ,  ,0.0,1.4000069605,98.0,0.0,  ,  ,1.016,  ,  
2020-01-31 16:15:00,-1.6,-1.87401585682,739.007636662,  ,  ,0.0125000621474,1.9000094464,98.0,0.0,  ,  ,1.016,  ,  
2020-01-31 16:20:00,-1.6,-1.87401585682,739.110779472,  ,  ,0.600002983073,2.10001044075,98.0,0.0,  ,  ,1.016,  ,  
2020-01-31 16:25:00,-1.6,-1.87401585682,739.110779472,  ,  ,0.600002983073,1.4000069605,98.0,0.0,  ,  ,1.016,  ,  
2020-01-31 16:30:00,-1.6,-1.87401585682,739.110779472,  ,  ,0.600002983073,0.600002983073,98.0,0.0,  ,  ,1.016,  ,  
2020-01-31 16:35:00,-1.6,-1.87401585682,739.110779472,  ,  ,0.587502920925,0.600002983073,98.0,0.0,  ,  ,1.016,  ,  
2020-01-31 16:40:00,-1.6,-1.87401585682,739.110779472,  ,  ,0.0,1.30000646332,98.0,0.0,  ,  ,1.016,  ,  
2020-01-31 16:45:00,-1.6,-1.87401585682,739.13419094,  ,  ,0.0,0.600002983073,98.0,0.0,  ,  ,1.016,  ,  
2020-01-31 16:50:00,-1.6,-1.87401585682,739.18578564,  ,  ,0.0,1.4000069605,98.0,0.0,  ,  ,1.016,  ,  
2020-01-31 16:55:00,-1.6,-1.87401585682,739.18578564,  ,  ,0.0,1.4000069605,98.0,0.0,  ,  ,1.016,  ,  
  
  
2020-01-31 17:10:00,1.3,-5.17161654962,739.260791808,  ,  ,0.0,0.0,62.0,0.0,  ,  ,1.016,  ,  
2020-01-31 17:15:00,1.3,-0.27786477842,739.260791808,  ,  ,0.0,1.10000546897,89.2125,0.0,  ,  ,1.016,  ,  
2020-01-31 17:20:00,1.3,1.16023423357,739.260791808,  ,  ,0.0,1.4000069605,99.0,0.0,  ,  ,1.016,  ,  
2020-01-31 17:25:00,1.3,1.16023423357,739.395221352,  ,  ,0.0,0.80000397743,99.0,0.0,  ,  ,1.016,  ,  
2020-01-31 17:30:00,1.3,1.16023423357,739.410804144,  ,  ,0.0,1.30000646332,99.0,0.0,  ,  ,1.016,  ,  
2020-01-31 17:35:00,1.3,1.16023423357,739.410804144,  ,  ,0.0,1.80000894922,99.0,0.0,  ,  ,1.016,  ,  
2020-01-31 17:40:00,1.3,1.16023423357,739.477997952,  ,  ,0.0,2.30001143511,99.0,0.0,  ,  ,1.016,  ,  
2020-01-31 17:45:00,1.3,1.16023423357,739.485810312,  ,  ,0.0125000621474,1.4000069605,99.0,0.0,  ,  ,1.016,  ,  
2020-01-31 17:50:00,1.3,1.16023423357,739.485810312,  ,  ,0.600002983073,1.10000546897,99.0,0.0,  ,  ,1.016,  ,  
2020-01-31 17:55:00,1.3,1.16023423357,739.687543319,  ,  ,0.600002983073,1.9000094464,99.0,0.0,  ,  ,1.016,  ,  
2020-01-31 18:00:00,1.3,1.16023423357,739.710828816,  ,  ,0.600002983073,1.4000069605,99.0,0.0,  ,  ,1.016,  ,  
2020-01-31 18:05:00,1.3,1.16023423357,739.710828816,  ,  ,0.587502920925,1.60000795486,99.0,0.0,  ,  ,1.016,  ,  
2020-01-31 18:10:00,1.3,-16.5552190415,739.778006308,  ,  ,0.0,0.0,24.9875,0.0,  ,  ,1.016,  ,  
2020-01-31 18:15:00,1.3,-32.3379626025,739.785834984,  ,  ,0.0,1.30000646332,6.0,0.0,  ,  ,1.016,  ,  
2020-01-31 18:20:00,1.3,-32.3379626025,739.785834984,  ,  ,0.0,0.900004474609,6.0,0.0,  ,  ,1.016,  ,  
2020-01-31 18:25:00,1.3,-32.3379626025,739.853016365,  ,  ,0.0,0.0,6.0,0.0,  ,  ,1.016,  ,  
2020-01-31 18:30:00,1.3,-32.3379626025,739.860841152,  ,  ,0.0,1.10000546897,6.0,0.0,  ,  ,1.016,  ,  
2020-01-31 18:35:00,1.3,-32.3379626025,739.860841152,  ,  ,0.0,1.4000069605,6.0,0.0,  ,  ,1.016,  ,  
2020-01-31 18:40:00,1.3,-32.3379626025,739.928055924,  ,  ,0.0,1.4000069605,6.0,0.0,  ,  ,1.016,  ,  
2020-01-31 18:45:00,1.3,-0.262480397193,739.93584732,  ,  ,0.0,0.0,89.3125,0.0,  ,  ,1.016,  ,  
2020-01-31 18:50:00,1.3,1.16023423357,739.93584732,  ,  ,0.0,0.0,99.0,0.0,  ,  ,1.016,  ,  
2020-01-31 18:55:00,1.3,1.16023423357,740.003136651,  ,  ,0.0,1.30000646332,99.0,0.0,  ,  ,1.016,  ,  
2020-01-31 19:00:00,1.3,1.16023423357,740.010853488,  ,  ,0.0,0.0,99.0,0.0,  ,  ,1.016,  ,  
2020-01-31 19:05:00,1.3,1.16023423357,740.010853488,  ,  ,0.0,0.0,99.0,0.0,  ,  ,1.016,  ,  
2020-01-31 19:10:00,1.3,1.16023423357,740.010853488,  ,  ,0.0,1.10000546897,99.0,0.0,  ,  ,1.016,  ,  
2020-01-31 19:15:00,1.3,1.16023423357,740.010853488,  ,  ,0.0,0.0,99.0,0.0,  ,  ,1.016,  ,  
2020-01-31 19:20:00,1.3,1.16023423357,740.010853488,  ,  ,0.0,0.0,99.0,0.0,  ,  ,1.016,  ,  
2020-01-31 19:25:00,1.3,1.16023423357,740.145541579,  ,  ,0.0,0.0,99.0,0.0,  ,  ,1.016,  ,  
2020-01-31 19:30:00,1.3,0.749541112045,740.160865824,  ,  ,0.0,0.0,96.1125,0.0,  ,  ,1.016,  ,  
2020-01-31 19:35:00,1.3,,740.160865824,  ,  ,0.0,0.0,0.0,0.0,  ,  ,1.016,  ,  
2020-01-31 19:40:00,1.3,,740.160865824,  ,  ,0.0,0.900004474609,0.0,0.0,  ,  ,1.016,  ,  
2020-01-31 19:45:00,1.3,,740.160865824,  ,  ,0.0,0.900004474609,0.0,0.0,  ,  ,1.016,  ,  
2020-01-31 19:50:00,1.3,,740.160865824,  ,  ,0.0,0.0,0.0,0.0,  ,  ,1.016,  ,  
2020-01-31 19:55:00,1.3,,740.228158988,  ,  ,0.0,0.80000397743,0.0,0.0,  ,  ,1.016,  ,  
2020-01-31 20:00:00,1.3,,740.235871992,  ,  ,0.0,0.0,0.0,0.0,  ,  ,1.016,  ,  
2020-01-31 20:05:00,1.3,,740.235871992,  ,  ,0.0,0.0,0.0,0.0,  ,  ,1.016,  ,  
2020-01-31 20:10:00,1.3,,740.303161323,  ,  ,0.0,1.30000646332,0.0,0.0,  ,  ,1.016,  ,  
2020-01-31 20:15:00,1.3,,740.31087816,  ,  ,0.0,0.0,0.0,0.0,  ,  ,1.016,  ,  
2020-01-31 20:20:00,1.3,,740.31087816,  ,  ,0.0,1.30000646332,0.0,0.0,  ,  ,1.016,  ,  
2020-01-31 20:25:00,1.3,,740.31087816,  ,  ,0.0,1.10000546897,0.0,0.0,  ,  ,1.016,  ,  
2020-01-31 20:30:00,1.3,,740.31087816,  ,  ,0.0,0.80000397743,0.0,0.0,  ,  ,1.016,  ,  
2020-01-31 20:35:00,1.3,,740.31087816,  ,  ,0.0,0.0,0.0,0.0,  ,  ,1.016,  ,  
2020-01-31 20:40:00,1.3,,740.378193302,  ,  ,0.0,0.0,0.0,0.0,  ,  ,1.016,  ,  
2020-01-31 20:45:00,1.3,,740.385884328,  ,  ,0.0,0.0,0.0,0.0,  ,  ,1.016,  ,  
2020-01-31 20:50:00,1.3,,740.385884328,  ,  ,0.0,0.0,0.0,0.0,  ,  ,1.016,  ,  
2020-01-31 20:55:00,1.3,,740.385884328,  ,  ,0.0,0.0,0.0,0.0,  ,  ,1.016,  ,  
2020-01-31 21:00:00,1.3,,740.385884328,  ,  ,0.0,0.0,0.0,0.0,  ,  ,1.016,  ,  
2020-01-31 21:05:00,1.3,,740.385884328,  ,  ,0.0,0.0,0.0,0.0,  ,  ,1.016,  ,  
2020-01-31 21:10:00,1.3,,740.385884328,  ,  ,0.0,0.0,0.0,0.0,  ,  ,1.016,  ,  
2020-01-31 21:15:00,1.3,,740.385884328,  ,  ,0.0,0.0,0.0,0.0,  ,  ,1.016,  ,  
2020-01-31 21:20:00,1.3,,740.385884328,  ,  ,0.0,0.0,0.0,0.0,  ,  ,1.016,  ,  
2020-01-31 21:25:00,1.3,,740.385884328,  ,  ,0.0,0.0,0.0,0.0,  ,  ,1.016,  ,  
2020-01-31 21:30:00,1.3,,740.385884328,  ,  ,0.0,0.0,0.0,0.0,  ,  ,1.016,  ,  
2020-01-31 21:35:00,1.3,,740.385884328,  ,  ,0.0,0.0,0.0,0.0,  ,  ,1.016,  ,  
2020-01-31 21:40:00,1.3,,740.453065709,  ,  ,0.0,0.0,0.0,0.0,  ,  ,1.016,  ,  
2020-01-31 21:45:00,1.3,,740.460890496,  ,  ,0.0,0.0,0.0,0.0,  ,  ,1.016,  ,  
2020-01-31 21:50:00,1.3,,740.460890496,  ,  ,0.0,0.0,0.0,0.0,  ,  ,1.016,  ,  
2020-01-31 21:55:00,1.3,,740.52818366,  ,  ,0.0,0.0,0.0,0.0,  ,  ,1.016,  ,  
2020-01-31 22:00:00,1.3,,740.535896664,  ,  ,0.0,0.0,0.0,0.0,  ,  ,1.016,  ,  
2020-01-31 22:05:00,1.3,,740.535896664,  ,  ,0.0,0.0,0.0,0.0,  ,  ,1.016,  ,  
2020-01-31 22:10:00,1.3,,740.535896664,  ,  ,0.0,0.0,0.0,0.0,  ,  ,1.016,  ,  
2020-01-31 22:15:00,1.3,,740.535896664,  ,  ,0.0,0.0,0.0,0.0,  ,  ,1.016,  ,  
2020-01-31 22:20:00,1.3,,740.535896664,  ,  ,0.0,0.0,0.0,0.0,  ,  ,1.016,  ,  
2020-01-31 22:25:00,1.3,,740.535896664,  ,  ,0.0,0.0,0.0,0.0,  ,  ,1.016,  ,  
2020-01-31 22:30:00,1.3,,740.535896664,  ,  ,0.0,0.0,0.0,0.0,  ,  ,1.016,  ,  
2020-01-31 22:35:00,1.3,,740.535896664,  ,  ,0.0,0.0,0.0,0.0,  ,  ,1.016,  ,  
2020-01-31 22:40:00,1.3,,740.603223274,  ,  ,0.0,0.0,0.0,0.0,  ,  ,1.016,  ,  
2020-01-31 22:45:00,1.3,,740.610902832,  ,  ,0.0,0.0,0.0,0.0,  ,  ,1.016,  ,  
2020-01-31 22:50:00,1.3,,740.610902832,  ,  ,0.0,0.0,0.0,0.0,  ,  ,1.016,  ,  
2020-01-31 22:55:00,1.3,,740.678192163,  ,  ,0.0,0.0,0.0,0.0,  ,  ,1.016,  ,  
2020-01-31 23:00:00,1.3,,740.685909,  ,  ,0.0,0.0,0.0,0.0,  ,  ,1.016,  ,  
2020-01-31 23:05:00,1.3,,740.685909,  ,  ,0.0,0.0,0.0,0.0,  ,  ,1.016,  ,  
2020-01-31 23:10:00,1.3,,740.685909,  ,  ,0.0,0.0,0.0,0.0,  ,  ,1.016,  ,  
2020-01-31 23:15:00,1.3,,740.685909,  ,  ,0.0,0.0,0.0,0.0,  ,  ,1.016,  ,  
2020-01-31 23:20:00,1.3,,740.685909,  ,  ,0.0,0.0,0.0,0.0,  ,  ,1.016,  ,  
2020-01-31 23:25:00,1.3,,740.685909,  ,  ,0.0,0.0,0.0,0.0,  ,  ,1.016,  ,  
2020-01-31 23:30:00,1.3,,740.685909,  ,  ,0.0,0.0,0.0,0.0,  ,  ,1.016,  ,  
2020-01-31 23:35:00,1.3,,740.685909,  ,  ,0.0,0.0,0.0,0.0,  ,  ,1.016,  ,  
2020-01-31 23:40:00,1.3,,740.753257666,  ,  ,0.0,0.0,0.0,0.0,  ,  ,1.016,  ,  
2020-01-31 23:45:00,1.3,,740.760915168,  ,  ,0.0,0.0,0.0,0.0,  ,  ,1.016,  ,  
2020-01-31 23:50:00,1.3,,740.760915168,  ,  ,0.0,0.0,0.0,0.0,  ,  ,1.016,  ,  
  

    

