Time,TemperatureC,DewpointC,PressurehPa,WindDirection,WindDirectionDegrees,WindSpeedKMH,WindSpeedGustKMH,Humidity,HourlyPrecipMM,Conditions,Clouds,dailyrainMM,SoftwareType,DateUTC
                
2019-07-31 00:00:00,10.6120833333,7.43857532003,740.160865824,  ,  ,1.66459160929,5.30002635048,80.7333333333,0.0,  ,  ,0.0,  ,  
2019-07-31 00:05:00,10.6,7.47507640852,740.051643695,  ,  ,1.60000795486,7.1000352997,81.0,0.0,  ,  ,0.0,  ,  
2019-07-31 00:10:00,10.53875,7.33687409345,740.010853488,  ,  ,2.47084561779,3.90001938997,80.5666666667,0.0,  ,  ,0.0,  ,  
2019-07-31 00:15:00,10.4554166667,7.32808827946,740.010853488,  ,  ,2.60001292665,6.10003032791,80.9666666667,0.0,  ,  ,0.0,  ,  
2019-07-31 00:20:00,10.4,7.28007686364,739.901807778,  ,  ,2.33876162777,6.30003132226,81.0,0.0,  ,  ,0.0,  ,  
2019-07-31 00:25:00,10.3654166667,7.24861315175,739.860841152,  ,  ,2.30001143511,5.80002883637,81.0125,0.0,  ,  ,0.0,  ,  
2019-07-31 00:30:00,10.2854166667,7.34771000192,739.860841152,  ,  ,2.30001143511,5.50002734483,82.0,0.0,  ,  ,0.0,  ,  
2019-07-31 00:35:00,10.1933333333,7.26596315496,739.860841152,  ,  ,2.30001143511,5.30002635048,82.0458333333,0.0,  ,  ,0.0,  ,  
2019-07-31 00:40:00,10.1020833333,7.33411806174,739.860841152,  ,  ,1.86459260365,6.80003380816,82.9333333333,0.0,  ,  ,0.0,  ,  
2019-07-31 00:45:00,10.0175,7.26315876792,739.860841152,  ,  ,1.80000894922,6.6000328138,83.0,0.0,  ,  ,0.0,  ,  
2019-07-31 00:50:00,9.90333333333,7.06698848408,739.860841152,  ,  ,2.23542778068,6.6000328138,82.5208333333,0.0,  ,  ,0.0,  ,  
2019-07-31 00:55:00,9.83208333333,6.95459011472,739.860841152,  ,  ,2.30001143511,5.00002485894,82.2791666667,0.0,  ,  ,0.0,  ,  
2019-07-31 01:00:00,9.8,7.02113864284,739.860841152,  ,  ,2.30001143511,5.80002883637,82.8333333333,0.0,  ,  ,0.0,  ,  
2019-07-31 01:05:00,9.80458333333,7.0549485785,739.751748097,  ,  ,2.30001143511,6.50003231662,83.0,0.0,  ,  ,0.0,  ,  
2019-07-31 01:10:00,9.88,7.12869863109,739.710828816,  ,  ,1.95167636994,4.10002038433,83.0,0.0,  ,  ,0.0,  ,  
2019-07-31 01:15:00,9.9,7.0990637083,739.710828816,  ,  ,1.9000094464,4.80002386458,82.7208333333,0.0,  ,  ,0.0,  ,  
2019-07-31 01:20:00,9.92666666667,6.99740336516,739.601681132,  ,  ,1.9000094464,5.50002734483,82.0,0.0,  ,  ,0.0,  ,  
2019-07-31 01:25:00,10.0491666667,7.18439608301,739.56081648,  ,  ,1.9000094464,7.30003629405,82.3791666667,0.0,  ,  ,0.0,  ,  
2019-07-31 01:30:00,10.12125,7.25630032895,739.56081648,  ,  ,2.24834451157,8.10004027148,82.3875,0.0,  ,  ,0.0,  ,  
2019-07-31 01:35:00,10.2,7.34950522897,739.397176897,  ,  ,2.30001143511,4.10002038433,82.4791666667,0.0,  ,  ,0.0,  ,  
2019-07-31 01:40:00,10.2779166667,7.51781356964,739.335797976,  ,  ,1.95167636994,6.10003032791,83.0,0.0,  ,  ,0.0,  ,  
2019-07-31 01:45:00,10.3,7.53940802301,739.335797976,  ,  ,1.9000094464,4.80002386458,83.0,0.0,  ,  ,0.0,  ,  
2019-07-31 01:50:00,10.3,7.53940802301,739.44494566,  ,  ,1.9000094464,5.50002734483,83.0,0.0,  ,  ,0.0,  ,  
2019-07-31 01:55:00,10.2620833333,7.50233072767,739.485810312,  ,  ,1.9000094464,6.30003132226,83.0,0.0,  ,  ,0.0,  ,  
2019-07-31 02:00:00,10.1954166667,7.43713957271,739.485810312,  ,  ,2.24834451157,7.00003480252,83.0,0.0,  ,  ,0.0,  ,  
2019-07-31 02:05:00,10.110041841,7.35365375062,739.37679189,  ,  ,2.30001143511,5.10002535612,83.0,0.0,  ,  ,0.0,  ,  
2019-07-31 02:10:00,10.1,7.37904337174,739.335797976,  ,  ,2.12584390253,5.10002535612,83.2,0.0,  ,  ,0.0,  ,  
2019-07-31 02:15:00,10.0754166667,7.40766106683,739.335797976,  ,  ,2.10001044075,6.30003132226,83.5,0.0,  ,  ,0.0,  ,  
2019-07-31 02:20:00,9.97541666667,7.35862086983,739.226698095,  ,  ,1.92584290817,5.60002784201,83.7791666667,0.0,  ,  ,0.0,  ,  
2019-07-31 02:25:00,9.9,7.32545835153,739.18578564,  ,  ,1.9000094464,6.30003132226,84.0125,0.0,  ,  ,0.0,  ,  
2019-07-31 02:30:00,9.89333333333,7.45545038777,739.18578564,  ,  ,2.50959581045,6.80003380816,84.8,0.0,  ,  ,0.0,  ,  
2019-07-31 02:35:00,9.82208333333,7.57077287806,739.18578564,  ,  ,2.60001292665,4.80002386458,85.8791666667,0.0,  ,  ,0.0,  ,  
2019-07-31 02:40:00,9.8,7.64548894022,739.18578564,  ,  ,1.9033427963,4.50002237305,86.4458333333,0.0,  ,  ,0.0,  ,  
2019-07-31 02:45:00,9.74208333333,7.68226907387,739.18578564,  ,  ,1.80000894922,4.10002038433,87.0,0.0,  ,  ,0.0,  ,  
2019-07-31 02:50:00,9.7,7.61276993985,739.022135819,  ,  ,1.36459011775,5.80002883637,86.8333333333,0.0,  ,  ,0.0,  ,  
2019-07-31 02:55:00,9.61541666667,7.63821021357,738.960767136,  ,  ,1.30000646332,3.90001938997,87.4791666667,0.0,  ,  ,0.254,  ,  
2019-07-31 03:00:00,9.42625,7.45554121713,738.960767136,  ,  ,1.5612577622,7.00003480252,87.5,0.0,  ,  ,0.254,  ,  
2019-07-31 03:05:00,9.29,7.53939004821,738.906217196,  ,  ,1.60000795486,3.60001789844,88.8125,0.380999999223,  ,  ,0.508,  ,  
2019-07-31 03:10:00,9.20208333333,7.6513993063,738.885760968,  ,  ,1.60000795486,4.50002237305,90.025,1.52399999689,  ,  ,0.508,  ,  
2019-07-31 03:15:00,9.11541666667,7.73116079025,738.885760968,  ,  ,1.60000795486,3.90001938997,91.0458333333,1.52399999689,  ,  ,0.762,  ,  
2019-07-31 03:20:00,8.97083333333,7.73045451286,738.885760968,  ,  ,1.16458912339,4.30002137869,91.9333333333,1.70179999653,  ,  ,1.016,  ,  
2019-07-31 03:25:00,8.76416666667,7.49396066233,738.885760968,  ,  ,1.10000546897,4.30002137869,91.7333333333,2.21685555103,  ,  ,1.016,  ,  
2019-07-31 03:30:00,8.68208333333,7.45521203736,738.885760968,  ,  ,1.53542430043,5.50002734483,92.0,1.97273332931,  ,  ,1.016,  ,  
2019-07-31 03:35:00,8.6,7.48686991002,738.776661087,  ,  ,1.60000795486,4.50002237305,92.7125,1.54516666351,  ,  ,1.27,  ,  
2019-07-31 03:40:00,8.6,7.5898795248,738.735748632,  ,  ,1.33875665598,5.50002734483,93.3666666667,3.04517777157,  ,  ,1.778,  ,  
2019-07-31 03:45:00,8.57208333333,7.59028696608,738.735748632,  ,  ,1.30000646332,3.90001938997,93.5458333333,3.67029999251,  ,  ,1.778,  ,  
2019-07-31 03:50:00,8.45875,7.54879756617,738.681171579,  ,  ,1.82250906108,5.00002485894,94.0,2.37066666183,  ,  ,2.032,  ,  
2019-07-31 03:55:00,8.4,7.49048106336,738.660742464,  ,  ,1.9000094464,6.00002983073,94.0,2.27753332869,  ,  ,2.286,  ,  
2019-07-31 04:00:00,8.31875,7.48426691831,738.660742464,  ,  ,1.8129256801,5.00002485894,94.4791666667,1.77799999637,  ,  ,2.286,  ,  
2019-07-31 04:05:00,8.3,7.5583699424,738.497123144,  ,  ,1.80000894922,5.50002734483,95.0791666667,1.98543332928,  ,  ,2.54,  ,  
2019-07-31 04:10:00,8.27208333333,7.5575632787,738.43572396,  ,  ,1.80000894922,6.00002983073,95.2541666667,2.04752221805,  ,  ,2.54,  ,  
2019-07-31 04:15:00,8.2,7.44677662387,738.43572396,  ,  ,1.80000894922,5.30002635048,95.0,1.62983333001,  ,  ,2.54,  ,  
2019-07-31 04:20:00,8.2,7.47244041312,738.43572396,  ,  ,1.80000894922,4.80002386458,95.1666666667,1.31092221955,  ,  ,2.794,  ,  
2019-07-31 04:25:00,8.2,7.44677662387,738.43572396,  ,  ,1.80000894922,4.50002237305,95.0,1.26999999741,  ,  ,3.048,  ,  
2019-07-31 04:30:00,8.2,7.48461685147,738.43572396,  ,  ,1.62584141663,2.80001392101,95.2458333333,1.73848888534,  ,  ,3.048,  ,  
2019-07-31 04:35:00,8.17208333333,7.57238812114,738.381146907,  ,  ,1.60000795486,5.00002485894,96.0,1.91346666276,  ,  ,3.302,  ,  
2019-07-31 04:40:00,8.1,7.50065593793,738.360717792,  ,  ,1.33875665598,5.10002535612,96.0,1.77799999637,  ,  ,3.302,  ,  
2019-07-31 04:45:00,8.10333333333,7.50397303537,738.360717792,  ,  ,1.30000646332,5.50002734483,96.0,1.61995555225,  ,  ,3.302,  ,  
2019-07-31 04:50:00,8.1,7.43951831488,738.251617911,  ,  ,1.5612577622,5.00002485894,95.6,1.24318888635,  ,  ,3.302,  ,  
2019-07-31 04:55:00,8.1,7.50065593793,738.210705456,  ,  ,1.60000795486,6.6000328138,96.0,0.0169333332988,  ,  ,3.302,  ,  
2019-07-31 05:00:00,8.04208333333,7.29815999985,738.210705456,  ,  ,2.03542678633,6.80003380816,95.0541666667,0.0,  ,  ,3.556,  ,  
2019-07-31 05:05:00,8.02125,7.32736288392,738.156155516,  ,  ,2.10001044075,5.10002535612,95.3791666667,0.0,  ,  ,3.556,  ,  
2019-07-31 05:10:00,8.1,7.50065593793,738.135699288,  ,  ,2.36126173963,6.00002983073,96.0,0.0,  ,  ,3.556,  ,  
2019-07-31 05:15:00,8.1,7.41717251442,738.135699288,  ,  ,2.40001193229,7.30003629405,95.4541666667,0.0,  ,  ,3.556,  ,  
2019-07-31 05:20:00,8.1,7.37815502094,738.081122235,  ,  ,2.13876063341,5.30002635048,95.2,0.0,  ,  ,3.556,  ,  
2019-07-31 05:25:00,8.1,7.34738818755,738.06069312,  ,  ,2.10001044075,6.10003032791,95.0,0.0,  ,  ,3.556,  ,  
2019-07-31 05:30:00,8.1,7.36790573939,738.06069312,  ,  ,2.27417797334,6.00002983073,95.1333333333,0.0,  ,  ,3.556,  ,  
2019-07-31 05:35:00,8.1,7.34738818755,738.06069312,  ,  ,2.30001143511,5.30002635048,95.0,0.0,  ,  ,3.556,  ,  
2019-07-31 05:40:00,8.14125,7.49266897798,738.06069312,  ,  ,2.12584390253,4.30002137869,95.6791666667,0.0,  ,  ,3.556,  ,  
2019-07-31 05:45:00,8.2,7.53706578291,738.06069312,  ,  ,2.10001044075,6.10003032791,95.5875,0.0,  ,  ,3.556,  ,  
2019-07-31 05:50:00,8.26125,7.50765191883,738.06069312,  ,  ,1.83875914188,6.30003132226,95.0,0.0,  ,  ,3.556,  ,  
2019-07-31 05:55:00,8.3,7.54616481257,738.06069312,  ,  ,1.80000894922,6.50003231662,95.0,0.0,  ,  ,3.556,  ,  
2019-07-31 06:00:00,8.3,7.54616481257,738.06069312,  ,  ,2.0612602481,6.6000328138,95.0,0.0,  ,  ,3.556,  ,  
2019-07-31 06:05:00,8.31,7.48719618195,738.006153347,  ,  ,2.10001044075,6.30003132226,94.5541666667,0.0,  ,  ,3.556,  ,  
2019-07-31 06:10:00,8.36791666667,7.54859938455,737.985686952,  ,  ,2.10001044075,6.6000328138,94.5791666667,0.0,  ,  ,3.556,  ,  
2019-07-31 06:15:00,8.4,7.61272068507,737.985686952,  ,  ,2.10001044075,7.30003629405,94.7875,0.0,  ,  ,3.556,  ,  
2019-07-31 06:20:00,8.40458333333,7.49503058147,737.931137012,  ,  ,2.27417797334,5.80002883637,94.0,0.0,  ,  ,3.556,  ,  
2019-07-31 06:25:00,8.52458333333,7.72489302711,737.910680784,  ,  ,2.30001143511,3.90001938997,94.7125,0.0,  ,  ,3.556,  ,  
2019-07-31 06:30:00,8.6,7.68705418118,737.910680784,  ,  ,1.69042507106,9.10004524327,93.9875,0.0,  ,  ,3.556,  ,  
2019-07-31 06:35:00,8.6,7.63495037305,737.910680784,  ,  ,1.60000795486,6.10003032791,93.6541666667,0.0,  ,  ,3.556,  ,  
2019-07-31 06:40:00,8.6,7.58137423832,737.910680784,  ,  ,2.47084561779,6.30003132226,93.3125,0.0,  ,  ,3.556,  ,  
2019-07-31 06:45:00,8.60791666667,7.58529832271,737.910680784,  ,  ,2.60001292665,8.30004126584,93.2875,0.0,  ,  ,3.556,  ,  
2019-07-31 06:50:00,8.68666666667,7.68826835396,737.965230724,  ,  ,2.86126422553,7.50003728841,93.4458333333,0.0,  ,  ,3.556,  ,  
2019-07-31 06:55:00,8.65208333333,7.65723375226,737.985686952,  ,  ,2.90001441819,6.50003231662,93.4666666667,0.0,  ,  ,3.556,  ,  
2019-07-31 07:00:00,8.6,7.65776584722,737.985686952,  ,  ,2.81293065189,8.0000397743,93.8,0.0,  ,  ,3.556,  ,  
2019-07-31 07:05:00,8.60666666667,7.81161059897,737.985686952,  ,  ,2.80001392101,4.60002287023,94.7458333333,0.0,  ,  ,3.556,  ,  
2019-07-31 07:10:00,8.6,7.76166908731,737.985686952,  ,  ,2.01626002437,6.50003231662,94.4666666667,0.0,  ,  ,3.556,  ,  
2019-07-31 07:15:00,8.6,7.84432789303,737.985686952,  ,  ,1.9000094464,5.80002883637,95.0,0.0,  ,  ,3.556,  ,  
2019-07-31 07:20:00,8.6,7.84432789303,737.985686952,  ,  ,2.07417697898,6.30003132226,95.0,0.0,  ,  ,3.556,  ,  
2019-07-31 07:25:00,8.67791666667,7.92176710631,737.985686952,  ,  ,2.10001044075,5.50002734483,95.0,0.0,  ,  ,3.556,  ,  
2019-07-31 07:30:00,8.69666666667,7.98161072923,737.985686952,  ,  ,1.83875914188,6.50003231662,95.2666666667,0.0,  ,  ,3.556,  ,  
2019-07-31 07:35:00,8.7,7.94371509129,737.931140424,  ,  ,1.80000894922,6.00002983073,95.0,0.0,  ,  ,3.556,  ,  
2019-07-31 07:40:00,8.7,7.94371509129,737.910680784,  ,  ,2.23542778068,5.60002784201,95.0,0.0,  ,  ,3.556,  ,  
2019-07-31 07:45:00,8.72791666667,7.97146063993,737.910680784,  ,  ,2.30001143511,5.50002734483,95.0,0.0,  ,  ,3.556,  ,  
2019-07-31 07:50:00,8.78666666667,8.02985046284,737.965254626,  ,  ,2.12584390253,7.1000352997,95.0,0.0,  ,  ,3.556,  ,  
2019-07-31 07:55:00,8.82,8.02486196184,737.985686952,  ,  ,2.10001044075,5.30002635048,94.7541666667,0.0,  ,  ,3.556,  ,  
2019-07-31 08:00:00,8.86458333333,8.10406123016,737.985686952,  ,  ,2.27417797334,7.30003629405,94.9791666667,0.0,  ,  ,3.556,  ,  
2019-07-31 08:05:00,8.91125,8.05327018699,738.094759517,  ,  ,2.30001143511,7.30003629405,94.3541666667,0.0,  ,  ,3.556,  ,  
2019-07-31 08:10:00,9.07125,8.15677199883,738.135699288,  ,  ,2.38709520141,8.10004027148,94.0,0.0,  ,  ,3.556,  ,  
2019-07-31 08:15:00,9.1,8.16963387842,738.135699288,  ,  ,2.40001193229,5.00002485894,93.9,0.0,  ,  ,3.556,  ,  
2019-07-31 08:20:00,9.20916666667,8.28843998691,738.135699288,  ,  ,2.312928166,7.00003480252,93.9666666667,0.0,  ,  ,3.556,  ,  
2019-07-31 08:25:00,9.31,8.39375492171,738.135699288,  ,  ,2.30001143511,4.80002386458,94.0,0.0,  ,  ,3.556,  ,  
2019-07-31 08:30:00,9.39458333333,8.47771181483,738.135699288,  ,  ,1.95167636994,6.10003032791,94.0,0.0,  ,  ,3.556,  ,  
2019-07-31 08:35:00,9.48791666667,8.54020198072,738.190276341,  ,  ,1.9000094464,7.50003728841,93.8083333333,0.0,  ,  ,3.556,  ,  
2019-07-31 08:40:00,9.47333333333,8.40525377501,738.210705456,  ,  ,2.24834451157,5.60002784201,93.0458333333,0.0,  ,  ,3.556,  ,  
2019-07-31 08:45:00,9.51125,8.47981382377,738.210705456,  ,  ,2.30001143511,4.50002237305,93.2791666667,0.0,  ,  ,3.556,  ,  
2019-07-31 08:50:00,9.63458333333,8.77549237021,738.265255396,  ,  ,1.69042507106,3.3000164069,94.3791666667,0.0,  ,  ,3.556,  ,  
2019-07-31 08:55:00,9.76791666667,8.79173560926,738.285711624,  ,  ,1.60000795486,5.10002535612,93.6416666667,0.0,  ,  ,3.556,  ,  
2019-07-31 09:00:00,9.78666666667,8.77407201391,738.285711624,  ,  ,1.60000795486,5.50002734483,93.4125,0.0,  ,  ,3.556,  ,  
2019-07-31 09:05:00,9.85458333333,8.86387442052,738.394811505,  ,  ,1.60000795486,4.80002386458,93.5541666667,0.0,  ,  ,3.556,  ,  
2019-07-31 09:10:00,9.93,8.7795450653,738.43572396,  ,  ,1.77417548745,6.50003231662,92.5541666667,0.0,  ,  ,3.556,  ,  
2019-07-31 09:15:00,9.99583333333,8.73978554826,738.43572396,  ,  ,1.80000894922,5.30002635048,91.9,0.0,  ,  ,3.556,  ,  
2019-07-31 09:20:00,10.0966666667,8.79657964774,738.490263733,  ,  ,2.23542778068,7.30003629405,91.6333333333,0.0,  ,  ,3.556,  ,  
2019-07-31 09:25:00,10.16125,8.8584667236,738.510730128,  ,  ,2.30001143511,6.10003032791,91.6208333333,0.0,  ,  ,3.556,  ,  
2019-07-31 09:30:00,10.2591666667,8.86547634093,738.510730128,  ,  ,2.12584390253,7.30003629405,91.0666666667,0.0,  ,  ,3.556,  ,  
2019-07-31 09:35:00,10.3933333333,9.03269788917,738.565280068,  ,  ,2.10001044075,6.50003231662,91.2791666667,0.0,  ,  ,3.556,  ,  
2019-07-31 09:40:00,10.46125,9.14991792511,738.585736296,  ,  ,1.83875914188,4.30002137869,91.5875,0.0,  ,  ,3.556,  ,  
2019-07-31 09:45:00,10.5591666667,9.27583804401,738.585736296,  ,  ,1.80000894922,5.10002535612,91.7666666667,0.0,  ,  ,3.556,  ,  
2019-07-31 09:50:00,10.60875,9.15123608519,738.694890401,  ,  ,1.88709271551,5.50002734483,90.7,0.0,  ,  ,3.556,  ,  
2019-07-31 09:55:00,10.6,9.14804256301,738.735748632,  ,  ,1.9000094464,5.80002883637,90.7333333333,0.0,  ,  ,3.556,  ,  
2019-07-31 10:00:00,10.65125,9.10363979923,738.735748632,  ,  ,2.24834451157,6.80003380816,90.1541666667,0.0,  ,  ,3.556,  ,  
2019-07-31 10:05:00,10.7545833333,9.12864259152,738.735748632,  ,  ,2.30001143511,6.00002983073,89.6875,0.0,  ,  ,3.556,  ,  
2019-07-31 10:10:00,10.8679166667,9.25911985681,738.735748632,  ,  ,2.56126273399,5.50002734483,89.8,0.0,  ,  ,3.556,  ,  
2019-07-31 10:15:00,10.9545833333,9.21169891924,738.735748632,  ,  ,2.60001292665,5.60002784201,89.0,0.0,  ,  ,3.556,  ,  
2019-07-31 10:20:00,11.0845833333,9.25195762539,738.844848513,  ,  ,1.9904265626,6.50003231662,88.475,0.0,  ,  ,3.556,  ,  
2019-07-31 10:25:00,11.1033333333,9.09670584796,738.885760968,  ,  ,1.9000094464,6.10003032791,87.4458333333,0.0,  ,  ,3.556,  ,  
2019-07-31 10:30:00,11.1679166667,9.36065046018,738.885760968,  ,  ,2.24834451157,6.6000328138,88.6333333333,0.0,  ,  ,3.556,  ,  
2019-07-31 10:35:00,11.2725,9.47490967275,738.994915073,  ,  ,2.30001143511,5.30002635048,88.7,0.0,  ,  ,3.556,  ,  
2019-07-31 10:40:00,11.4,9.46355457273,739.035773304,  ,  ,2.12584390253,6.30003132226,87.8875,0.0,  ,  ,3.556,  ,  
2019-07-31 10:45:00,11.4,9.40914215756,739.035773304,  ,  ,2.10001044075,5.00002485894,87.5666666667,0.0,  ,  ,3.556,  ,  
2019-07-31 10:50:00,11.4033333333,9.41454572312,739.199341423,  ,  ,1.92584290817,5.50002734483,87.5791666667,0.0,  ,  ,3.556,  ,  
2019-07-31 10:55:00,11.5291666667,9.45813459546,739.260791808,  ,  ,1.9000094464,6.30003132226,87.1083333333,0.0,  ,  ,3.556,  ,  
2019-07-31 11:00:00,11.66125,9.54522442107,739.260791808,  ,  ,2.07417697898,7.00003480252,86.8583333333,0.0,  ,  ,3.556,  ,  
2019-07-31 11:05:00,11.7479166667,9.88935686427,739.315338336,  ,  ,2.10001044075,5.30002635048,88.3791666667,0.0,  ,  ,3.556,  ,  
2019-07-31 11:10:00,11.7208333333,9.980514675,739.335797976,  ,  ,2.27417797334,6.30003132226,89.0791666667,0.0,  ,  ,3.556,  ,  
2019-07-31 11:15:00,11.5520833333,9.92335328152,739.335797976,  ,  ,2.30001143511,5.50002734483,89.7333333333,0.0,  ,  ,3.556,  ,  
2019-07-31 11:20:00,11.6158333333,9.88535339565,739.44493195,  ,  ,1.95167636994,7.30003629405,89.1291666667,0.0,  ,  ,3.556,  ,  
2019-07-31 11:25:00,11.73125,9.70315015253,739.485810312,  ,  ,1.9000094464,5.50002734483,87.3791666667,0.0,  ,  ,3.556,  ,  
2019-07-31 11:30:00,11.8879166667,9.79951773607,739.485810312,  ,  ,2.24834451157,5.80002883637,87.0416666667,0.0,  ,  ,3.556,  ,  
2019-07-31 11:35:00,12.0704166667,9.83024878174,739.594910193,  ,  ,2.30001143511,6.10003032791,86.1791666667,0.0,  ,  ,3.556,  ,  
2019-07-31 11:40:00,12.27125,9.97827328553,739.635822648,  ,  ,2.38709520141,5.30002635048,85.8958333333,0.0,  ,  ,3.556,  ,  
2019-07-31 11:45:00,12.3079166667,9.79533600408,739.635822648,  ,  ,2.40001193229,4.10002038433,84.6458333333,0.0,  ,  ,3.556,  ,  
2019-07-31 11:50:00,12.5125,9.96563584594,739.744976753,  ,  ,1.87750933453,5.80002883637,84.475,0.0,  ,  ,3.556,  ,  
2019-07-31 11:55:00,12.7304166667,10.0315820308,739.785834984,  ,  ,1.80000894922,6.00002983073,83.6458333333,0.0,  ,  ,3.556,  ,  
2019-07-31 12:00:00,12.93125,10.133865905,739.785834984,  ,  ,2.23542778068,6.30003132226,83.1208333333,0.0,  ,  ,3.556,  ,  
2019-07-31 12:05:00,13.1045833333,10.2597332173,739.785834984,  ,  ,2.30001143511,5.50002734483,82.8791666667,0.0,  ,  ,3.556,  ,  
2019-07-31 12:10:00,13.12125,10.3496664352,739.785834984,  ,  ,1.95167636994,4.80002386458,83.2875,0.0,  ,  ,3.556,  ,  
2019-07-31 12:15:00,13.26125,10.3320049154,739.785834984,  ,  ,1.9000094464,4.10002038433,82.4333333333,0.0,  ,  ,3.556,  ,  
2019-07-31 12:20:00,13.1716666667,10.4416789289,739.840384924,  ,  ,1.37750684864,6.30003132226,83.525,0.0,  ,  ,3.556,  ,  
2019-07-31 12:25:00,12.73625,10.3640537933,739.860841152,  ,  ,1.30000646332,6.50003231662,85.4916666667,0.0,  ,  ,3.556,  ,  
2019-07-31 12:30:00,12.6658333333,10.6433291918,739.860841152,  ,  ,1.99667659367,3.60001789844,87.5,0.0,  ,  ,3.556,  ,  
2019-07-31 12:35:00,12.8991666667,10.5246292276,739.969941033,  ,  ,2.10001044075,4.80002386458,85.4958333333,0.0,  ,  ,3.556,  ,  
2019-07-31 12:40:00,13.0845833333,10.5623575725,740.010853488,  ,  ,1.4904240767,5.30002635048,84.6791666667,0.0,  ,  ,3.556,  ,  
2019-07-31 12:45:00,13.1,10.4305400423,740.010853488,  ,  ,1.4000069605,5.00002485894,83.8541666667,0.0,  ,  ,3.556,  ,  
2019-07-31 12:50:00,13.2225,10.480179801,740.065403428,  ,  ,1.74834202568,4.80002386458,83.4625,0.0,  ,  ,3.556,  ,  
2019-07-31 12:55:00,13.4258333333,10.3158868875,740.085859656,  ,  ,1.80000894922,5.80002883637,81.4666666667,0.0,  ,  ,3.556,  ,  
2019-07-31 13:00:00,13.3495833333,10.2008710382,740.085859656,  ,  ,1.88709271551,8.30004126584,81.2458333333,0.0,  ,  ,3.556,  ,  
2019-07-31 13:05:00,13.1054166667,10.2085123006,740.194952711,  ,  ,1.9000094464,6.30003132226,82.5916666667,0.0,  ,  ,3.556,  ,  
2019-07-31 13:10:00,13.1,10.4566039374,740.235871992,  ,  ,2.50959581045,8.10004027148,84.0,0.0,  ,  ,3.556,  ,  
2019-07-31 13:15:00,13.1745833333,10.4055778188,740.235871992,  ,  ,2.60001292665,5.00002485894,83.3083333333,0.0,  ,  ,3.556,  ,  
2019-07-31 13:20:00,13.1320833333,10.1778133279,740.290408274,  ,  ,1.9904265626,6.80003380816,82.2791666667,0.0,  ,  ,3.556,  ,  
2019-07-31 13:25:00,13.07125,10.3591291232,740.31087816,  ,  ,1.9000094464,4.10002038433,83.6125,0.0,  ,  ,3.556,  ,  
2019-07-31 13:30:00,13.23125,10.4189306692,740.31087816,  ,  ,1.9000094464,5.10002535612,83.075,0.0,  ,  ,3.556,  ,  
2019-07-31 13:35:00,13.4904166667,10.5702630184,740.419978041,  ,  ,1.9000094464,3.3000164069,82.5125,0.0,  ,  ,3.556,  ,  
2019-07-31 13:40:00,13.7970833333,10.5739116702,740.460890496,  ,  ,1.37750684864,6.80003380816,80.9041666667,0.0,  ,  ,3.556,  ,  
2019-07-31 13:45:00,13.8320833333,10.1072293934,740.460890496,  ,  ,1.30000646332,7.60003778559,78.2458333333,0.0,  ,  ,3.556,  ,  
2019-07-31 13:50:00,13.7554166667,10.2794069711,740.624621654,  ,  ,2.17084412626,6.6000328138,79.5458333333,0.0,  ,  ,3.556,  ,  
2019-07-31 13:55:00,13.7079166667,10.4056803136,740.685909,  ,  ,2.30001143511,3.80001889279,80.4666666667,0.0,  ,  ,3.556,  ,  
2019-07-31 14:00:00,13.7766666667,10.3478785866,740.685909,  ,  ,1.95167636994,5.60002784201,79.8,0.0,  ,  ,3.556,  ,  
2019-07-31 14:05:00,13.8,10.1729721703,740.794988546,  ,  ,1.9000094464,5.60002784201,78.7541666667,0.0,  ,  ,3.556,  ,  
2019-07-31 14:10:00,13.8745833333,10.3551988907,740.835921336,  ,  ,1.8129256801,5.00002485894,79.3333333333,0.0,  ,  ,3.556,  ,  
2019-07-31 14:15:00,13.9679166667,10.5550955644,740.835921336,  ,  ,1.80000894922,5.10002535612,79.9125,0.0,  ,  ,3.556,  ,  
2019-07-31 14:20:00,13.95875,10.5563484152,740.945021217,  ,  ,1.45167388405,5.10002535612,79.9666666667,0.0,  ,  ,3.556,  ,  
2019-07-31 14:25:00,13.9,10.5826365615,740.985933672,  ,  ,1.4000069605,3.80001889279,80.4125,0.0,  ,  ,3.556,  ,  
2019-07-31 14:30:00,13.8720833333,10.5717799183,740.985933672,  ,  ,1.57417449309,4.60002287023,80.5,0.0,  ,  ,3.556,  ,  
2019-07-31 14:35:00,13.8,10.6400502504,741.095087777,  ,  ,1.60000795486,4.30002137869,81.2458333333,0.0,  ,  ,3.556,  ,  
2019-07-31 14:40:00,13.7320833333,10.6368583208,741.135946008,  ,  ,1.60000795486,5.80002883637,81.5875,0.0,  ,  ,3.556,  ,  
2019-07-31 14:45:00,13.6433333333,10.4826767042,741.135946008,  ,  ,1.60000795486,5.30002635048,81.2208333333,0.0,  ,  ,3.556,  ,  
2019-07-31 14:50:00,13.7,10.2670298785,741.245045889,  ,  ,2.03542678633,4.50002237305,79.7666666667,0.0,  ,  ,3.556,  ,  
2019-07-31 14:55:00,13.7779166667,10.3490947324,741.285958344,  ,  ,2.10001044075,7.00003480252,79.8,0.0,  ,  ,3.556,  ,  
2019-07-31 15:00:00,13.8333333333,10.3316135814,741.285958344,  ,  ,1.83875914188,6.30003132226,79.4208333333,0.0,  ,  ,3.556,  ,  
2019-07-31 15:05:00,13.81125,10.381525225,741.395031058,  ,  ,1.80000894922,5.60002784201,79.8,0.0,  ,  ,3.556,  ,  
2019-07-31 15:10:00,13.9179166667,10.3910269474,741.43597068,  ,  ,2.32251154698,5.30002635048,79.3,0.0,  ,  ,3.556,  ,  
2019-07-31 15:15:00,13.9554166667,10.5491928883,741.43597068,  ,  ,2.40001193229,4.30002137869,79.9458333333,0.0,  ,  ,3.556,  ,  
2019-07-31 15:20:00,13.8454166667,10.452309694,741.490506962,  ,  ,1.96459310083,5.80002883637,80.0,0.0,  ,  ,3.556,  ,  
2019-07-31 15:25:00,13.75875,10.2528048338,741.510976848,  ,  ,1.9000094464,6.30003132226,79.3875,0.0,  ,  ,3.556,  ,  
2019-07-31 15:30:00,13.7179166667,10.2844605503,741.510976848,  ,  ,2.50959581045,5.50002734483,79.7666666667,0.0,  ,  ,3.556,  ,  
2019-07-31 15:35:00,13.79,10.1846238264,741.620069941,  ,  ,2.60001292665,6.30003132226,78.8666666667,0.0,  ,  ,3.556,  ,  
2019-07-31 15:40:00,13.8166666667,10.0723419644,741.660989184,  ,  ,2.86126422553,5.30002635048,78.1416666667,0.0,  ,  ,3.556,  ,  
2019-07-31 15:45:00,13.8079166667,9.83749118887,741.660989184,  ,  ,2.90001441819,5.80002883637,76.9666666667,0.0,  ,  ,3.556,  ,  
2019-07-31 15:50:00,13.9591666667,9.77725724466,741.770068731,  ,  ,2.90001441819,6.6000328138,75.9083333333,0.0,  ,  ,3.556,  ,  
2019-07-31 15:55:00,14.2358333333,9.87820431203,741.81100152,  ,  ,2.90001441819,6.30003132226,75.0666666667,0.0,  ,  ,3.556,  ,  
2019-07-31 16:00:00,14.42125,9.88541632306,741.81100152,  ,  ,3.07418195077,8.30004126584,74.2083333333,0.0,  ,  ,3.556,  ,  
2019-07-31 16:05:00,14.3454166667,9.45836272534,741.974509002,  ,  ,3.10001541254,8.0000397743,72.4666666667,0.0,  ,  ,3.556,  ,  
2019-07-31 16:10:00,14.22,9.483300909,742.036020024,  ,  ,3.7096017766,7.1000352997,73.1791666667,0.0,  ,  ,3.556,  ,  
2019-07-31 16:15:00,14.2520833333,9.5294402025,742.036020024,  ,  ,3.80001889279,8.0000397743,73.2541666667,0.0,  ,  ,3.556,  ,  
2019-07-31 16:20:00,14.2,9.35950242232,742.090532703,  ,  ,3.19043252874,6.30003132226,72.6666666667,0.0,  ,  ,3.556,  ,  
2019-07-31 16:25:00,14.1820833333,9.26451512091,742.111026192,  ,  ,3.10001541254,6.10003032791,72.2875,0.0,  ,  ,3.556,  ,  
2019-07-31 16:30:00,14.11,9.43825272208,742.111026192,  ,  ,2.66459658108,5.10002535612,73.4791666667,0.0,  ,  ,3.556,  ,  
2019-07-31 16:35:00,14.2258333333,9.51601511377,742.111026192,  ,  ,2.60001292665,4.50002237305,73.3125,0.0,  ,  ,3.556,  ,  
2019-07-31 16:40:00,14.3845833333,9.58650599037,742.111026192,  ,  ,1.9904265626,5.10002535612,72.9083333333,0.0,  ,  ,3.556,  ,  
2019-07-31 16:45:00,14.4,9.49457821002,742.111026192,  ,  ,1.9000094464,6.50003231662,72.3875,0.0,  ,  ,3.556,  ,  
2019-07-31 16:50:00,14.31875,9.2978797906,742.27456423,  ,  ,2.50959581045,6.80003380816,71.8125,0.0,  ,  ,3.556,  ,  
2019-07-31 16:55:00,14.2320833333,9.10830693485,742.336044696,  ,  ,2.60001292665,6.30003132226,71.3,0.0,  ,  ,3.556,  ,  
2019-07-31 17:00:00,14.1766666667,9.19323931983,742.336044696,  ,  ,2.77418045924,5.60002784201,71.9666666667,0.0,  ,  ,3.556,  ,  
2019-07-31 17:05:00,14.19,9.01930295939,742.445042703,  ,  ,2.80001392101,5.80002883637,71.0666666667,0.0,  ,  ,3.556,  ,  
2019-07-31 17:10:00,14.2066666667,9.11163426324,742.486057032,  ,  ,2.62584638842,6.00002983073,71.4333333333,0.0,  ,  ,3.556,  ,  
2019-07-31 17:15:00,14.2033333333,9.21198061615,742.486057032,  ,  ,2.60001292665,4.60002287023,71.9333333333,0.0,  ,  ,3.556,  ,  
2019-07-31 17:20:00,14.12875,9.24146936374,742.540555755,  ,  ,2.42584539406,7.00003480252,72.425,0.0,  ,  ,3.556,  ,  
2019-07-31 17:25:00,14.1,9.33980694024,742.5610632,  ,  ,2.40001193229,6.00002983073,73.0416666667,0.0,  ,  ,3.556,  ,  
2019-07-31 17:30:00,14.16125,9.37923660353,742.5610632,  ,  ,2.74834699746,6.00002983073,72.9458333333,0.0,  ,  ,3.556,  ,  
2019-07-31 17:35:00,14.27,9.57377458092,742.61557588,  ,  ,2.80001392101,5.60002784201,73.3875,0.0,  ,  ,3.556,  ,  
2019-07-31 17:40:00,14.1454166667,9.50187890048,742.636069368,  ,  ,2.62584638842,4.30002137869,73.625,0.0,  ,  ,3.556,  ,  
2019-07-31 17:45:00,14.2191666667,9.44771735348,742.636069368,  ,  ,2.60001292665,5.00002485894,73.0083333333,0.0,  ,  ,3.556,  ,  
2019-07-31 17:50:00,14.3725,9.48440591781,742.690609141,  ,  ,1.72917526372,3.60001789844,72.4666666667,0.0,  ,  ,3.556,  ,  
2019-07-31 17:55:00,14.6258333333,9.4321771111,742.711075536,  ,  ,1.60000795486,5.10002535612,71.0416666667,0.0,  ,  ,3.556,  ,  
2019-07-31 18:00:00,14.73125,9.22128627314,742.711075536,  ,  ,1.77417548745,6.30003132226,69.5666666667,0.0,  ,  ,3.556,  ,  
2019-07-31 18:05:00,14.85125,9.61428062033,742.765588216,  ,  ,1.80000894922,3.80001889279,70.8791666667,0.0,  ,  ,3.556,  ,  
2019-07-31 18:10:00,15.0458333333,9.65197510467,742.786081704,  ,  ,2.0612602481,4.30002137869,70.175,0.0,  ,  ,3.556,  ,  
2019-07-31 18:15:00,15.0308333333,9.72586239005,742.786081704,  ,  ,2.10001044075,4.50002237305,70.5916666667,0.0,  ,  ,3.556,  ,  
2019-07-31 18:20:00,14.83875,9.57161287016,742.895107063,  ,  ,1.66459160929,4.50002237305,70.7333333333,0.0,  ,  ,3.556,  ,  
2019-07-31 18:25:00,14.7220833333,9.61334264973,742.93609404,  ,  ,1.60000795486,5.60002784201,71.4666666667,0.0,  ,  ,3.556,  ,  
2019-07-31 18:30:00,14.61875,9.50025546903,742.93609404,  ,  ,1.77417548745,3.90001938997,71.4,0.0,  ,  ,3.556,  ,  
2019-07-31 18:35:00,14.51875,9.43462414136,742.990633813,  ,  ,1.80000894922,3.3000164069,71.5458333333,0.0,  ,  ,3.556,  ,  
2019-07-31 18:40:00,14.4554166667,9.44037174659,743.011100208,  ,  ,1.01625505258,3.90001938997,71.8666666667,0.0,  ,  ,3.556,  ,  
2019-07-31 18:45:00,14.46,9.51106979571,743.011100208,  ,  ,0.900004474609,4.10002038433,72.1875,0.0,  ,  ,3.556,  ,  
2019-07-31 18:50:00,14.41,9.49819366559,743.120125567,  ,  ,1.0741720072,2.60001292665,72.3583333333,0.0,  ,  ,3.556,  ,  
2019-07-31 18:55:00,14.3633333333,9.67550447478,743.161112544,  ,  ,1.10000546897,2.60001292665,73.4458333333,0.0,  ,  ,3.556,  ,  
2019-07-31 19:00:00,14.34,9.81208968438,743.161112544,  ,  ,0.838754170087,1.80000894922,74.2333333333,0.0,  ,  ,3.556,  ,  
2019-07-31 19:05:00,14.3966666667,9.90691562936,743.215648826,  ,  ,0.80000397743,3.10001541254,74.4333333333,0.0,  ,  ,3.556,  ,  
2019-07-31 19:10:00,14.3754166667,9.86885282586,743.236118712,  ,  ,0.625836444844,2.10001044075,74.3458333333,0.0,  ,  ,3.556,  ,  
2019-07-31 19:15:00,14.2966666667,9.72753977584,743.236118712,  ,  ,0.600002983073,3.90001938997,74.0208333333,0.0,  ,  ,3.556,  ,  
2019-07-31 19:20:00,14.2054166667,9.71824019308,743.345116158,  ,  ,0.774170515659,3.80001889279,74.4125,0.0,  ,  ,3.556,  ,  
2019-07-31 19:25:00,14.27125,9.8259686258,743.386131048,  ,  ,0.80000397743,2.60001292665,74.6333333333,0.0,  ,  ,3.556,  ,  
2019-07-31 19:30:00,14.3545833333,9.97960283957,743.386131048,  ,  ,0.80000397743,1.60000795486,75.0,0.0,  ,  ,3.556,  ,  
2019-07-31 19:35:00,14.34875,9.9606823441,743.440643727,  ,  ,0.80000397743,2.90001441819,74.9333333333,0.0,  ,  ,3.556,  ,  
2019-07-31 19:40:00,14.23875,9.9100045438,743.461137216,  ,  ,0.625836444844,1.9000094464,75.2125,0.0,  ,  ,3.556,  ,  
2019-07-31 19:45:00,14.1654166667,10.0340278058,743.461137216,  ,  ,0.600002983073,1.80000894922,76.2,0.0,  ,  ,3.556,  ,  
2019-07-31 19:50:00,14.1,9.94048066478,743.515676989,  ,  ,0.600002983073,2.40001193229,76.0458333333,0.0,  ,  ,3.556,  ,  
2019-07-31 19:55:00,14.0554166667,9.85967690774,743.536143384,  ,  ,0.600002983073,3.3000164069,75.8541666667,0.0,  ,  ,3.556,  ,  
2019-07-31 20:00:00,14.0,9.83475737674,743.536143384,  ,  ,0.774170515659,2.10001044075,76.0,0.0,  ,  ,3.556,  ,  
2019-07-31 20:05:00,13.9766666667,10.031672855,743.536143384,  ,  ,0.80000397743,0.900004474609,77.125,0.0,  ,  ,3.556,  ,  
2019-07-31 20:10:00,13.90875,9.93920846074,743.536143384,  ,  ,0.103333847085,2.30001143511,76.9875,0.0,  ,  ,3.556,  ,  
2019-07-31 20:15:00,13.9,9.93315756275,743.536143384,  ,  ,0.0,2.10001044075,77.0,0.0,  ,  ,3.556,  ,  
2019-07-31 20:20:00,13.8320833333,10.0305844867,743.590656063,  ,  ,0.0,1.60000795486,77.8458333333,0.0,  ,  ,3.556,  ,  
2019-07-31 20:25:00,13.76875,9.99871729115,743.611149552,  ,  ,0.0,1.60000795486,78.0,0.0,  ,  ,3.556,  ,  
2019-07-31 20:30:00,13.7,9.93201297261,743.611149552,  ,  ,0.0,1.9000094464,78.0,0.0,  ,  ,3.556,  ,  
2019-07-31 20:35:00,13.6854166667,9.90509265076,743.665689325,  ,  ,0.0,3.40001690408,77.9333333333,0.0,  ,  ,3.556,  ,  
2019-07-31 20:40:00,13.6033333333,9.86610659249,743.68615572,  ,  ,0.522502597759,2.80001392101,78.1458333333,0.0,  ,  ,3.556,  ,  
2019-07-31 20:45:00,13.6,10.0189711424,743.68615572,  ,  ,0.600002983073,3.10001541254,78.9666666667,0.0,  ,  ,3.556,  ,  
2019-07-31 20:50:00,13.6,10.0229144586,743.795181079,  ,  ,0.774170515659,3.3000164069,78.9875,0.0,  ,  ,3.556,  ,  
2019-07-31 20:55:00,13.6,9.99608185239,743.836168056,  ,  ,0.80000397743,2.40001193229,78.8458333333,0.0,  ,  ,3.556,  ,  
2019-07-31 21:00:00,13.6,10.0252800094,743.836168056,  ,  ,0.80000397743,2.40001193229,79.0,0.0,  ,  ,3.556,  ,  
2019-07-31 21:05:00,13.5454166667,10.0414521887,743.836168056,  ,  ,0.80000397743,3.80001889279,79.3666666667,0.0,  ,  ,3.556,  ,  
2019-07-31 21:10:00,13.48875,10.0576015293,743.836168056,  ,  ,0.887087743724,2.60001292665,79.7458333333,0.0,  ,  ,3.556,  ,  
2019-07-31 21:15:00,13.41,10.0285506154,743.836168056,  ,  ,0.900004474609,2.60001292665,80.0,0.0,  ,  ,3.556,  ,  
2019-07-31 21:20:00,13.4645833333,10.0964674724,743.890619469,  ,  ,0.812920708316,2.60001292665,80.0791666667,0.0,  ,  ,3.556,  ,  
2019-07-31 21:25:00,13.5,10.2155862689,743.911174224,  ,  ,0.80000397743,2.80001392101,80.5333333333,0.0,  ,  ,3.556,  ,  
2019-07-31 21:30:00,13.4966666667,10.1813265658,743.911174224,  ,  ,0.80000397743,3.10001541254,80.3666666667,0.0,  ,  ,3.556,  ,  
2019-07-31 21:35:00,13.4866666667,10.2767949876,743.911174224,  ,  ,0.80000397743,3.3000164069,80.9333333333,0.0,  ,  ,3.556,  ,  
2019-07-31 21:40:00,13.4220833333,10.1273023356,743.911174224,  ,  ,0.887087743724,4.50002237305,80.4666666667,0.0,  ,  ,3.556,  ,  
2019-07-31 21:45:00,13.4,10.2046549802,743.911174224,  ,  ,0.900004474609,3.90001938997,81.0,0.0,  ,  ,3.556,  ,  
2019-07-31 21:50:00,13.3520833333,10.2829701412,743.965710506,  ,  ,1.24833953978,4.60002287023,81.6791666667,0.0,  ,  ,3.556,  ,  
2019-07-31 21:55:00,13.27875,10.3066203075,743.986180392,  ,  ,1.30000646332,4.50002237305,82.2,0.0,  ,  ,3.556,  ,  
2019-07-31 22:00:00,13.2033333333,10.326085886,743.986180392,  ,  ,1.5612577622,4.10002038433,82.7125,0.0,  ,  ,3.556,  ,  
2019-07-31 22:05:00,13.2,10.3928884908,744.095205751,  ,  ,1.60000795486,4.10002038433,83.1,0.0,  ,  ,3.556,  ,  
2019-07-31 22:10:00,13.1454166667,10.4316999902,744.136192728,  ,  ,1.33875665598,3.60001789844,83.6125,0.0,  ,  ,3.556,  ,  
2019-07-31 22:15:00,13.1,10.5063869155,744.136192728,  ,  ,1.30000646332,4.50002237305,84.2791666667,0.0,  ,  ,3.556,  ,  
2019-07-31 22:20:00,13.0175,10.5732364178,744.190705407,  ,  ,1.12583893074,4.50002237305,85.1125,0.0,  ,  ,3.556,  ,  
2019-07-31 22:25:00,12.9133333333,10.6755146631,744.211198896,  ,  ,1.10000546897,3.80001889279,86.2791666667,0.0,  ,  ,3.556,  ,  
2019-07-31 22:30:00,12.9,10.7874989658,744.211198896,  ,  ,1.27417300155,4.10002038433,87.0,0.0,  ,  ,3.556,  ,  
2019-07-31 22:35:00,12.8754166667,10.7633283294,744.26570139,  ,  ,1.30000646332,3.90001938997,87.0,0.0,  ,  ,3.556,  ,  
2019-07-31 22:40:00,12.8,10.7488169743,744.286205064,  ,  ,1.38709022962,4.10002038433,87.3458333333,0.0,  ,  ,3.556,  ,  
2019-07-31 22:45:00,12.7720833333,10.8335774507,744.286205064,  ,  ,1.4000069605,3.90001938997,88.0,0.0,  ,  ,3.556,  ,  
2019-07-31 22:50:00,12.71,10.7667535086,744.286205064,  ,  ,1.13875566162,3.80001889279,87.9666666667,0.0,  ,  ,3.556,  ,  
2019-07-31 22:55:00,12.7,10.7626054064,744.286205064,  ,  ,1.10000546897,4.10002038433,88.0,0.0,  ,  ,3.556,  ,  
2019-07-31 23:00:00,12.7,10.7205431621,744.286205064,  ,  ,1.36125676785,5.50002734483,87.7541666667,0.0,  ,  ,3.556,  ,  
2019-07-31 23:05:00,12.7,10.7533463336,744.340744837,  ,  ,1.4000069605,3.60001789844,87.9458333333,0.0,  ,  ,3.556,  ,  
2019-07-31 23:10:00,12.6220833333,10.5945607429,744.361211232,  ,  ,1.4000069605,5.00002485894,87.4666666667,0.0,  ,  ,3.556,  ,  
2019-07-31 23:15:00,12.6,10.6641465555,744.361211232,  ,  ,1.4000069605,3.60001789844,88.0,0.0,  ,  ,3.556,  ,  
2019-07-31 23:20:00,12.6,10.6641465555,744.415713726,  ,  ,1.13875566162,3.40001690408,88.0,0.0,  ,  ,3.556,  ,  
2019-07-31 23:25:00,12.5654166667,10.5388082174,744.4362174,  ,  ,1.10000546897,4.30002137869,87.4666666667,0.0,  ,  ,3.556,  ,  
2019-07-31 23:30:00,12.4420833333,10.5221582351,744.4362174,  ,  ,1.27417300155,3.80001889279,88.0791666667,0.0,  ,  ,3.556,  ,  
2019-07-31 23:35:00,12.4,10.6368659311,744.4362174,  ,  ,1.30000646332,4.50002237305,89.0,0.0,  ,  ,3.556,  ,  
2019-07-31 23:40:00,12.3254166667,10.5633303192,744.4362174,  ,  ,1.12583893074,3.3000164069,89.0,0.0,  ,  ,3.556,  ,  
2019-07-31 23:45:00,12.3545833333,10.5920872992,744.4362174,  ,  ,1.10000546897,4.50002237305,89.0,0.0,  ,  ,3.556,  ,  
2019-07-31 23:50:00,12.3933333333,10.6302929281,744.545296946,  ,  ,1.10000546897,5.00002485894,89.0,0.0,  ,  ,3.556,  ,  
  

    

