                   MONTHLY CLIMATOLOGICAL SUMMARY for  2018


NAME: Novozavidovsky, Tver's reg., Russia                  
ELEV: 459     LAT: 56-34.26 N    LONG: 036-25.80 E


                   TEMPERATURE (F), RAIN (.), WIND SPEED (/)

                                         HEAT   COOL         AVG
      MEAN                               DEG    DEG          WIND                   DOM
DAY   TEMP   HIGH   TIME    LOW   TIME   DAYS   DAYS   RAIN  SPEED   HIGH   TIME    DIR
---------------------------------------------------------------------------------------
 01
 02
 03
 04
 05
 06
 07
 08
 09
 10
 11
 12
 13
 14
 15
 16
 17
 18
 19
 20   44,2   46,2  13:46   38,8  23:57   37,4    0,0   0,00    2,9   10,3  13:57    250
 21   42,9   48,4  14:16   38,7  00:27   39,8    0,0   0,00    1,2    6,3  23:08    200
 22   42,6   49,8  14:37   35,2  06:30   40,2    0,0   0,00    6,6   22,4  19:40    203
 23   40,8   45,9  15:40   37,2  18:16   43,6    0,0   0,11    3,8   14,8  01:38    205
 24   38,1   39,9  13:27   36,3  07:40   48,4    0,0   0,11    3,4   19,2  04:00    115
 25   35,8   38,1  00:00   32,2  23:55   52,5    0,0   0,07    4,9   15,9  03:55    324
 26   34,6   38,8  14:00   32,0  00:10   54,8    0,0   0,01    3,8   14,5  10:30    260
 27
 28
 29
 30
 31
---------------------------------------------------------------------------------------
      44,2   49,8     22   32,0     26  316,7    0,0   0,30    2,9   22,4     22    250
    
