                   MONTHLY CLIMATOLOGICAL SUMMARY for  2018


NAME: Novozavidovsky, Tver's reg., Russia                  
ELEV: 140 meters    LAT: 56-34.26 N    LONG: 036-25.80 E


                   TEMPERATURE (C), RAIN (mm), WIND SPEED (m/s)

                                         HEAT   COOL         AVG
      MEAN                               DEG    DEG          WIND                   DOM
DAY   TEMP   HIGH   TIME    LOW   TIME   DAYS   DAYS   RAIN  SPEED   HIGH   TIME    DIR
---------------------------------------------------------------------------------------
 01
 02
 03
 04
 05
 06
 07
 08
 09
 10
 11
 12
 13
 14
 15
 16
 17
 18
 19
 20    6,8    7,9  13:46    3,8  23:57   20,8    0,0    0,0    1,3    4,6  13:57    250
 21    6,1    9,1  14:16    3,7  00:27   22,1    0,0    0,0    0,5    2,8  23:08    200
 22    5,9    9,9  14:37    1,8  06:30   22,4    0,0    0,0    3,0   10,0  19:40    203
 23    4,9    7,7  15:40    2,9  18:16   24,2    0,0    2,8    1,7    6,6  01:38    205
 24    3,4    4,4  13:27    2,4  07:40   26,9    0,0    2,8    1,5    8,6  04:00    115
 25    2,1    3,4  00:00    0,1  23:55   29,2    0,0    1,8    2,2    7,1  03:55    324
 26    1,4    3,8  14:00    0,0  00:10   30,5    0,0    0,3    1,7    6,5  10:30    258
 27
 28
 29
 30
 31
---------------------------------------------------------------------------------------
       6,8    9,9     22    0,0     26  176,0    0,0    7,6    1,3   10,0     22    250
    

