                   MONTHLY CLIMATOLOGICAL SUMMARY for  2018


NAME: Novozavidovsky, Tver's reg., Russia                  
ELEV: 140 meters    LAT: 56-34.26 N    LONG: 036-25.80 E


                   TEMPERATURE (C), RAIN (mm), WIND SPEED (m/s)

                                         HEAT   COOL         AVG
      MEAN                               DEG    DEG          WIND                   DOM
DAY   TEMP   HIGH   TIME    LOW   TIME   DAYS   DAYS   RAIN  SPEED   HIGH   TIME    DIR
---------------------------------------------------------------------------------------
 01    3,6    4,9  14:03    1,4  00:15   26,5    0,0    0,5    2,4    7,6  02:30    197
 02    5,3    6,1  15:33    4,5  02:16   23,5    0,0    0,0    2,0    6,5  12:20    196
 03    7,3    8,0  23:53    5,9  00:01   19,8    0,0    7,6    1,8    6,0  09:26    207
 04    5,3    8,1  11:31   -1,8  23:40   23,4    0,0    0,3    1,5    7,1  05:30    287
 05   -1,2    1,0  14:23   -3,1  04:30   35,2    0,0    0,0    0,6    3,3  10:00    204
 06   -0,4    1,3  14:24   -1,8  23:55   33,7    0,0    0,0    0,8    5,3  06:10    221
 07    2,1    3,9  20:23   -1,9  00:04   29,2    0,0    0,0    1,4    6,6  10:25    215
 08    2,5    3,4  00:00    2,1  20:58   28,6    0,0    0,5    0,3    3,1  03:30    309
 09    2,4    3,4  12:01    1,8  23:50   28,6    0,0    1,5    0,1    2,6  21:45    123
 10    1,4    1,8  00:05    1,1  23:53   30,5    0,0    0,0    1,3    7,0  22:45    104
 11   -1,4    1,1  00:00   -5,0  23:18   35,4    0,0    0,0    3,2   10,1  14:40    142
 12
 13
 14
 15
 16
 17
 18
 19
 20
 21
 22
 23
 24
 25
 26
 27
 28
 29
 30
---------------------------------------------------------------------------------------
       2,5    8,1     04   -5,0     11  314,3    0,0   10,4    1,4   10,1     11    190
    

